2.432564497e-01 -1.215646267e-01
2.296118587e-01 2.213835567e-01
-1.440957338e-01 2.507300973e-01
-1.146206632e-01 -1.481051147e-01
-1.159894317e-01 -1.458318979e-01
-1.031751037e-01 -1.401500851e-01
-1.346433014e-01 -1.518098265e-01
2.199857533e-01 3.187125921e-01
-1.337243468e-01 -1.520098895e-01
-1.392293572e-01 3.222726583e-01
-9.477823973e-02 -1.527909189e-01
3.183435202e-01 -1.305599064e-01
-1.311609447e-01 -1.447335035e-01
-1.534957290e-01 -1.451819092e-01
-1.312711984e-01 2.438680977e-01
3.129590750e-01 -1.064336076e-01
-9.982644022e-02 -9.760746360e-02
-1.092413664e-01 3.143130541e-01
2.434795350e-01 -1.072946861e-01
2.298508584e-01 -1.362129450e-01
-1.113061681e-01 3.255876303e-01
2.249388546e-01 2.277524471e-01
-9.383241832e-02 2.295380682e-01
-1.357783675e-01 -9.121014178e-02
-9.227085114e-02 -1.021470204e-01
-1.351471990e-01 2.073189914e-01
-1.456958354e-01 -1.528455019e-01
2.114437222e-01 -9.378080815e-02
3.335184753e-01 -9.144964814e-02
-1.008155122e-01 3.269973695e-01
-1.436239928e-01 -1.470912397e-01
-1.118177325e-01 3.192650974e-01
-1.396129727e-01 -1.324601769e-01
-1.100178212e-01 -1.452780962e-01
-1.290062517e-01 3.173666000e-01
-9.322213382e-02 -1.367127448e-01
-1.417357624e-01 -1.544411927e-01
2.375409603e-01 -1.069657952e-01
3.191061914e-01 -1.050341651e-01
-1.022526473e-01 -1.140151322e-01
-1.162198633e-01 2.123241574e-01
3.145809770e-01 -1.494861841e-01
-9.802761674e-02 -1.402355433e-01
-1.143759787e-01 2.422451824e-01
2.087157518e-01 3.142036200e-01
-1.471991688e-01 2.320674211e-01
-1.375167221e-01 -1.377310604e-01
-9.206615388e-02 -9.356424958e-02
-1.305252463e-01 -1.190905347e-01
-1.464014500e-01 -1.463553309e-01
-1.687436700e-01 -1.286535263e-01
-1.190856546e-01 2.344889641e-01
-1.384470016e-01 2.520659268e-01
-1.085744426e-01 -1.479096860e-01
-1.317143589e-01 2.275753468e-01
2.458025962e-01 -1.286636442e-01
2.418383211e-01 2.263728082e-01
-1.496672779e-01 -1.200454459e-01
3.388274014e-01 -1.559119374e-01
3.336212635e-01 2.561853528e-01
2.682652771e-01 -1.548942924e-01
2.261100709e-01 2.344732285e-01
-1.418560296e-01 -1.615242660e-01
-9.692333639e-02 -1.076994911e-01
-1.177360341e-01 -1.226055846e-01
-9.526258707e-02 -9.883870184e-02
-1.523744911e-01 -1.100062355e-01
2.463519126e-01 2.381765842e-01
-1.096602678e-01 -9.441995621e-02
-1.556202471e-01 2.472326905e-01
3.398452699e-01 -1.319724917e-01
2.465651333e-01 -9.675224125e-02
3.374218643e-01 -1.014515460e-01
-1.553084105e-01 -1.489656717e-01
-1.651278585e-01 2.251625806e-01
-1.656252295e-01 3.402386904e-01
-1.091263667e-01 -9.675817937e-02
3.199561536e-01 -1.049623713e-01
2.483790070e-01 -1.512901485e-01
-1.171627492e-01 -1.185294092e-01
-1.375824213e-01 2.470112890e-01
-1.155305728e-01 -1.580178291e-01
-1.426955014e-01 -9.211674333e-02
3.387743235e-01 -1.424763054e-01
2.523999512e-01 -1.608777940e-01
-1.416049302e-01 -9.488931298e-02
-9.213007241e-02 -9.221430123e-02
-1.130601615e-01 -1.367181987e-01
-1.171434745e-01 -1.655880362e-01
3.356529176e-01 -1.667801291e-01
-1.218106672e-01 -1.524815559e-01
-1.300773919e-01 -1.404433250e-01
-1.607851088e-01 -1.140047237e-01
-1.510938853e-01 2.534045577e-01
-1.474794447e-01 -1.369543076e-01
3.345880210e-01 -1.018797979e-01
-1.306179464e-01 -1.175815389e-01
-1.408037096e-01 -1.247295216e-01
2.212816179e-01 2.460296601e-01
-1.165627763e-01 -1.470613778e-01
3.258403540e-01 2.174204290e-01
-8.856029809e-02 -1.292966604e-01
2.411003560e-01 -1.512610167e-01
-1.320075095e-01 -1.090430319e-01
2.226895839e-01 -1.438306421e-01
-1.295845658e-01 -8.528356999e-02
-9.600578249e-02 -1.403359324e-01
-9.261666238e-02 -1.326467097e-01
-1.291398704e-01 -1.354459375e-01
-1.449730992e-01 -1.350094080e-01
2.338169515e-01 2.339571714e-01
-9.699574113e-02 -1.016888171e-01
3.163735867e-01 3.235111535e-01
-1.028447449e-01 -9.539533406e-02
2.407620996e-01 -1.043028980e-01
-1.239658520e-01 -1.371779889e-01
-1.040813699e-01 -8.930429816e-02
-1.256084889e-01 -1.453785747e-01
3.104596138e-01 2.323214412e-01
2.300765663e-01 3.180962801e-01
3.124859333e-01 3.071694672e-01
2.214479893e-01 -1.396726221e-01
2.034754902e-01 -1.510174423e-01
-1.327225864e-01 -9.749579430e-02
3.302694857e-01 3.191120327e-01
-9.767822176e-02 3.212398887e-01
-1.348082572e-01 2.036641538e-01
-1.160550639e-01 -9.589391202e-02
-1.344522089e-01 -1.253060848e-01
-1.142229661e-01 -1.439191252e-01
2.405241877e-01 -8.853857964e-02
3.116069436e-01 2.164179236e-01
-1.467495859e-01 -1.479510963e-01
-1.188856736e-01 -1.003089398e-01
-8.727712184e-02 -1.007650271e-01
-8.989091218e-02 3.177608848e-01
-9.728766978e-02 -1.323084682e-01
-9.224885702e-02 -1.391876340e-01
3.179943860e-01 2.212932855e-01
-9.900038689e-02 -1.281654090e-01
-1.400921345e-01 -9.582811594e-02
-1.340233833e-01 -1.279614270e-01
2.251217663e-01 -1.237174571e-01
-9.466753155e-02 3.236416280e-01
-1.403377354e-01 3.307571709e-01
2.626127601e-01 -1.456914842e-01
2.424478680e-01 -1.490866095e-01
3.440609276e-01 2.292009890e-01
3.459208608e-01 2.380884141e-01
-9.473290294e-02 -1.292396039e-01
-1.427396089e-01 2.385039777e-01
-1.583152562e-01 3.350017071e-01
-1.620822549e-01 2.339206189e-01
-1.274763942e-01 -1.190349236e-01
-1.157734469e-01 2.431901097e-01
-1.341393441e-01 -1.428807825e-01
-1.437263042e-01 2.515450120e-01
2.356959730e-01 -1.514115483e-01
-1.393281966e-01 2.404711396e-01
-1.144784167e-01 -9.212801605e-02
-1.149536744e-01 -1.204349473e-01
-9.428558499e-02 -1.160295978e-01
-1.554542482e-01 -9.430646151e-02
-1.630913615e-01 -1.468982846e-01
-9.729108214e-02 -1.077030227e-01
-1.429693103e-01 2.311503142e-01
-1.411198825e-01 -1.527330875e-01
-1.674339026e-01 -1.144376397e-01
-1.419135183e-01 -1.159574091e-01
-1.382492781e-01 2.432590574e-01
2.495211065e-01 2.380245030e-01
2.439197749e-01 -1.149138808e-01
-1.311853081e-01 -1.123526320e-01
-1.165866628e-01 -1.292237043e-01
-1.528865397e-01 2.458786815e-01
3.399731219e-01 -1.128299609e-01
-1.258249134e-01 -1.434604079e-01
3.393713236e-01 2.680692375e-01
-1.418079883e-01 -1.050426513e-01
-1.414221972e-01 -1.406288445e-01
2.432613075e-01 2.511170208e-01
-1.387435645e-01 -9.501164407e-02
-1.056040600e-01 -9.311982989e-02
-9.660229832e-02 3.434008062e-01
-1.012849137e-01 2.409878671e-01
-1.346231997e-01 2.439406663e-01
-1.169156358e-01 2.588948905e-01
-9.896629304e-02 -1.379003823e-01
2.485524267e-01 -1.109227538e-01
-1.316419244e-01 -1.669407040e-01
-1.453926861e-01 -1.236579791e-01
-1.160599515e-01 -1.167993098e-01
1.956845075e-01 -9.526755661e-02
2.126794457e-01 -1.343248039e-01
-1.217948347e-01 1.957167834e-01
3.070795536e-01 -1.235028282e-01
-9.573887289e-02 -1.216337681e-01
2.918344140e-01 1.922146082e-01
1.947587729e-01 -1.233606339e-01
-1.255943179e-01 -8.917475492e-02
-1.276813596e-01 -1.166778207e-01
1.936455369e-01 -9.312181920e-02
2.923593521e-01 -1.244729757e-01
-8.319104463e-02 1.928905398e-01
1.776919961e-01 2.055096626e-01
-1.151566878e-01 -1.277978122e-01
1.955006719e-01 -1.263047457e-01
-1.044631153e-01 2.941369116e-01
-1.025728881e-01 -9.284150600e-02
2.870770395e-01 -1.054194793e-01
-1.357860565e-01 2.979531586e-01
-1.190930083e-01 -1.349887997e-01
-1.138956025e-01 2.971516550e-01
-1.340239793e-01 -1.159342080e-01
-8.642736077e-02 -1.360975802e-01
-1.221918091e-01 2.969593108e-01
-8.557466418e-02 -1.073164493e-01
-1.308551282e-01 -1.271443516e-01
-1.282323152e-01 -1.244928613e-01
-1.196698919e-01 2.913065553e-01
-9.538207203e-02 2.967320979e-01
-9.543316066e-02 -9.203848243e-02
-1.314018816e-01 -1.303487718e-01
3.016935289e-01 -1.044319868e-01
1.680033803e-01 2.017629147e-01
2.941155434e-01 1.897221804e-01
2.045408934e-01 2.945111990e-01
-8.493228257e-02 -1.407956630e-01
2.142564505e-01 -1.353994608e-01
2.074333578e-01 2.823298872e-01
2.930216789e-01 2.804229259e-01
2.946003675e-01 -9.538333118e-02
-1.051612869e-01 -1.178736836e-01
-8.231858164e-02 -1.226104870e-01
-9.320720285e-02 2.194116861e-01
-1.045267656e-01 2.015020400e-01
-1.254320741e-01 -1.012167186e-01
-1.409236044e-01 -1.217519194e-01
-1.338162273e-01 1.848529279e-01
2.930909097e-01 3.108313382e-01
2.542815208e-01 3.287679553e-01
-1.414839029e-01 2.387214601e-01
-1.409407854e-01 -1.462387145e-01
-1.034559682e-01 2.470211834e-01
-1.091082320e-01 -1.371429563e-01
-1.115792319e-01 -1.452826262e-01
2.546894848e-01 -1.326472610e-01
-1.340818256e-01 -1.077610552e-01
-1.373524666e-01 -1.345341951e-01
-1.469952613e-01 -1.153915748e-01
-1.033123061e-01 2.380945385e-01
-9.987390041e-02 -1.351013035e-01
2.475696355e-01 -1.358723938e-01
-1.344330311e-01 -1.410888284e-01
-1.435203850e-01 -1.474090666e-01
3.227833509e-01 -1.133923754e-01
-1.087200418e-01 -1.122209653e-01
3.334116042e-01 3.271858692e-01
-1.481227577e-01 -1.149583086e-01
-1.419138461e-01 2.376781553e-01
3.254887462e-01 -1.168853566e-01
-1.453874409e-01 -1.373289526e-01
-9.970500320e-02 2.396937162e-01
-1.412170529e-01 -1.118255034e-01
-9.825136513e-02 3.307180703e-01
-1.428882778e-01 2.446400821e-01
-1.357025951e-01 -1.314355880e-01
-1.392088532e-01 -1.026753783e-01
-1.139254197e-01 -1.149745286e-01
3.220763803e-01 -1.122714579e-01
2.451916039e-01 2.522102594e-01
-1.008765548e-01 -1.091404557e-01
2.523284256e-01 -1.384238750e-01
-1.009997278e-01 -1.379794180e-01
-1.460945755e-01 -1.136040539e-01
-9.880735725e-02 2.439354509e-01
-1.348335594e-01 2.439703643e-01
-1.497585028e-01 3.314931691e-01
-1.151777878e-01 3.248870671e-01
-1.157033294e-01 -1.064397246e-01
3.263027370e-01 -1.407715380e-01
-9.934164584e-02 -1.336261332e-01
-1.115560308e-01 -1.416534930e-01
-1.101131141e-01 -1.480060965e-01
-1.345774680e-01 -1.075275540e-01
2.360406220e-01 -1.451522857e-01
2.409039736e-01 2.357356250e-01
-1.025772691e-01 -1.170682535e-01
-1.436211914e-01 -1.064925194e-01
-1.362501234e-01 2.401137948e-01
2.528392673e-01 -1.267691702e-01
-9.695692360e-02 -1.515553445e-01
-1.055887863e-01 -1.517741382e-01
3.275889754e-01 2.496565729e-01
-1.371501833e-01 -1.531551629e-01
-1.551275700e-01 -1.130358875e-01
-1.512597650e-01 2.329063416e-01
2.503222227e-01 3.277533054e-01
-1.087022275e-01 2.272743732e-01
-1.243952364e-01 -1.460967809e-01
-1.446576267e-01 2.499399185e-01
2.329146117e-01 2.274662554e-01
-1.359553486e-01 -1.404604763e-01
-1.135805845e-01 -1.082756519e-01
-1.078445241e-01 3.352745473e-01
-1.059473902e-01 -1.141308621e-01
-1.444284469e-01 -1.097361594e-01
2.252356857e-01 -1.545728147e-01
-1.176671460e-01 -1.029019579e-01
2.364380956e-01 -1.574715227e-01
-1.136406735e-01 -1.378614902e-01
2.448092550e-01 -9.143754840e-02
-1.142326370e-01 -1.034255326e-01
2.405213714e-01 -1.429765821e-01
-1.362927109e-01 -1.519078612e-01
2.425296605e-01 -1.096571758e-01
-1.006576642e-01 -9.173709154e-02
-1.198839396e-01 -9.852495044e-02
2.247306854e-01 -1.364391148e-01
-9.726408869e-02 -1.187985167e-01
-1.442943811e-01 2.371324003e-01
-9.513217956e-02 -1.360506266e-01
2.594147027e-01 -1.015723348e-01
-1.147859469e-01 -1.418221146e-01
-1.427465677e-01 -1.448724270e-01
2.530196011e-01 -1.048362404e-01
-1.005148143e-01 -1.041078866e-01
3.368521631e-01 -1.028347984e-01
3.240862787e-01 2.450738400e-01
-1.241918430e-01 2.283179015e-01
3.373256922e-01 -1.275904626e-01
3.245755136e-01 -1.434452683e-01
-1.430120468e-01 -1.155110002e-01
2.296991646e-01 2.349565476e-01
2.437618226e-01 2.445418984e-01
-1.104561836e-01 -9.377311915e-02
-1.481205672e-01 -9.953254461e-02
-1.399687976e-01 -1.491069496e-01
-1.409880668e-01 -1.417183727e-01
-1.004636213e-01 -1.404769272e-01
-1.068917364e-01 -1.511944830e-01
-1.128081381e-01 2.500118613e-01
-1.442958266e-01 2.461587936e-01
2.393469512e-01 -1.060362384e-01
2.475756258e-01 -1.461391747e-01
2.489868253e-01 -1.171571612e-01
-1.126194671e-01 -1.350390166e-01
-1.177421734e-01 2.382073104e-01
-1.448452324e-01 -1.360386908e-01
-1.466616094e-01 2.385571003e-01
2.626250386e-01 -1.425926536e-01
-1.093036905e-01 3.354730904e-01
3.352753520e-01 -1.130668297e-01
-1.129034832e-01 -1.116773635e-01
2.519249618e-01 3.426474929e-01
-1.533742696e-01 2.340154201e-01
3.284032345e-01 -1.115318760e-01
2.422373593e-01 -1.500161290e-01
-1.155844629e-01 -1.428808570e-01
-1.548241079e-01 -1.093896553e-01
-1.176763251e-01 -1.075920984e-01
2.404851615e-01 -1.364576817e-01
2.580596209e-01 2.485105842e-01
-1.406721622e-01 -1.130060181e-01
-1.135042310e-01 -1.085669994e-01
-1.116372943e-01 -1.112125814e-01
-1.555776894e-01 -1.365742981e-01
-9.849503636e-02 3.403622806e-01
2.614434361e-01 -1.462567598e-01
-9.757598490e-02 2.634683251e-01
-1.448725760e-01 -1.110019237e-01
-1.172034889e-01 2.420955300e-01
-1.438473016e-01 2.484585345e-01
-1.489978582e-01 -1.118185967e-01
-1.114168167e-01 -1.100564003e-01
-1.139373258e-01 -1.057768464e-01
-1.132883728e-01 -1.418390274e-01
-1.175132990e-01 2.394392192e-01
-1.137930304e-01 -1.376361847e-01
3.324806392e-01 2.542072237e-01
2.466315329e-01 3.307985663e-01
2.391518354e-01 -1.586137265e-01
-1.455714554e-01 -1.430645138e-01
-1.118613780e-01 -1.113984063e-01
-2.261270583e-02 1.019162312e-01
3.454369493e-03 -1.227021031e-02
-2.813481092e-01 1.980086714e-01
-4.114685580e-02 5.402211845e-02
