0.01206534 0.00007835
-0.00229141 0.00387269
-0.00882849 -0.01527650
-0.01058432 -0.00223687
-0.01484755 0.00612154
0.00005524 -0.01908901
0.01006232 0.00435368
-0.01737023 0.00525740
-0.00039226 -0.01182716
0.00030007 -0.00450205
-0.00908920 0.00677924
-0.01186796 -0.00604597
-0.00404046 -0.00702511
-0.01460405 0.00810842
0.01030814 -0.00161449
-0.00782319 0.00584244
0.00233791 -0.01120392
-0.01115026 -0.01540572
-0.00134919 0.00250816
-0.00797475 -0.00138537
0.00433428 0.00740930
-0.01134480 -0.01970704
-0.00951407 0.01174718
-0.00385454 0.00162533
-0.00201433 -0.00755111
0.00333984 -0.00146753
0.01088027 -0.01075414
0.00882980 -0.02276042
0.00015181 0.00532238
0.01505411 0.03614917
0.01688677 0.01882684
0.00853055 -0.01856646
-0.02090922 -0.01934403
-0.00884855 -0.01593709
-0.00526229 -0.01461528
-0.01533279 -0.00792427
0.02203979 -0.00794751
0.00311907 -0.00681710
0.00336824 -0.00845685
-0.00158973 0.01043859
-0.01159636 0.00651789
0.00435781 -0.00615688
0.00173237 -0.00306901
0.01165706 0.00736389
-0.00086090 0.00039889
0.00872638 -0.01611088
-0.00644226 -0.00591000
0.00738175 0.01628833
-0.00688744 0.02213514
-0.02539721 -0.00609815
0.00244984 -0.00861247
-0.00170097 -0.00398992
-0.00791835 -0.00638768
-0.00704430 -0.01946770
-0.00863549 -0.00133354
0.00652502 -0.00149665
0.01182861 -0.01663271
-0.00036007 0.00428930
-0.00448237 -0.00572586
0.00291078 -0.01209590
-0.00424906 -0.00494110
-0.01298438 -0.00190627
-0.00522515 0.00108835
-0.00288774 0.00429395
0.00166218 0.01022527
-0.00046679 -0.00834604
0.00793206 0.00008434
-0.00320361 0.01375096
-0.00951782 -0.00174973
0.00708682 -0.01525204
-0.01222650 -0.00574673
-0.01410988 -0.01240072
-0.00177524 -0.01665963
0.00164007 -0.00491381
0.00575014 0.00598290
-0.00918857 -0.00166797
-0.01228475 -0.01336389
0.00972957 -0.01159870
0.00284822 0.00541176
0.01305207 0.00571456
-0.00387212 0.00564149
-0.00412946 -0.00951334
0.00503584 -0.00637884
-0.00078140 0.00195011
-0.01711865 -0.00688346
-0.00709678 -0.00544401
-0.00759826 -0.00400321
-0.00066720 0.00807187
-0.01541976 -0.01517082
-0.00927520 -0.00144070
-0.02035187 -0.01428094
0.01194076 -0.00731103
-0.00288797 -0.01351651
-0.02224429 -0.00427306
-0.00658036 0.00592786
0.00523788 -0.01457226
-0.01131267 -0.00739705
0.01327523 0.00810179
-0.00239049 0.00641179
0.00269930 0.00065162
0.00477486 0.00230991
-0.01238450 -0.01991461
0.00187743 -0.00983073
-0.00720782 -0.02583845
-0.01302917 0.00084708
-0.00118793 0.00247339
-0.00981360 0.00203390
0.01999401 0.00386873
-0.01500474 0.00467422
0.00404649 -0.00296470
0.01215221 -0.00235962
0.01404926 -0.01454782
0.00990314 0.00000672
0.00685728 0.00131624
-0.00770519 -0.00651131
0.01196761 -0.00626823
-0.00902538 -0.00378484
0.00152770 -0.00898560
0.00270086 -0.00088848
-0.00163130 -0.00149083
-0.00779991 -0.00674589
-0.00623138 0.02114304
0.00573496 -0.00195987
0.00769945 0.00482100
-0.01450373 -0.00077470
-0.00352679 -0.00291764
-0.00490731 0.00369501
0.00351814 0.01467456
-0.00565686 0.00251756
-0.00019298 0.00727083
-0.01753527 -0.00289656
-0.00884799 -0.00899446
-0.01586047 -0.00690311
-0.00356584 -0.00776323
-0.00222272 0.00864857
0.00048274 0.01249371
0.00462143 0.00900452
-0.00107165 0.00493438
-0.01205616 -0.00282037
-0.01305938 -0.01392884
0.01820998 -0.00235726
-0.00884075 -0.00717311
0.00262463 -0.00065734
0.00303490 0.01636794
-0.00774984 -0.00608173
-0.01342446 -0.01650901
0.00570440 0.00308181
-0.00433632 -0.01071254
0.01689930 0.02118200
-0.01807450 0.00695946
0.01014788 0.00088308
-0.01332236 0.00586146
0.01113382 -0.00623993
0.00424914 0.00346462
0.00206686 -0.00193903
-0.00766790 -0.01039987
-0.00921609 -0.00984399
-0.01079623 -0.01026477
-0.01012577 -0.00017982
-0.00488252 -0.02121962
0.00843577 -0.01266737
0.01106492 0.00158996
-0.01483585 -0.00266725
0.00170277 -0.01167235
-0.01111941 0.00702780
-0.00309094 0.00840943
0.01358104 -0.01406530
0.01678836 -0.01393929
-0.01602531 0.01183617
-0.00596638 -0.00564263
-0.01024457 0.00252434
0.00525428 -0.00599213
0.01180799 0.00534526
-0.00420265 0.00813422
0.01153426 0.00986416
-0.00860044 0.00810230
-0.01480560 0.00532010
0.01083500 -0.01634702
0.00457509 -0.00418281
-0.00169326 -0.00822355
-0.00065274 -0.00159256
0.00113077 0.00225138
-0.00878287 -0.02300824
0.00450249 -0.00470663
-0.00854198 0.02308821
-0.00488371 -0.00951110
-0.00060603 -0.01629782
0.01379661 -0.00296784
-0.00466248 -0.00819957
-0.00856025 -0.02247218
0.00702322 -0.00234738
-0.00648622 -0.00459659
-0.00123215 -0.00377797
-0.00321411 0.00249972
0.00732786 -0.01008469
0.00301552 -0.00455227
-0.00471327 0.00636000
-0.01018289 -0.01501277
-0.01474818 -0.01083978
0.00074057 -0.00445950
-0.00001253 -0.00776140
-0.00884231 -0.00780611
-0.00141209 -0.00660036
0.01073494 0.02005665
-0.01222508 0.00302236
0.00642009 0.00617213
-0.00214946 -0.01994245
0.00029587 -0.00284632
0.00407979 0.00247116
-0.01072412 -0.01335671
-0.00445983 -0.01873171
-0.01880162 0.00453536
0.00635018 0.00202752
0.00798169 0.01110440
-0.00400509 -0.00418274
-0.00117828 -0.01429814
0.02247586 0.01788563
0.00810162 0.00724907
0.00704283 -0.00465407
0.00816808 -0.00797772
-0.01418890 -0.00528132
-0.00420989 -0.00270198
0.00094666 -0.00801325
-0.00149378 -0.01498503
0.00026813 -0.00673800
0.01413280 0.00776557
0.00196201 0.01767359
0.00046170 -0.00220021
0.00245465 -0.01335150
-0.00697810 -0.00240440
0.00941458 0.00383987
-0.00173989 0.00365725
0.00485905 0.00094005
-0.00073080 0.00530340
-0.00570666 0.00486752
0.01445163 0.00242183
0.00493184 0.00240068
-0.00982965 0.01179057
0.00399750 -0.00945758
0.00097948 0.01265855
0.00180829 0.00153218
-0.00460246 -0.00003873
-0.00762193 0.00631366
-0.01070557 -0.00765472
0.00728079 0.00105258
0.00591816 0.00383587
-0.01368521 -0.00734159
-0.00748415 -0.01021660
-0.01647997 0.00051033
0.00383764 -0.00488377
0.00168086 -0.00433569
-0.00381831 0.00582189
0.00642435 0.00042254
-0.00550895 -0.00521772
0.00012752 0.00700427
0.01031741 -0.01017930
-0.01491981 0.00404316
0.00275285 -0.00355397
0.00352515 0.01144526
-0.01253526 0.00834073
-0.00198785 -0.00579366
-0.00219550 0.00297193
0.00937483 0.00027140
0.00394817 -0.00659185
-0.00106830 -0.00953621
-0.00224226 0.00694454
-0.00066340 0.01367996
-0.00673921 -0.00301896
-0.00075661 0.01258134
-0.00792317 0.00520699
0.00371755 0.01058153
-0.00175697 0.00808370
-0.00773612 -0.00571362
0.01890782 0.00847155
-0.01059239 0.00832899
-0.00081270 -0.00396800
0.00876911 -0.00799266
-0.00462383 0.00840363
0.00091361 -0.00761282
-0.00974101 0.00669388
0.00689895 -0.00425412
0.00015278 -0.00771646
-0.00363419 -0.00289419
-0.00196462 0.00172910
-0.00223010 -0.00266185
-0.00895055 -0.00592798
0.00947066 -0.01123898
-0.00072458 0.00421284
0.00395993 -0.00193216
0.01138500 0.00007022
0.00053753 0.00650894
-0.00051740 -0.00371068
-0.00234457 0.00490739
0.00403469 -0.00011216
0.00941320 0.00399291
0.00153968 -0.00376469
0.00546221 -0.00352374
-0.00342785 -0.00125332
0.00690255 -0.00181273
-0.00493424 0.00165613
-0.00811397 -0.00471189
0.00649685 0.00274516
-0.00238177 -0.00427689
0.00265987 -0.00620128
-0.01168230 -0.00245528
0.01145777 0.00496582
0.00162411 -0.00102186
0.00276198 -0.00341322
-0.01302036 0.00756275
0.00006947 0.00807793
0.00924576 -0.00447494
-0.00013638 0.00499470
-0.00286336 -0.00423482
-0.00135972 0.00321870
0.00333305 -0.00434265
0.00492625 -0.00766837
-0.00980359 0.01024151
-0.00368145 -0.00060029
0.00430907 -0.00037828
0.00516112 -0.00438031
-0.00513246 0.00267390
0.00191566 -0.01092004
-0.00121735 0.01445823
0.01005326 0.00031114
-0.00499354 -0.00104977
0.00795505 0.00022858
0.00280338 -0.00053991
-0.00663763 -0.00252193
-0.00201115 0.00892270
-0.00009932 -0.00971464
0.00760223 0.01735269
0.00263914 -0.00635322
-0.00257064 0.01675467
0.02590633 0.00001786
-0.00263642 0.00987045
-0.00019470 -0.00313057
-0.00048658 0.01626706
-0.00094670 -0.00437943
-0.00013154 0.00341517
-0.00070666 -0.00459061
0.00385577 0.00392808
-0.00592405 -0.00353374
-0.01488487 0.01376588
0.01570100 -0.00042951
0.00324734 -0.00680870
-0.00253963 0.00434831
0.00063572 0.00043266
0.00908653 0.00542458
0.00012909 0.00978238
0.00587312 -0.00617939
-0.00703425 0.00229375
0.00510789 0.00763695
0.01017766 0.01137260
0.01553895 -0.00090587
0.00331137 0.00069867
-0.00281773 0.00577982
-0.00025301 -0.00240728
0.00882091 -0.00038463
0.00010959 0.00633568
0.00322392 0.00536567
-0.00635161 0.00510290
0.00569598 0.01154058
0.01719626 0.00585035
0.00353653 0.00138453
-0.00045504 -0.01197620
0.01790858 -0.00012960
-0.00578604 -0.00592689
-0.00370013 0.00375843
-0.01122096 -0.00212859
-0.00501141 0.00677699
0.00141755 -0.01240890
-0.00644797 0.00151138
-0.00733711 0.01129406
0.00504133 0.00817748
-0.00776139 -0.01224701
-0.00172762 -0.00167381
0.00421387 0.00329268
0.00300891 0.01271933
-0.00826889 -0.00584892
0.00196032 -0.00627903
0.00726887 -0.00325489
0.00337052 0.01011318
0.01036369 0.01252359
0.00388529 0.00094520
-0.00657501 -0.00540696
-0.00281786 0.00551048
0.02022143 -0.00512581
-0.00839654 -0.01084881
-0.00249469 0.00414697
0.00909487 0.00667278
-0.00065858 -0.00741711
-0.00090949 -0.00394799
-0.01881698 0.00049213
0.00000152 0.00267351
0.00067467 -0.00023947
-0.00939969 0.00460838
-0.00294701 -0.00378511
-0.01298233 -0.00533137
-0.00065530 -0.00850711
-0.01257951 -0.00037009
0.00093712 0.00696127
0.00836738 0.00330292
-0.01256518 -0.00120127
0.00115696 -0.00812458
0.00262216 -0.00203718
-0.00220670 -0.00150543
-0.00606698 -0.00099244
-0.00549348 0.00090203
-0.01050656 0.00136832
0.00536779 -0.01015210
0.00004252 0.00012062
0.00121998 0.00451118
-0.00592160 -0.00618439
0.00603213 0.00871596
-0.00247342 -0.01737438
0.01359302 -0.00509282
0.00514058 0.01251910
0.00734037 0.00041388
0.00720991 -0.00601913
0.01190331 0.00657933
-0.00186064 0.00025945
0.00905131 0.00267668
0.00106189 -0.00539761
-0.00091666 -0.00828894
0.01239792 0.01416753
-0.00662390 0.00376353
0.00289391 0.00063031
0.00304178 0.01854436
0.01942943 0.00355610
0.00055721 0.00560486
-0.00326865 -0.01271687
0.00418722 -0.00948137
-0.00190882 0.01573726
0.01410957 0.00782855
-0.00093174 0.00101674
-0.01334499 -0.00605910
-0.00302855 -0.00621456
0.00200604 -0.00321410
0.00183320 0.00050701
0.00377002 -0.00665405
-0.00129276 -0.00453339
-0.00727760 -0.00002619
-0.00393432 0.00288082
-0.00417098 0.00807260
0.00976148 0.00527124
-0.00383506 -0.00434171
-0.00484308 -0.00195504
0.00166899 -0.00345022
-0.00962507 -0.00703361
0.00710599 0.00048402
-0.00412468 0.00136591
-0.01013542 -0.00564305
0.00973842 0.00155853
0.00204560 0.00579188
0.01619047 -0.00210387
-0.00317250 0.00405497
-0.00409603 0.00389557
0.00224330 0.00017631
0.01030826 0.00140709
0.01093901 0.00375961
-0.00473515 -0.00226262
0.00006742 -0.00204143
0.00664401 0.00511003
0.00619826 -0.00029507
-0.00212954 0.00042764
-0.00196081 -0.00306231
0.01301648 0.00804935
0.00222412 0.00382286
-0.00656297 -0.00403236
-0.00455087 -0.00152020
-0.00286694 0.00227110
0.00306534 0.00881390
-0.00707085 0.02067559
0.00318513 0.00033902
0.00624990 -0.00219855
-0.00365033 0.00075947
0.00849283 -0.00078037
0.00469006 -0.00550279
-0.00374271 -0.00117213
0.00154149 0.00638272
-0.00094628 0.00071490
0.00052638 -0.00665656
0.00006909 -0.00810426
-0.00119278 -0.00495942
0.00464996 -0.00114930
-0.00818950 -0.00680414
0.00215065 -0.00858868
0.00472070 0.00406188
0.00398258 -0.00271804
0.00834465 0.00622952
-0.00791114 -0.00217696
-0.00320763 0.00006184
-0.00447742 0.00529841
0.01018813 -0.00553479
-0.00131894 -0.00112854
0.00857435 0.01308010
0.00191890 -0.00039136
0.00304528 -0.00113708
-0.01125646 0.00321338
-0.00432557 -0.01102517
-0.00761397 -0.00296633
0.00286297 0.00756219
0.00236501 -0.00505134
0.00598529 0.00959745
0.00536650 -0.00913926
0.00894239 -0.01073218
-0.01080273 0.00581926
0.00691211 -0.00847893
0.00435710 0.00871381
0.00279866 -0.00812772
-0.00310269 -0.00237674
-0.00021959 0.00655775
0.00218278 0.00133415
0.00037348 0.00589497
0.00756304 -0.00088691
0.00224145 -0.00405289
0.00512489 -0.00124425
-0.00547463 -0.00011984
0.00100743 0.00329235
-0.00737299 0.00890880
0.00417285 0.00373878
0.00339904 -0.00663162
-0.00881469 0.00839674
0.01103487 0.00335760
0.00420950 0.01451325
-0.00670306 0.00246542
-0.00041306 0.01574960
0.00188290 0.00173946
0.00825663 0.00302012
-0.00715028 -0.00350454
0.00280458 0.00430563
0.00278386 0.01113105
-0.00179804 0.00188800
0.01014889 -0.00374533
-0.00123546 -0.00038313
0.00095763 -0.00489258
0.01049616 0.00023621
0.00253776 -0.00853926
-0.00480868 0.00136907
-0.00065277 -0.01134027
0.01070241 0.00273526
-0.00731410 -0.01830187
-0.00248782 0.01241191
-0.00214628 0.00177124
0.00229772 0.00611944
0.01168853 -0.00553397
0.00632609 -0.01129829
-0.01632824 0.00087459
0.00456250 0.01066271
-0.00065023 -0.01171547
0.01173888 0.00330264
0.00126091 -0.00364973
-0.00394637 0.00401999
0.00630831 -0.00586512
0.00221068 0.00484671
0.00223162 -0.00579066
-0.00547745 -0.01604739
0.00194612 -0.00971434
0.00761537 0.00829505
0.00250943 -0.00271820
-0.00418727 -0.00201261
-0.00553241 -0.00341695
-0.00359632 0.00901841
0.00216156 0.00163431
-0.00981388 0.00689274
0.00081043 0.00070737
-0.00208959 -0.00647261
-0.00142489 -0.00078849
0.00116316 -0.00985339
0.00248636 -0.00295510
-0.00458540 0.00309051
-0.00130798 0.02369203
0.00692508 -0.00738564
0.00902070 -0.00236746
0.00587858 0.00895207
0.01471804 0.00494291
0.00670723 -0.00442248
-0.01097884 0.00031736
-0.00116817 0.00099519
0.00080554 0.00715589
-0.00901036 -0.00974395
0.00369351 0.00246299
0.00556187 -0.00181699
-0.00485462 0.00102112
-0.00983736 -0.00905746
0.01038365 -0.00249105
-0.00302652 -0.00222605
0.00145294 0.00207562
0.00743567 0.00378981
0.00529849 -0.00546084
0.00613053 0.00230355
0.00603201 0.00226103
-0.00056580 -0.00961860
0.00369120 -0.00139895
0.00511559 0.00624726
0.00088647 0.00101712
0.00294020 0.00014555
0.00653930 -0.00181615
-0.00603258 0.00013807
-0.00042681 -0.00509731
0.00848048 0.00341534
0.01247429 0.00384041
0.00426296 0.00007114
0.01643370 0.00209012
-0.00400550 0.00068655
-0.00038300 -0.00713785
0.00950004 0.01323372
0.00560328 -0.00758019
-0.00224334 0.00258096
0.00080716 -0.00387607
-0.00457601 0.00449318
-0.00082080 0.01105688
-0.00372002 0.00368707
0.01138336 -0.00044199
0.00402838 0.00541445
0.00007153 -0.00121816
-0.00316993 -0.00820893
-0.00054181 -0.00530413
0.00246437 -0.00453292
-0.00119387 -0.00726336
-0.00120851 -0.00122809
-0.00806938 -0.00946915
0.00077705 -0.00032937
0.00021407 0.00310562
-0.00387807 0.00363622
0.00950821 -0.00132310
0.00765034 -0.00784193
-0.00657336 -0.00188459
-0.00221126 -0.00672475
0.00465463 -0.00856801
-0.00193307 -0.00174926
-0.00259338 0.00328178
0.00493156 0.01954933
-0.00201710 0.00304850
0.00473844 0.01556992
-0.00400447 -0.00228217
-0.00023311 -0.00196771
0.00617880 0.00158966
0.00699452 0.00794354
-0.00786283 -0.00303567
0.00002574 -0.00730112
0.00468139 0.01244011
-0.00354013 0.00022545
0.00562427 -0.00694342
0.00260341 0.00513994
-0.00191784 0.01060178
0.00529986 -0.00244870
0.00178819 0.00071598
0.00135817 -0.00506587
0.01769078 -0.00181430
0.01041023 0.00937895
-0.00821151 0.00331098
-0.00800658 -0.00040812
0.00175606 0.00728051
-0.00628007 0.00066675
-0.00154357 0.00951136
0.00444565 0.00299907
0.00521967 -0.00068037
-0.00376883 -0.01597365
0.00292932 -0.00349608
-0.00233210 0.00024204
-0.00706713 -0.00873378
-0.00867927 0.00571022
0.00243010 0.00032640
-0.00646044 0.00728080
0.00202674 0.00343462
-0.00603468 -0.00708505
-0.01145271 -0.00256922
-0.00398776 -0.00924888
0.00098764 -0.00328202
-0.00510500 0.00727072
-0.00159011 -0.00459889
0.00896987 0.00601424
-0.00606483 -0.00505351
0.01125529 0.00422043
0.00283219 -0.00030487
-0.00306306 0.00810295
-0.00001756 -0.00204664
-0.00198344 -0.01141568
0.00558099 -0.00304736
-0.00194272 0.00213892
-0.00357801 -0.00775940
-0.00795440 0.00390444
0.00225432 0.00538671
-0.00058588 -0.00648746
-0.00144166 -0.00768490
-0.00615036 -0.00909554
0.00466616 0.00660542
0.00350193 -0.01893888
-0.00639426 -0.00979959
-0.00290572 0.00532028
0.00294265 -0.00432053
0.00339810 -0.00210211
-0.00561100 -0.00611737
0.00497077 0.01773724
0.00343444 -0.00100480
0.00533031 -0.00896728
0.00076521 -0.00062813
-0.01003215 -0.00857664
-0.01091954 0.00811512
-0.00673988 0.00095405
-0.00721213 -0.00686184
-0.00740400 0.00412564
0.01118515 0.00529317
-0.00012399 -0.00350486
-0.00580245 0.00222341
-0.00300609 -0.00193459
-0.00070977 0.00935388
-0.00952340 -0.00533373
0.00456248 0.00361090
0.00625732 0.00084688
0.00057899 -0.00392357
0.00162029 -0.01056550
0.00207203 0.00190967
-0.00189134 -0.00150636
0.00657582 -0.00895341
0.01246938 -0.01393391
0.01120548 0.00393042
0.00600790 -0.00654247
0.01202709 0.00422950
-0.00074056 -0.00460314
-0.00375025 0.00748400
-0.00526803 -0.00488505
-0.00286532 0.00268823
0.00397271 0.00238737
-0.00446368 0.00286707
-0.00091308 0.01401426
-0.00393935 0.00351611
0.00183797 -0.00086554
0.01728609 0.00224869
0.00501247 0.00807527
0.00670344 -0.00372748
-0.00259026 -0.00014692
0.00854471 -0.00929604
-0.00141633 0.00524836
0.00506937 -0.00919615
-0.00006705 0.00048844
-0.00994219 0.00903086
-0.00604223 -0.00373723
-0.00609549 -0.00023755
-0.00366383 -0.00272715
-0.00268811 0.01401470
0.00593943 -0.00326054
-0.00098067 0.00112486
-0.00003309 0.00404373
-0.00491932 -0.00221670
0.00196435 0.00764658
0.00053860 0.00546693
-0.00378178 -0.00552125
0.01148490 0.00150603
-0.00442958 0.00090459
-0.00140257 0.00704672
0.00496953 0.00159453
-0.00986062 0.00761459
-0.00852821 0.00452738
0.00387256 0.00149406
0.00668981 -0.00250538
0.00274896 -0.00751090
0.01071256 0.00380301
0.00259773 -0.00382342
0.00389782 0.01195493
0.00429069 0.00843763
0.00160602 0.00540458
-0.00690849 -0.00424638
-0.00297046 -0.00074899
0.00205465 0.00120622
-0.00833575 -0.00627043
0.00418588 -0.00042849
-0.01443856 -0.00653249
-0.00220673 0.00139439
0.01408077 0.00545879
-0.00927642 0.00408574
0.00367198 -0.00616311
0.00711551 0.00640453
0.00192380 0.00395497
-0.00364462 -0.00666873
0.00318258 0.00465440
0.01390669 0.00151193
0.00444579 0.00366860
-0.00021248 0.00308742
-0.00184587 0.00309110
-0.00470653 -0.00680410
-0.00142971 0.00312208
-0.01524518 -0.01073795
-0.00706364 -0.01481515
-0.00214028 -0.00138296
0.00023650 -0.00427561
0.00532572 -0.00283311
0.00261662 0.00659748
-0.00793191 0.01378853
0.00309192 -0.00807944
0.00187032 -0.01069609
-0.00172509 -0.00147899
-0.00555872 0.00278454
0.00130086 0.00271836
0.01274131 -0.01003542
-0.00388926 -0.00026181
0.00362504 0.00522514
0.00053330 -0.00475544
0.00970943 0.00159779
-0.01143012 -0.00366497
-0.00681184 0.02668865
-0.00149532 0.00855321
0.00169735 -0.00097698
-0.00360459 -0.00350870
-0.00139976 -0.00109418
-0.00486559 0.00611792
-0.01023380 -0.00173416
-0.00550509 0.01381434
0.01086088 0.00335401
0.01128628 0.00378411
0.00449612 0.00654960
0.00578158 0.00760096
-0.00722738 -0.00654167
0.00395762 0.00026264
0.00063248 -0.00039536
0.00273793 0.00183341
-0.00500670 -0.00308686
-0.00163505 0.00309296
0.00704884 -0.00295198
-0.00430369 -0.00485137
0.00221106 0.00552117
0.00748512 -0.00097315
-0.00649597 -0.00676879
-0.00464266 -0.00076918
-0.00249000 0.00002880
0.00210466 -0.00872708
0.00238792 -0.00703090
-0.00335431 0.02214250
-0.00872951 0.00799772
0.00671521 0.01260211
-0.00088722 0.00812922
-0.00410742 -0.00737187
0.00724017 -0.00102415
-0.00295771 0.00357947
0.00826097 0.00522409
0.00304376 -0.00595822
-0.00020907 0.01794282
-0.00516512 0.01635280
-0.00236777 0.00333182
0.00015593 -0.00478693
0.00384431 0.00299545
-0.00587890 -0.00027977
-0.00509685 0.00724062
0.00235153 -0.00591661
-0.00668819 -0.01100550
0.00376707 -0.00648025
-0.00140447 0.00863936
-0.00247282 0.01144790
-0.00138047 0.00506370
0.00827810 -0.01104081
0.01186677 -0.01391711
-0.00110409 0.00994453
0.00529461 -0.00194670
0.00039384 -0.00890065
0.00179958 0.00013445
-0.01035475 -0.00862726
0.00343221 -0.00059188
-0.00793945 0.00100007
-0.00001652 -0.01104489
0.00586846 -0.00152230
0.00024270 0.01171851
-0.00041800 -0.00922991
-0.00725129 -0.00452553
0.00863841 0.00488087
-0.00198539 0.01083746
0.00018203 -0.00373331
0.00586695 -0.00698541
0.00339126 -0.00131559
0.00195798 -0.00364781
0.00214073 -0.00852365
0.00389017 -0.00222656
-0.00454025 0.00283640
-0.00561319 0.00562193
-0.00496883 -0.00093916
-0.00217706 0.00497961
0.00750510 -0.01262932
-0.00678713 -0.00572208
0.00660026 0.00823042
-0.00675517 0.00383570
0.00232675 0.00067207
0.00199519 0.00112207
-0.00837337 -0.00186622
-0.00380434 -0.01210908
-0.00171162 -0.00123820
-0.00069925 0.00349491
-0.00730826 -0.01047006
-0.00377165 0.00582867
0.00100939 0.01083769
-0.00674329 -0.00574964
-0.00850364 -0.00089195
-0.01030783 -0.00360670
0.00051554 0.00100537
-0.00992598 -0.00479905
-0.00899416 -0.00446259
0.01127863 -0.01281455
-0.01553303 -0.00248423
-0.00629778 -0.01286486
-0.01176700 -0.01404927
-0.00982970 -0.00149602
0.00241065 -0.00230321
0.01290739 -0.00901639
0.00003637 0.00219053
-0.00060335 -0.01037470
0.01794012 0.01002194
0.00351897 -0.00097408
0.00678669 -0.00293393
-0.00864056 0.02130719
0.00027853 -0.00592103
0.00681138 0.00328372
0.00367114 0.00895066
-0.00014441 -0.00007110
-0.00170169 -0.00551021
0.01081020 0.00193376
-0.00389329 0.00573507
-0.00350994 -0.01118902
-0.00771640 0.00077478
-0.00915409 -0.00612917
0.00609847 -0.00500057
-0.00036783 0.01203752
-0.00595572 0.00009279
0.00280925 -0.00691432
0.00852798 0.02488441
0.00106307 -0.00482737
-0.00150502 -0.00694796
-0.00282071 -0.00834417
0.00529333 -0.00075918
0.00650366 0.01222725
0.00730254 -0.00943649
0.01041937 -0.00020907
0.00090132 0.00095622
-0.01376444 0.00483420
-0.00423849 0.00429639
-0.00987454 -0.00715421
0.00296717 0.00070700
-0.01113105 0.00335339
-0.00384321 -0.00531224
0.01071207 -0.01344581
-0.00416465 0.00374857
0.00493583 -0.00796886
0.00864225 0.00425257
0.00056401 0.00079731
-0.00132709 0.00291741
-0.00188188 -0.00369270
0.00335268 -0.00476350
-0.00077668 0.00252548
0.01024769 -0.00330955
-0.00816182 -0.00533495
0.00149166 0.00197800
0.00208081 0.00546254
-0.00239856 0.01236556
-0.00892148 0.00875420
0.01225742 -0.00432338
0.00620491 0.00439723
0.01440920 0.00531901
-0.00404180 0.00357225
-0.00258944 -0.00632515
0.00575508 0.00515960
-0.00582020 0.00367324
-0.00419414 -0.00352149
0.00114411 -0.00509584
0.00299361 0.00737955
0.00079234 -0.00092991
0.01251490 -0.00074805
-0.00352838 0.00492811
0.00622608 -0.00666127
0.00770737 0.00368375
-0.01263980 0.00031460
-0.00131285 0.00098477
-0.00342657 0.00352947
-0.00124957 0.00811387
0.00774768 0.00282038
0.01054411 0.00706103
-0.00435057 0.00071661
0.00276963 0.00412058
-0.01024153 0.01552392
-0.00736355 0.01235588
-0.00334367 0.00057261
-0.00030432 0.01090075
-0.00635781 0.01318853
-0.00944447 -0.00794209
-0.00752437 -0.00382332
-0.00678323 -0.00718784
-0.01051947 -0.00530765
0.00119652 -0.00760843
-0.01342409 0.01224520
0.01233010 -0.00104986
0.00942167 -0.00360609
-0.00475211 -0.00081619
-0.00373052 -0.00181407
-0.00089467 0.00326720
0.00526687 -0.01353729
0.00474104 0.00552560
0.00404664 0.00244262
0.00389419 0.00459709
-0.00298359 -0.00755527
-0.00447605 0.00112264
0.00896288 -0.00448012
-0.00487730 0.00010170
-0.00316272 0.00190819
-0.00305987 0.01409370
0.00091980 0.00989411
0.00708199 0.00665338
0.00479959 0.01859417
-0.00206093 -0.01516013
0.00605910 0.00808232
-0.00991241 0.00870896
-0.00474303 -0.00845952
-0.00080473 0.00251132
0.00144634 -0.00351522
0.00260748 0.00356723
-0.00326679 -0.00137732
-0.00982441 -0.00026916
-0.00154706 -0.00127379
0.01571385 -0.00400162
-0.00719947 0.00642242
-0.01210525 -0.00275371
0.00017207 0.00251106
-0.00696834 -0.00809584
0.01071045 0.00752248
-0.00781676 0.00383299
-0.01989839 0.00011000
0.00308876 0.00097618
0.00388323 0.00429527
0.00172198 0.00451881
-0.01213192 -0.00070559
0.00036600 0.00861600
-0.00679916 -0.00054568
0.00241437 0.00349377
-0.00366743 -0.00453467
-0.00708166 0.00346713
0.00295931 -0.00255556
0.00285945 -0.00407927
-0.00722337 -0.00523727
0.00181889 -0.01553164
-0.00615798 -0.00696117
0.00447507 0.00300184
0.00870995 0.00739008
0.01377618 -0.00303536
-0.00512391 -0.00259593
-0.00723975 0.01503238
0.01351396 -0.00522135
0.00428356 0.00087008
-0.01039045 0.00773455
0.01350914 -0.00022546
0.00922185 0.00188519
0.00628878 0.01560154
-0.00263921 -0.00215593
0.00221784 -0.00877861
-0.00100149 -0.00510458
-0.00796278 0.00723535
0.00937614 0.00474802
-0.01188257 0.01332225
-0.00585459 -0.00647641
0.01076865 -0.00454013
0.00786084 0.00514667
-0.00046599 0.00129762
-0.00394650 0.01500154
-0.00871035 -0.00444129
-0.00451698 -0.01298594
-0.00776933 -0.00958708
-0.00133403 -0.01200930
-0.00186733 -0.00607880
0.00513638 0.00123030
0.00286226 0.00088236
-0.00986403 0.00019248
-0.00804898 0.01319628
0.00534249 -0.00574675
0.00099456 0.00441602
0.00752988 0.00379079
-0.00515947 -0.00243843
-0.00963605 -0.00367471
-0.00238413 -0.00085010
-0.00748442 -0.00077753
-0.00736263 -0.00060999
0.00126060 0.00361519
0.00450436 0.00647228
-0.01353336 -0.01141683
-0.00016697 -0.00340445
0.00206117 -0.00312549
-0.01457630 0.00672795
-0.01246587 -0.00769788
-0.00336934 -0.01772076
0.00041762 -0.00311310
-0.00120085 0.00005749
-0.00525986 0.00552228
0.00514012 -0.00957933
-0.01163869 -0.00130998
-0.00845386 0.00145096
-0.00549552 -0.00348238
-0.00159732 0.00109397
-0.00174114 -0.00928411
-0.00893281 -0.01041483
-0.00116596 -0.01239739
-0.01055596 0.00320069
-0.00961854 -0.01525991
0.00309211 0.01209570
0.01478618 -0.00823673
0.00570768 -0.00938685
0.00151645 -0.00878470
0.00448646 0.00892503
-0.01822778 -0.01308652
-0.00233463 -0.00213996
-0.00153035 -0.00827926
-0.00258785 -0.00465322
0.02768822 0.00945754
-0.01179842 -0.02513005
0.01634825 -0.00940986
0.02274131 0.00504861
0.00863781 0.00754656
0.01512825 0.00453529
-0.00460739 -0.00517630
-0.00527814 0.00084659
-0.00888605 -0.01308006
-0.00331299 -0.01103376
-0.00974537 -0.00539508
-0.00964436 0.00376146
-0.00041267 -0.01164096
0.00438697 0.01067468
0.00643200 -0.00734186
-0.02551786 0.00331191
-0.00453741 0.00042552
-0.00796576 0.00615923
-0.01763825 0.00641546
0.01609113 0.01903291
-0.00677626 -0.00550129
0.01675099 -0.01376879
-0.00797595 -0.00332878
0.00664274 0.00780835
-0.01233383 -0.01917516
-0.00234733 0.00624182
-0.01238214 -0.00268436
-0.00075768 -0.02212831
-0.01159239 -0.00930480
-0.01111405 -0.00807009
0.00198712 -0.00806783
0.00465313 -0.01011676
0.00241055 -0.00684854
0.01570750 -0.00138323
-0.00713428 -0.00978477
-0.00256135 -0.01407387
-0.00906077 0.02743732
-0.00576524 0.01517804
0.00081021 0.00682968
0.00420413 0.00638234
-0.00735391 -0.00803187
-0.00123462 0.00629794
0.00664125 -0.01011911
0.00559589 -0.00171361
-0.00828042 0.00185426
0.02411987 -0.01195967
0.00116054 -0.01524492
-0.00333714 -0.02235042
0.00708007 -0.01198973
0.00805932 0.00158704
-0.00391841 0.00822713
-0.00278678 -0.00488829
-0.01293299 -0.00501994
0.01090414 0.00492949
-0.00473365 -0.00190483
0.00715119 0.00877413
-0.00118795 -0.00144237
-0.00530339 0.00102093
-0.01327362 0.00049492
0.00113653 -0.01194300
-0.00203924 -0.02166881
-0.00985844 -0.00661199
0.00629998 -0.00058160
0.00468000 -0.01768669
0.00563275 -0.00718019
0.01395128 -0.00702573
-0.02555020 -0.01229962
0.00128336 0.00894795
-0.00519450 -0.00785580
0.00676957 -0.00277475
-0.01722136 0.01005338
-0.00469254 0.01211564
-0.01543876 0.00191912
0.01081099 -0.00797012
-0.00043453 0.00459204
-0.01607356 0.00118637
-0.00768801 -0.00641906
0.00582667 0.00124124
0.00613802 -0.00665215
0.01544660 -0.01390259
-0.00355053 -0.00042311
-0.01140886 0.00398807
-0.00566023 -0.01320094
0.00075447 -0.00014902
-0.00935017 0.01983481
0.01376650 -0.03045405
0.01695384 0.01018825
0.01694548 -0.00458605
0.00332735 -0.00781527
-0.00342546 0.00306357
-0.00555075 -0.01197016
0.00800774 0.00445739
-0.00022591 -0.00366175
-0.00335973 -0.00369600
-0.00239303 -0.00378363
-0.00105240 -0.00504208
-0.00415646 -0.00515103
0.01076229 -0.01018758
-0.00911308 0.00147556
-0.00456304 0.01793781
-0.00407284 -0.00680521
-0.00790856 -0.00219414
0.00599673 0.01841010
0.00267868 0.00034364
-0.00836014 -0.00380713
-0.00145168 -0.00941518
-0.01065834 -0.01499589
-0.00327399 0.00047258
0.00413957 -0.00781361
-0.01110257 -0.01120769
0.00125569 -0.00234592
0.00218115 0.00040596
0.00535904 -0.00475294
-0.00296426 -0.00150553
0.00731243 -0.00295568
-0.01088292 -0.00996184
-0.00266122 -0.00335596
-0.03085906 0.01306399
0.01342963 0.00427673
-0.00387861 -0.01455980
0.01229838 0.00783699
-0.01960710 -0.02772023
-0.00600875 -0.00292291
0.00406103 -0.00540746
-0.00306450 0.00983329
-0.00483097 0.00181610
-0.02055377 -0.00739738
0.00188732 -0.01020588
0.00421399 -0.00998580
-0.00544305 0.01935372
0.00188243 -0.00391500
0.00429483 0.00994615
0.00234128 -0.01458163
0.00592659 -0.00888358
-0.00360287 -0.00190513
0.00029033 -0.00919416
0.00006786 -0.00766147
-0.00027940 -0.00833997
0.00707451 0.00135727
-0.00166029 -0.02178627
-0.00392174 0.00256687
0.00391191 0.00576282
0.00431575 -0.00071899
-0.01125985 -0.01153145
0.00108303 0.00766655
-0.02045156 0.00611975
-0.00867111 -0.00312958
-0.01114370 0.00190107
-0.00001228 -0.02719120
-0.00338854 0.02378121
0.00618691 0.00131191
-0.00194540 -0.00940608
-0.00355488 0.00269076
-0.00214156 -0.00751146
0.00898564 -0.01591570
0.00107832 0.00709465
-0.00408744 -0.00601855
0.00951543 0.01260209
0.00072342 -0.00714555
0.00000825 0.00101861
-0.00766752 0.02167308
-0.01102415 0.00971177
-0.00611885 -0.00404971
0.01226449 0.00492569
0.00017532 0.01140340
0.00163260 -0.00596213
0.00433595 0.01657543
-0.01590564 0.00033614
-0.00693353 -0.01352096
0.00031424 -0.00487851
0.00050937 0.00048937
-0.00582740 0.00198247
0.00050155 0.00434676
0.02166844 -0.00084332
-0.00332480 -0.00926217
-0.00214365 0.00687700
0.00353971 -0.01520250
-0.00676455 -0.00310059
-0.00664607 0.00264105
0.00251310 0.00051454
-0.01303129 -0.00104474
0.00972907 0.00543346
0.00900078 0.01291498
0.00329965 -0.00481652
-0.00108630 0.01452547
0.00721561 -0.00800478
-0.00578639 -0.00988876
0.00547310 0.00322339
-0.00153486 -0.00450391
0.01681848 -0.00652256
-0.00461400 -0.00454339
-0.00012707 0.00698651
-0.00723864 0.00058229
0.00182739 0.00371228
0.00828882 -0.01075578
0.00073698 0.00698120
-0.00839660 -0.00121028
-0.00528444 -0.00866000
-0.00711742 0.00785984
-0.01051935 -0.00308426
-0.00489356 0.00161001
0.01281732 -0.01259113
-0.00990579 -0.00116635
0.00371905 -0.01583692
-0.00589053 0.01472415
-0.00212185 -0.00269371
0.00604535 -0.01551211
-0.00098331 -0.00563149
-0.01537835 -0.00124698
-0.01022454 -0.00599395
-0.00600950 0.00399375
-0.01865813 -0.00168151
-0.00812254 0.00721912
0.01029704 0.00204539
-0.00961676 -0.00156828
0.00092036 0.01861631
-0.00806105 -0.01316662
0.01090383 0.00521079
0.01312879 0.01223282
0.01488759 0.00192089
0.00684997 0.00444916
0.01553016 0.03431902
0.02422256 -0.00165435
-0.00757768 0.00272397
-0.01500892 -0.00953243
-0.01378355 -0.00392311
0.00627672 -0.01206853
-0.01288122 -0.02807218
-0.00149722 0.00243477
0.01191112 0.01593301
-0.00879387 -0.00186742
0.01974409 -0.00172233
0.00555004 0.01499415
-0.00279514 -0.00319769
-0.01262923 0.00241374
0.01333108 -0.02627096
0.00658595 0.00402830
0.00499511 -0.01521882
0.00453627 -0.00314144
-0.00449517 -0.00031816
0.00115278 -0.00262085
0.00135288 -0.01280397
-0.01278124 -0.01057019
-0.00500803 -0.00030876
-0.00091870 -0.00411227
0.00247469 -0.00816858
0.00312206 -0.01518246
-0.00642354 -0.00009331
0.00063727 0.00635876
-0.01118362 0.01381231
0.01104148 -0.02287881
-0.01012308 -0.00620701
0.00079301 -0.00151940
-0.01233763 -0.01406387
0.00160040 0.01383144
0.00330688 -0.00632827
-0.00915655 0.00512030
0.00812521 -0.00353431
0.00031120 0.00743500
-0.01165514 -0.01576881
0.02234416 -0.01055889
0.00793923 -0.01817795
-0.00449885 0.01597080
0.00417768 0.00020473
-0.00689666 -0.00957950
-0.01221533 0.00243229
0.00647368 0.00411317
0.00214747 0.01071820
0.00344524 -0.00366026
-0.01467031 -0.00551647
-0.00731473 -0.01179354
0.00055794 -0.00531162
-0.00128968 -0.00264433
0.00862032 0.00527287
0.00460954 -0.00009875
-0.00363103 -0.00220050
0.00379130 0.00444030
0.00182320 -0.00680226
0.00612016 -0.01222520
0.01333903 0.00307477
-0.01849556 0.00883582
0.00457309 -0.00699871
-0.00183544 -0.01166053
-0.00380889 -0.00283116
-0.00575635 0.01194933
0.00717594 -0.00521303
-0.00186805 0.00361475
-0.00295476 -0.01734106
-0.00164277 -0.00415979
0.01101784 -0.01224777
-0.01841224 0.00141354
-0.00793626 0.00712773
-0.00263742 -0.00917314
-0.00809156 -0.00578266
0.00597387 -0.00270842
-0.00891250 -0.00200127
-0.00087080 0.00622827
0.00678059 0.00835681
0.01491981 -0.01173840
0.00740579 0.01729295
0.01046183 -0.01506511
-0.01149722 -0.00439237
-0.00499760 0.00160216
-0.00943882 -0.01850470
0.00296027 -0.00679707
-0.00100312 -0.01159225
-0.02098924 0.01365796
0.00356127 -0.01153505
-0.00305362 -0.00444994
-0.00129696 0.00199594
-0.00218320 -0.00086849
-0.00144574 -0.00060791
-0.00760574 0.00498974
-0.00392114 0.00969202
0.00378675 0.00669610
-0.00064983 -0.01268247
0.00378397 -0.00152293
0.00136873 -0.00205137
-0.00481802 -0.00351207
-0.01277270 0.00487825
0.00512886 0.01061031
0.01449879 -0.01376778
-0.01278992 0.00908023
0.00277424 -0.00610938
0.01196900 -0.00275928
0.00180496 -0.00599727
0.00199680 0.00443936
0.00840722 0.00628406
-0.01101878 -0.02462077
-0.00694752 -0.00733129
0.01991166 -0.01318916
0.01098763 0.00350981
-0.01570901 0.00357699
-0.00951652 0.00967609
-0.00057472 -0.02610943
-0.01249361 0.00971022
-0.00301017 -0.00811976
-0.02239892 -0.00118426
0.01077568 0.00179258
-0.00718837 0.00342887
-0.00157322 0.01369192
-0.00187396 -0.00990711
0.00746617 -0.00435218
-0.00110612 -0.01560401
-0.00488796 -0.00648264
0.01147883 -0.00427660
-0.01453362 0.00492532
0.00947521 -0.01273771
-0.00020617 -0.01069637
-0.01277113 -0.00137591
-0.00787127 0.00404225
0.00662973 -0.00739927
0.00132651 -0.01502675
-0.01182111 -0.00717606
0.02446335 -0.00363147
0.00476987 0.01501384
-0.00121838 0.01249440
-0.00997831 -0.00193336
0.01206373 -0.01081341
0.00343885 -0.00146835
-0.00844128 -0.01749995
-0.00375779 -0.01284822
-0.00516395 0.01130520
0.00128085 -0.00904093
-0.01390525 -0.00009641
-0.00063115 0.00187191
-0.00410660 0.02573639
-0.00608469 -0.00661611
-0.00608599 -0.01764947
0.01089687 -0.00579997
0.00085167 0.02557772
0.00466520 0.00414757
0.00361861 0.00649291
0.00672840 0.00238955
-0.00533521 -0.01481116
0.00369042 -0.00719776
-0.00618158 0.01766730
0.01537783 -0.00912055
-0.00152570 -0.01499308
-0.00038154 -0.00537436
0.01531345 0.00639987
-0.00272673 -0.00047428
0.00039317 -0.00378017
0.00443825 -0.01264733
0.01739877 -0.01169567
-0.00284680 -0.00769114
-0.00345283 -0.01606600
0.00038272 0.00197346
-0.00683280 0.00281458
0.00053564 -0.00953740
-0.01342118 -0.00406911
0.01546405 0.00961636
-0.01311922 -0.00075535
0.02087166 -0.00433871
0.00588594 0.00920326
0.01157853 -0.00219831
-0.00879996 -0.00741979
0.00345274 -0.01189332
0.01490854 0.00814619
-0.01953206 -0.00173536
-0.01542980 0.00471418
-0.01655959 -0.00911636
0.02281448 -0.00876879
0.00139100 -0.00417450
0.00431643 -0.00858553
-0.00145782 -0.00301223
-0.00941204 0.00207064
0.00226903 -0.01196703
-0.01067302 0.01040314
-0.00248861 0.00287457
0.00003994 0.00312760
-0.01021820 0.00528733
-0.01090219 -0.00697318
0.00755271 -0.00856129
-0.00842950 -0.00212077
-0.00450534 -0.02241033
-0.00216783 -0.00457166
-0.01034180 -0.01983317
0.00746580 -0.00788494
0.00635870 -0.00929118
-0.00908811 0.00674915
-0.00130143 -0.01034421
-0.00696572 0.01104494
-0.01018612 -0.00023557
-0.00119030 -0.00443100
0.00160120 -0.02095369
0.00456533 0.00854049
0.00886364 0.00544522
-0.02412174 -0.00072389
-0.00998844 -0.00067782
-0.00472015 0.00393382
-0.00885139 0.00176444
-0.01444026 -0.00819341
-0.00197563 0.01343658
-0.01238411 0.00442750
0.01401802 0.01900195
0.01069635 -0.00457066
-0.00078454 0.02492882
0.00303915 0.00512262
-0.00481190 -0.00947587
-0.01002783 -0.01054111
-0.02496239 -0.01541428
-0.00707602 -0.00905892
-0.00010580 -0.01906572
-0.01530687 -0.00507246
0.00052089 -0.00256986
-0.00205690 0.01249769
0.00298841 -0.01065342
0.00592492 0.00723216
0.00565524 0.00703591
-0.00604088 0.02531210
0.00831471 0.00199193
-0.00945149 0.00957972
0.00915408 0.01034843
-0.01413733 -0.01067880
-0.00711097 -0.01391630
0.00663135 -0.00372901
-0.01592341 0.00180977
0.00399509 0.00024399
-0.01144029 0.00043526
-0.02508548 -0.00549189
-0.00115349 -0.00409825
0.00459917 0.01488376
-0.02415819 -0.00646439
-0.00087056 0.00691759
-0.01024016 0.01363493
0.00291027 -0.00408646
-0.00735278 -0.01633999
-0.01259165 -0.00468908
-0.01460575 -0.00803383
-0.00204162 0.00550798
0.02100019 -0.01213271
0.00353793 -0.00936987
0.01337515 -0.00697074
-0.00127608 0.00457577
-0.01310125 0.00263097
0.01133367 -0.00270829
0.01199898 -0.01475060
0.00762709 0.00064392
0.01241867 -0.00210717
0.00658466 -0.01056432
0.00129493 -0.01508456
-0.01043267 0.01169618
0.00566661 -0.00356154
-0.01451217 -0.00557347
-0.00736272 0.00708935
-0.01473277 0.00256627
-0.00685142 -0.00213569
0.00332914 0.00544754
-0.00516731 -0.00782643
-0.00418448 -0.00367707
-0.00389929 -0.00176218
-0.00531939 0.01488801
-0.00098555 0.00870308
-0.00283310 0.00154636
-0.01559306 -0.00369789
-0.00550128 0.00639550
0.00125903 0.00363484
0.01097217 -0.00328571
-0.00979766 0.01078330
-0.00772373 -0.01291068
0.00049752 -0.01515634
0.00466576 -0.01510954
0.00235843 -0.00647679
0.00394043 -0.00472842
0.00352895 -0.01112047
0.00362584 -0.01120847
-0.00913748 0.00256509
0.00240222 -0.00720197
0.00149734 -0.00505874
-0.00301573 -0.00592287
-0.01115768 -0.00448288
-0.00710537 -0.00315123
0.00957328 0.01381331
0.00093456 -0.00868266
-0.00646429 0.01082369
0.00963004 -0.01919413
-0.00536585 -0.00606666
0.01043927 0.00184793
0.00009616 -0.01927318
0.01349912 -0.01570727
0.01058233 0.00832826
0.00425382 0.01214016
0.00176424 -0.00831718
-0.00028597 -0.00828242
-0.01357747 -0.00149427
-0.00322865 -0.00834221
-0.00063823 0.00032202
-0.00663392 0.00824320
0.00163558 -0.00313730
0.01130483 -0.00852204
-0.00458875 0.00236285
0.01088488 -0.00913023
0.00496921 -0.01345439
0.00619073 -0.00226303
-0.00575998 0.00374806
0.00098360 0.00405243
0.00290126 -0.01289108
-0.00599420 -0.00348714
-0.01425307 -0.00944495
-0.01553245 0.01211844
-0.00195981 -0.01306667
0.00317799 -0.00984823
0.00607936 0.01009125
-0.01627816 0.00007188
0.00677787 -0.00515229
0.02118279 -0.01493458
0.00884987 -0.01630089
-0.00425793 0.01372791
-0.00445977 0.01923899
-0.00319427 -0.00611887
-0.01733943 0.00771886
0.00675952 0.00625192
0.00694550 -0.01088374
-0.00069226 -0.00613595
-0.01243388 0.00172855
-0.00371379 -0.00046678
-0.00617454 -0.00116349
-0.00996710 0.00072784
0.01123195 -0.01913483
-0.00752987 0.02008591
-0.00688276 -0.01555654
-0.01125417 -0.01067282
-0.01068966 -0.00479986
-0.01371884 -0.00196902
-0.00028309 -0.00588453
-0.00882845 0.01130771
0.00379087 0.00666674
-0.01459344 -0.01056838
-0.00235488 -0.00186627
-0.01012645 -0.01220055
-0.01378174 -0.00014514
-0.00317841 0.00837414
-0.00670753 0.00849490
0.00674545 -0.01804693
-0.00401620 0.00499884
0.00841229 -0.01186653
-0.01465164 -0.01719210
-0.01334334 0.00315691
-0.00359355 0.00706721
0.00944644 0.00472664
0.01011998 0.00803868
-0.01612146 0.00639924
-0.00876797 0.01969369
-0.00866644 -0.01753320
-0.01473054 -0.01696703
0.01288611 0.00248878
0.01457039 0.00740523
0.00101984 0.00708715
-0.00652722 0.02368018
-0.00968900 -0.01803207
-0.00232359 -0.00351558
-0.00709989 -0.01570440
0.00017359 0.01421475
0.02024638 -0.00610528
-0.00671969 -0.01975051
0.01032165 0.00252845
0.01749125 -0.01126176
0.00882988 0.00488356
-0.00198028 -0.01072305
-0.00273907 0.00700202
-0.01415323 -0.00383254
-0.00634514 -0.00398860
0.00458006 -0.00096572
-0.01286897 0.00535845
0.01720219 0.00261270
0.02281891 -0.00017354
-0.01286953 0.00218098
-0.02017958 -0.00306840
-0.00561899 -0.01113010
0.01537639 0.00135153
0.00533804 0.00287942
0.01537414 -0.00463995
-0.01468639 -0.00411743
0.02527468 -0.02039822
0.00954855 -0.00757245
-0.00843295 0.00215612
-0.00201769 -0.00869533
0.00203685 0.01439038
-0.00916205 0.00643890
-0.01318439 -0.01725116
-0.00163569 0.00509716
-0.00487112 0.00418709
-0.00783342 -0.01332415
-0.00384647 -0.01023447
-0.00539406 0.00111660
-0.02596883 -0.00705763
-0.01236460 0.00255621
-0.00938514 -0.00087399
-0.00867303 0.00623892
-0.00254097 -0.00694095
-0.00685709 -0.01095754
0.00180628 0.01151407
-0.01020562 0.00576588
-0.01458123 0.00513126
-0.00771045 -0.00419695
-0.01738730 -0.01022529
0.00868253 -0.00058757
-0.00036741 0.00450338
-0.00504728 0.00210791
-0.01047132 0.02104693
-0.00022648 -0.00520515
-0.00911527 -0.00608579
0.01056856 -0.00305373
-0.00329425 -0.00073412
0.00570365 -0.01331336
-0.00505092 -0.01193705
-0.01519492 -0.00435636
-0.00563817 0.00340358
0.00998647 0.00823171
-0.00114526 0.02707673
0.00191017 0.01811537
-0.00135738 -0.00865285
0.02116367 0.00063904
0.02312485 0.00328579
0.00390795 0.00499072
0.00822397 -0.01446807
-0.01267385 -0.01586843
0.00297455 -0.01813267
-0.00359806 -0.00787288
-0.00659247 -0.00193505
0.00442201 -0.00847234
-0.00259270 0.01668960
0.00177651 -0.01719572
0.00755743 0.00395080
0.01144937 0.00448347
-0.01312386 -0.00572202
-0.00959386 0.01300596
0.00030424 0.01865730
-0.01042626 0.00319710
-0.00770905 -0.02498302
0.00158446 -0.00074591
-0.00322110 -0.00805118
0.00081791 -0.00481869
-0.00424990 -0.01089115
0.00242773 -0.01038103
0.00779257 0.00352166
-0.00068291 0.01057106
0.00183224 -0.01563697
0.00709501 0.00807204
-0.00675726 -0.01394346
-0.00062044 0.00431760
0.00214375 0.00431975
-0.00490998 -0.01767306
0.01452137 -0.00563765
-0.01883392 -0.01079498
-0.00517326 0.00866359
0.01184463 0.00274579
0.00420611 -0.00128776
0.00216877 0.00094194
0.00092791 0.00632591
-0.01708200 -0.00441202
-0.02019256 0.01474934
-0.00060293 -0.01367958
0.01984436 0.00433302
-0.01249245 0.00654629
-0.00202500 -0.00899067
-0.01587593 0.00002764
0.00794415 -0.00750400
-0.00910363 -0.01048989
0.00915207 -0.00967225
0.01741984 -0.01124546
0.01325480 0.01335760
-0.02751835 0.01568289
-0.00423849 -0.00687773
-0.00918314 -0.00083543
-0.00603084 -0.01472982
0.00200140 -0.00983352
0.00553720 -0.00126177
0.00611707 0.00385789
-0.00933784 -0.01330633
0.01349796 -0.02311468
-0.00168720 0.00542180
0.00205457 -0.00964832
0.01353348 -0.00178127
-0.01468750 0.00282577
-0.02932857 -0.01409293
-0.00698496 -0.01589559
-0.00086290 0.00156630
-0.00779180 0.00787723
-0.01474065 0.00119535
0.00203077 0.01117873
-0.00754721 -0.00450734
0.01267836 -0.00754096
0.00808514 0.00614191
-0.01569632 0.00226233
-0.02628380 -0.00965269
-0.00664094 0.00061677
0.00808135 -0.01401568
-0.00166638 -0.01724909
0.00575370 -0.01963194
-0.02295347 0.01025640
0.00314703 0.02385507
-0.00454025 0.00895227
0.00868884 -0.01365876
0.00015630 -0.00519518
-0.01960430 0.01763168
-0.00991300 0.00707196
-0.00619223 -0.01635499
0.00349238 -0.00350980
-0.00825296 -0.00797941
-0.00321406 0.00151429
-0.00386038 -0.00442255
-0.00400487 -0.00332144
-0.00615855 -0.00908069
-0.00331486 0.00237318
-0.00526850 0.01382726
0.00157467 0.00254205
0.00536271 0.00793190
-0.00294327 -0.00040501
-0.01842075 0.01593964
0.01019011 0.00994310
-0.00940763 -0.01364968
-0.01243210 -0.00273743
-0.01493967 -0.00127794
-0.01214840 -0.00141481
-0.00419092 -0.00649614
-0.00459208 -0.01452887
-0.00009315 -0.00738672
-0.00475467 0.00985705
0.01260035 -0.00225630
-0.00786766 0.00404789
-0.01726384 -0.01161990
-0.01255240 0.00588719
0.00943990 -0.02693477
0.00265195 -0.00658089
-0.00805525 0.00332826
-0.01438323 0.01254964
0.00391718 0.01601319
-0.00581273 -0.01791322
-0.01105990 -0.01932988
-0.00344915 0.00357065
0.01007518 -0.00079497
-0.00908262 -0.00860870
-0.00975266 0.00694611
0.00434038 -0.00242354
-0.01112249 -0.00041726
-0.00453884 -0.01339212
0.01558385 -0.01537273
0.00697525 -0.00566214
-0.01406258 -0.00338295
0.00400439 0.01028550
-0.00302045 -0.01089141
-0.00161053 -0.01341242
-0.00372969 -0.01315953
-0.02039545 0.00059238
0.00155746 0.00198860
-0.00805700 0.00203680
-0.00220872 -0.01252213
0.00926078 0.00106646
-0.00361664 0.00070630
-0.01792633 0.00728633
0.00369663 -0.02176490
-0.00904514 -0.00441366
-0.00043160 0.00578915
0.00409408 -0.00489930
0.00934593 -0.01243375
-0.00986979 -0.02264568
-0.00821028 -0.00176322
-0.00750200 -0.00486044
-0.00143585 -0.01230792
0.00734966 -0.00614584
0.00461527 0.01162230
-0.00057244 -0.00991195
-0.00534007 -0.03017219
0.00416337 0.01150763
-0.01558777 0.01742873
-0.00806854 0.00600052
-0.01631057 0.00245846
-0.01430663 -0.00223850
-0.00539254 -0.02381684
0.00764479 0.00248080
0.01288308 -0.00173927
-0.00430494 -0.01124991
-0.01606661 -0.01349376
-0.00772736 0.01483239
-0.00272345 -0.00392339
-0.00761414 -0.00239327
0.01470926 -0.00038775
-0.00194651 -0.00626757
0.00737742 0.00538665
-0.00362611 -0.00508663
0.00201980 0.00724134
-0.01635345 0.00030275
0.00413015 -0.01274039
0.00973856 -0.00178277
-0.00803736 0.00259737
-0.00624541 0.01903114
-0.00409852 -0.00326922
-0.01145710 -0.00080272
0.00627881 0.00927423
-0.00630276 -0.00428643
-0.00684168 -0.00698199
0.00984840 0.00077957
-0.01175728 0.00282030
0.00021361 0.00176392
-0.00215121 0.00744558
0.00238224 -0.01942189
0.00154035 -0.00894375
0.00225684 -0.00755413
0.00731062 -0.00536667
-0.00872474 -0.00800592
-0.01350979 0.00025099
0.00107559 -0.00416967
-0.00279652 -0.00282624
-0.01196444 -0.00016945
-0.01355140 -0.00088031
0.01635513 -0.00036019
-0.00011722 -0.00417973
0.00010580 0.00505119
-0.01265224 -0.00532156
-0.00651162 -0.01077222
0.00798588 -0.01111265
0.00254275 -0.00799158
-0.01616159 -0.00276919
0.00735346 -0.00318047
-0.00967893 0.00165861
-0.01625524 0.00690489
-0.00947981 0.00256014
0.00123505 0.00453182
0.00143755 -0.00157027
-0.00277692 0.00500088
-0.01497469 -0.01459871
-0.00477303 0.00826668
0.01340119 0.01276081
-0.01090610 -0.00169286
0.01521224 0.00967752
0.01792735 0.02128410
0.01740743 0.02582985
0.02582266 -0.01990600
0.00349429 0.00083374
-0.01525685 -0.01896194
0.00205660 -0.00830176
-0.01344927 0.00771378
-0.01435027 -0.00806234
0.01710479 -0.01529592
-0.01225722 -0.01027362
0.00747846 0.00067871
0.00492296 -0.00481021
-0.00049912 -0.00263601
0.00932070 -0.00649339
-0.00733954 -0.00113177
-0.00563410 -0.00455138
0.01286527 -0.00207148
-0.00645378 -0.00215138
-0.02265754 -0.00106851
0.00065769 0.00780988
-0.00869587 0.00728441
-0.02250447 -0.00558670
0.00447328 -0.00936056
-0.01130171 -0.00441107
-0.00658411 0.00238456
0.00213642 -0.01821840
-0.00252415 -0.00672719
-0.00714708 -0.00658405
-0.00209477 -0.00614459
-0.01268042 0.00247538
-0.00759947 0.00534252
0.00622098 0.00258091
-0.00646171 -0.00379215
-0.01934843 -0.02016664
0.00412337 0.00821234
0.00004450 -0.00402434
0.00825952 0.00151950
0.00208973 -0.00907647
-0.00495935 0.00857466
0.00420221 0.00483808
-0.00576169 -0.00641338
-0.01765144 -0.00607623
0.01845945 -0.01088020
0.00804085 -0.00466312
0.00494139 0.00013690
-0.00786213 0.01170744
-0.01245430 0.01039497
0.00597753 -0.00506824
-0.00260790 -0.00528163
0.01805441 -0.01626827
0.00932815 -0.00269327
0.00165172 0.01105534
-0.01319818 0.00773515
-0.00357265 -0.00207004
-0.00608965 -0.01121212
-0.00594009 -0.01422420
0.00308951 -0.00092015
0.01250399 -0.00201614
-0.00852936 -0.00339013
-0.01337721 0.00009380
0.01198043 -0.01348746
0.00679888 0.01296907
0.00690668 -0.00527353
-0.00669173 -0.01471188
-0.00891890 -0.00067570
-0.01099783 0.00483719
0.00583130 -0.02230802
0.00847452 -0.01313045
-0.00870700 -0.00169463
0.00599082 0.00457754
0.01929284 -0.01846758
-0.00825561 -0.02040492
0.01143409 -0.01327208
-0.00153133 -0.02128518
-0.00689541 0.00064113
0.01004466 -0.00134460
-0.01023445 -0.01405142
0.01656050 0.00397391
-0.02123162 0.00051524
0.00572920 0.00304898
-0.01715013 -0.00465867
-0.00948257 0.01588475
0.00297043 -0.00795257
0.01201591 -0.00400930
0.00716851 -0.00792908
-0.00732054 -0.00206399
-0.00816001 -0.01096690
-0.00826078 0.00211872
0.01171110 -0.00838742
-0.00397050 -0.00091015
0.00300788 0.00313696
-0.00482297 -0.01053358
0.00411404 0.00036259
0.00109578 -0.00261392
-0.00789624 -0.00196782
-0.01507314 0.01167051
-0.01589904 -0.00032040
0.00504547 -0.00917043
-0.00139442 0.00078599
-0.00324005 0.01269702
-0.01747186 -0.00647924
0.01329464 -0.00605962
0.00889332 0.01172648
-0.01181465 -0.01005519
-0.00208979 0.00907240
0.00122879 -0.00303285
0.00899894 -0.00785287
-0.00818463 0.00834217
-0.00463956 -0.00701067
0.00821755 -0.01953954
-0.01187711 -0.00328723
0.01254212 -0.00476704
-0.00095359 0.00123810
-0.00161840 -0.01341854
-0.00248266 -0.00489705
0.01576829 0.00189659
-0.02882756 0.00640302
-0.00691911 -0.00005356
-0.00162744 -0.00745303
0.00189200 -0.00384393
-0.00691865 0.00613148
-0.01573935 0.01061080
0.00613258 0.00339829
-0.01382925 0.00610895
-0.00323017 -0.00488114
-0.01076267 -0.00811697
-0.00654503 0.00207834
-0.00160630 0.00040687
-0.00505838 -0.00716125
0.00227166 -0.00087967
-0.01854105 0.00077507
-0.00939146 -0.00517649
0.00694761 0.00219048
0.00663490 -0.00614764
-0.00804043 -0.01231446
0.00128279 -0.00180209
0.00310915 0.00683681
0.01328316 0.00089504
-0.00813866 -0.01489755
0.00781505 -0.00365331
-0.02152021 0.00386644
-0.01245741 -0.01181875
-0.00154164 -0.01062018
-0.00881353 0.00617098
-0.00086760 0.00299666
-0.01736104 -0.00671249
0.00550209 0.00771567
0.00380878 0.00542869
-0.01185077 -0.00305431
0.00368002 -0.01483258
0.01288368 0.00266540
0.00969502 0.00804450
0.00130807 -0.01172775
-0.00059774 -0.02058515
0.00603841 -0.00222008
-0.01496800 0.01845301
0.00991626 -0.00004511
-0.00756013 0.01832870
-0.00453559 -0.00612654
0.00950798 -0.00945337
0.00302667 -0.00890908
-0.00555939 -0.01184838
0.02180438 -0.01185570
0.00174898 0.00285157
-0.00504634 -0.01059061
0.02125841 -0.01034660
-0.00066657 -0.00889568
-0.00233634 0.00005860
-0.00164572 -0.00404308
0.00959085 0.00213497
0.00241619 0.00011712
-0.01103062 0.00803654
-0.00520511 0.01396448
0.00816618 -0.02300002
-0.00329505 -0.01154402
-0.00522965 0.00310665
-0.00249178 0.00073820
-0.00759195 0.00524752
-0.01419803 -0.02195484
-0.00759909 -0.00043030
-0.01697652 0.00842924
0.01060474 -0.01171345
-0.00680255 -0.01795411
0.00683725 -0.01530591
0.00218568 -0.00421174
-0.01583805 0.01547506
-0.00138268 -0.00426040
-0.00909556 0.00413949
0.00630676 0.00313236
-0.00772072 -0.01338105
-0.00080025 -0.00711454
0.01039107 -0.01022493
-0.01323615 -0.00606726
0.01091541 -0.01453320
-0.00418860 -0.00943806
0.00136920 -0.01350550
-0.00570545 -0.02269043
-0.00278401 0.00136885
-0.00194147 -0.00787509
-0.00217348 -0.01689257
0.00041349 -0.00080544
-0.01216896 0.01619835
-0.00366664 -0.00900029
0.01537645 -0.00257737
-0.01867318 -0.00048451
-0.01187948 -0.02718475
0.00141646 -0.00992039
-0.00691574 0.00291413
-0.00929761 -0.01213738
0.00137562 0.00041316
0.00684356 -0.00441214
0.00451590 0.01114366
0.01099724 -0.02355219
-0.00733358 -0.00849682
0.00712203 0.00582463
-0.00305483 0.00405944
0.01996811 -0.00531769
0.01712122 0.01590946
0.01264921 0.02090182
0.02678414 -0.00482547
-0.01502969 -0.01992406
-0.00552066 0.00177121
-0.00802053 -0.01371935
-0.00242745 -0.00164801
0.01359046 -0.01035795
-0.00033154 0.00855806
-0.01428417 -0.00769158
-0.00094493 -0.00498473
0.00222430 -0.00582894
-0.00743941 0.02148051
-0.00811417 0.02268103
-0.00019380 0.01191791
0.00055521 -0.01557640
0.00699492 -0.01334133
0.00313359 -0.00003754
0.00586353 -0.01027718
0.00349602 -0.01411420
-0.00342498 -0.00053789
-0.00818978 -0.00447502
-0.01139475 -0.00714572
-0.02358725 -0.01594571
0.00201685 -0.00606554
-0.01065308 0.00912956
-0.00568253 -0.00483108
0.00391494 -0.00488298
-0.00195645 -0.00846340
0.00144490 -0.00404843
0.01560345 -0.00033775
-0.00455008 -0.00624959
-0.00496641 -0.00040749
-0.00885788 -0.00657763
0.00674455 0.01461788
-0.01102021 -0.01746525
-0.00186283 0.01495231
0.00335224 -0.00070125
-0.01601003 0.01409156
0.01422368 -0.00206325
0.00197720 -0.01755762
-0.01488612 0.00135063
-0.00566034 -0.01643491
-0.00712593 -0.00943930
0.00570461 -0.00150696
-0.00190378 -0.02258662
-0.00825743 0.01313707
-0.01529928 -0.00350752
0.00497766 0.00612882
-0.00635531 -0.01138551
0.00613102 0.00795639
0.01282693 -0.00716312
-0.00969560 -0.01334821
0.00366698 -0.00436415
-0.00161167 -0.00169403
0.00197159 -0.00666762
-0.00936383 -0.00346520
0.00484763 -0.00123725
-0.00253447 0.00071877
-0.02384084 -0.00265948
-0.01065125 -0.01056692
-0.00022856 -0.01355698
-0.00802478 0.00077092
0.00123541 0.00269843
0.00111639 -0.00023449
-0.00754242 0.01328184
-0.00305362 -0.00067833
-0.00706191 0.00897742
-0.00429639 -0.00841655
-0.02534955 0.01073368
0.01522232 0.00946621
-0.00125384 -0.01432629
-0.03094956 -0.00367384
-0.00528411 -0.00286638
-0.00829225 -0.00094431
-0.00460933 -0.00973380
-0.00571696 -0.00438709
0.01588335 -0.00412806
0.00778070 0.00130954
-0.00076147 0.00423539
0.00079991 0.00200529
0.01270436 0.00293707
0.00498453 0.00220742
0.00714827 -0.01030194
0.01202973 0.00444997
-0.00981265 -0.00478989
-0.00992788 -0.00185610
-0.00691959 -0.01157495
-0.00005892 -0.01019406
0.00047903 0.00546178
-0.00395497 0.00333350
-0.00458386 0.00219306
-0.00887787 -0.00033417
0.00067036 -0.00153358
-0.00493727 -0.01032854
-0.00746042 -0.00178800
-0.01675251 0.00418396
0.01649789 0.00463308
-0.01384715 -0.01003062
-0.02325362 0.00859813
0.00061715 0.01724836
-0.01904474 -0.00089107
-0.00369516 -0.01549074
-0.01641295 0.00725794
-0.00712074 -0.00359097
0.00344023 0.00450431
0.01515287 0.01108103
0.00244777 0.00654240
-0.02719564 -0.00326907
0.01218430 -0.00247468
-0.00429907 -0.00820944
0.00471455 0.01771705
-0.01895489 0.02153309
0.01044391 -0.00429725
-0.01928843 -0.00677401
0.00181003 -0.01826796
-0.00559694 -0.02824170
0.00950019 0.02246083
-0.00361214 -0.00254347
-0.00894878 0.01421006
0.02026285 0.00154309
-0.00870346 0.01179563
-0.00768031 -0.00636627
-0.00807408 -0.00608727
-0.00567103 0.00106165
-0.00667936 0.00444937
-0.01458753 -0.00207181
-0.01095771 -0.01624493
-0.01229959 0.00546016
-0.01595590 -0.00177240
0.00720818 0.01049201
0.01749950 -0.00025713
-0.00532637 -0.01031849
-0.00899894 -0.00287813
0.00306794 -0.00489239
0.00735430 -0.00416301
-0.00664429 -0.00843528
0.00017534 -0.01150544
-0.00371691 0.00110474
-0.00519031 0.00044516
-0.00737912 0.00256198
-0.00243217 0.00903030
0.00534971 0.00754588
-0.00591132 -0.03067929
0.00056112 0.00693856
0.00667262 -0.00170252
-0.02036397 0.00523839
0.00936411 -0.01023010
0.01298362 -0.02828381
-0.01004513 0.02063347
-0.00510228 0.00629763
-0.00229129 0.00390707
0.00410208 0.00712488
-0.00618858 -0.01350670
-0.00647150 -0.00197966
0.00177663 0.02071557
0.00984244 0.00050248
-0.01129097 0.00755437
-0.01249594 -0.00566404
-0.02331996 -0.02352097
-0.00530749 0.00814671
-0.01228256 0.00553710
-0.01278142 -0.00907236
-0.00589809 0.00073608
-0.01206419 0.00307827
0.00008675 -0.00075623
0.00894978 -0.01243989
0.00020230 0.00245751
-0.01283016 -0.00621348
-0.01526613 -0.00289896
-0.01105811 0.01206956
-0.01067049 -0.01650726
-0.01225240 0.01554042
0.01216422 -0.00065988
-0.00217593 -0.00552346
-0.01077186 0.01411531
-0.00954320 -0.00695215
-0.00012912 -0.01043442
0.01445214 0.00414620
-0.01409711 0.01665092
-0.04932943 -0.01516932
-0.02348182 0.00554999
0.00362418 0.01325818
0.00719378 -0.01599978
0.01168443 -0.00232871
-0.00939215 -0.00926875
0.00996533 -0.01077579
0.01391861 0.00310190
-0.01618300 0.00124135
-0.00639901 0.00364636
-0.00702102 -0.00732955
0.00848751 0.01188756
0.00825172 -0.00156523
-0.01486981 -0.00676839
0.00903264 -0.01740234
-0.00297244 0.00336044
-0.01151473 -0.00336806
-0.00604109 -0.00284589
-0.00669414 -0.00339474
-0.00803277 -0.01196875
0.01206962 0.00008197
-0.00479670 0.00118646
-0.01542348 0.00782101
-0.00420071 -0.00843913
0.00557311 -0.00002153
0.00186803 -0.01158489
0.00318045 -0.00246108
0.01133976 -0.00708081
0.00532989 0.00231135
-0.00841243 -0.00878913
-0.00788376 0.00545768
0.00462599 -0.00696240
-0.03030977 -0.00505816
0.00481566 -0.00618429
-0.01867777 0.00958818
0.02203199 0.02035395
0.02127526 0.00229700
0.00253995 0.00502505
0.01893128 -0.01235144
-0.00744477 0.00187071
-0.00085003 -0.00689895
-0.01223673 -0.00429143
-0.00743601 -0.01346865
-0.02266305 0.00225644
0.00144923 -0.00138472
0.00314482 -0.00927640
-0.01121895 -0.00483209
-0.00864848 0.00476272
-0.01882533 -0.00601536
0.00234100 -0.00831979
-0.00014863 -0.00498895
-0.00249458 -0.00162718
-0.00842821 -0.00633941
0.01083833 0.01656380
-0.00002583 -0.02835246
-0.02143360 -0.00110433
-0.00529440 0.00194895
-0.00247391 -0.00865645
-0.00132901 -0.01374313
-0.01345509 -0.00426937
-0.00956411 0.00011486
0.00650601 0.00332640
-0.00623116 -0.00428115
-0.00520655 -0.00494532
-0.00381922 0.00554269
-0.00335339 0.00346888
0.00727185 -0.01009447
-0.01521238 -0.01551943
0.00944871 -0.00552850
-0.00996725 0.00472996
0.01929798 0.00676832
-0.01597701 -0.01760379
0.01194571 0.00553565
-0.00796379 0.00150694
0.00887984 0.01201672
-0.00551255 0.00746985
0.00553301 -0.00424867
-0.00891679 0.00372472
-0.00004211 -0.01182518
-0.02146775 -0.00132527
0.00955075 0.00808743
0.00388589 -0.01410372
-0.00016869 -0.01154203
-0.01688611 -0.01206996
-0.00803857 0.00000025
-0.00680368 0.00874500
0.00823053 -0.00438455
-0.00705936 0.01213320
-0.01175663 0.00180799
-0.01431274 -0.00486220
-0.00347608 -0.00687876
-0.00389210 -0.01438968
-0.00481251 -0.00954544
0.00861007 -0.01706058
-0.01206396 0.01614343
-0.00702870 -0.01184990
-0.00625136 0.01443700
-0.00513714 -0.00847976
-0.00583227 0.00631893
-0.00207263 -0.00621963
0.01512765 0.00212874
-0.01896762 -0.01354098
-0.01104563 0.00252429
0.00165767 0.00656580
-0.00149949 -0.00678017
-0.00909757 0.00443406
0.01318112 -0.00654672
-0.00342395 -0.01024724
-0.01844764 0.01187987
-0.00894727 -0.00825283
-0.01393182 0.00597926
0.01528542 -0.00277740
-0.00187089 -0.00752157
-0.00492131 -0.00142578
0.00737093 0.00551122
-0.00670520 -0.00645949
-0.00546508 -0.00521961
0.00899337 0.00261024
0.00097604 -0.01774126
0.01514649 -0.01177183
-0.00120632 0.00590636
-0.00039858 -0.01081656
0.00622297 -0.00306535
-0.01289863 0.00328044
-0.00713053 -0.00152790
0.00109369 0.00167056
0.00196507 -0.00438162
-0.00380683 -0.00144692
-0.00446667 0.02116926
0.00549814 -0.00370546
-0.00807919 -0.00074421
0.00945922 -0.00181161
-0.00029214 -0.00387993
-0.00193568 0.01388668
-0.00906600 -0.00128262
0.02164106 0.00119173
-0.02492721 -0.00807005
-0.00131955 -0.00071218
0.00272023 -0.01470163
-0.00315549 0.00025584
-0.00491527 -0.01796208
0.00377898 0.00201718
0.00501715 -0.03507780
-0.00219092 -0.00075451
0.01103121 0.00361452
-0.02214572 0.00660788
-0.01358714 -0.00315947
-0.00137437 -0.01295582
-0.00412597 0.00079290
0.00390818 -0.00201149
-0.01683660 0.02010771
-0.01882465 0.00522038
0.00933675 0.00041176
0.01250465 -0.00761494
-0.00448857 -0.01970688
-0.00058810 -0.00555330
0.01318129 0.00334601
-0.01092089 0.00049313
0.00795653 -0.01809297
0.01368768 0.00056788
-0.00302616 -0.01188392
-0.00725798 -0.01805897
-0.00616077 -0.00907847
-0.00571082 0.00060946
-0.00668930 -0.01078685
0.01384560 -0.00411895
0.00550077 -0.00139555
0.01648279 -0.01685041
-0.00759730 -0.00174893
-0.00525707 0.00919549
-0.01379588 0.01115594
0.00484895 -0.00177668
-0.01008803 0.00468974
0.01497923 0.02057409
-0.00545826 -0.01182771
-0.00980613 -0.01621491
-0.00759812 -0.00557017
-0.00822264 0.00024004
-0.01329956 -0.00649726
0.00937697 0.00578038
0.01302333 0.00605263
-0.00540261 -0.02174223
-0.00234229 -0.02477041
0.00268204 0.01895967
-0.00079254 0.00192192
0.00270841 -0.00035636
0.01391170 -0.01562855
0.02626671 -0.00736113
-0.01224733 -0.00086387
-0.01525709 -0.00136151
0.00115061 0.00926307
0.00142746 -0.00228694
-0.00644083 -0.01214246
-0.00353344 -0.00258989
0.00045294 -0.02328084
-0.01369518 0.01268731
-0.00868185 0.00510683
-0.00529759 -0.00016128
-0.01171249 -0.01219481
0.00271618 0.00569068
-0.00022802 0.00428128
-0.00248669 -0.00131794
-0.00750714 -0.00769078
0.00777055 -0.00448252
-0.00397704 0.01906963
0.00305075 -0.01297368
0.00961420 -0.00468426
0.00794514 -0.01722874
0.02140307 0.00688857
-0.01397458 -0.00166214
-0.02234194 0.00507845
-0.00542875 -0.00836098
0.00344065 -0.01269241
-0.01584873 0.00571474
0.00572703 -0.01771798
-0.00022782 0.00970140
0.01087299 -0.01719375
-0.00328940 0.02701115
-0.00120983 0.02250971
-0.00435019 -0.00444871
0.00495960 0.00164758
-0.00524015 -0.01039994
0.00136887 -0.00707101
0.01509343 -0.00762616
-0.00418782 -0.01284504
-0.00307511 0.00854432
-0.00690914 0.00108921
-0.00830575 0.00831039
-0.00629556 0.02074452
-0.00867932 0.00244643
0.00398716 0.00329414
0.00409922 -0.00247278
0.00316178 -0.00411697
0.00444279 -0.00027539
0.00058801 0.01192441
-0.00543650 -0.00011445
0.00589592 -0.00008325
0.01032286 0.00342212
-0.00555085 -0.00649343
-0.00029803 0.00524099
-0.00113617 -0.00596857
-0.00015321 0.00263402
0.00753221 0.00339150
0.00776869 -0.01084719
0.01313227 0.01056783
0.00284139 -0.01037287
0.00595170 0.00135007
-0.00091119 -0.00270017
-0.01038939 0.00601820
0.00370430 0.00891647
0.01199193 0.01792753
-0.00169904 0.00103594
0.00168240 0.00569742
0.00451236 0.00474531
0.00574142 0.00037912
-0.00392814 0.00177149
-0.00994891 0.00219450
0.01200415 0.01062988
0.01259860 0.05007441
-0.00551254 0.00817190
0.00457552 0.00356504
0.00697569 -0.00443958
-0.01259256 0.00112032
-0.00661668 0.00260128
-0.00816372 -0.00125714
0.00421030 -0.00388236
-0.00742005 -0.00377444
-0.00928539 0.01499309
0.00066016 0.00608058
0.01737677 -0.00513252
-0.00698902 -0.00254038
-0.00569959 0.00358846
0.00200915 -0.00172994
0.01405105 0.01358784
0.00138591 0.00814212
-0.00280838 0.01651108
0.00960547 -0.01337917
-0.00443173 -0.00709617
0.00576288 0.00570177
-0.00411786 -0.01756844
0.00055394 -0.00670564
0.00443293 0.00686339
-0.00810997 0.00815760
-0.00501738 0.00539703
0.00317329 0.00265529
-0.00218734 -0.00440885
0.00704241 0.01543073
0.00430402 -0.00068681
-0.00258673 -0.00160651
0.01585260 -0.00429635
0.00258181 -0.00790722
0.01362830 0.01717317
0.00642400 0.01068790
-0.00318312 -0.00363904
0.00508964 -0.00131462
-0.00430630 0.00347256
0.00164827 0.01033329
-0.01724777 0.00176456
0.00418689 0.00464769
0.00670954 0.00636566
0.00572529 -0.01167452
-0.00502967 -0.00402283
0.00070396 0.01244683
0.01031044 -0.00063779
-0.00427379 -0.00538106
-0.00419829 0.00758942
-0.00573174 0.01212256
-0.00389303 -0.00281817
0.01616290 -0.00187104
0.00624136 -0.00010098
-0.00580060 -0.00084737
0.00002408 -0.00582089
-0.00368128 -0.00290992
0.00210534 -0.00244334
-0.00374485 0.00157667
0.00158883 0.00751529
-0.00509815 0.00885246
0.01222795 -0.00202823
0.00919128 0.00841449
-0.00607870 -0.00345223
0.00448190 -0.00644977
-0.00933237 -0.00261418
0.00850922 0.01061141
-0.00276191 -0.00024684
-0.00028303 0.01558721
-0.01047213 0.00948119
-0.00163846 0.00694899
0.00207205 0.00252415
0.00327769 0.00550878
0.00483351 -0.00195481
0.01438915 0.00341374
-0.00202728 0.00273823
-0.00405018 -0.00544220
0.00516416 0.00534454
0.00949022 -0.00476051
0.00902317 0.00075075
-0.00271104 -0.00784949
0.02086212 0.00287513
0.00116100 -0.01470555
-0.00113927 -0.01355805
-0.00212350 -0.00721339
0.00355589 0.00279030
0.00809319 -0.00139554
0.00086831 0.00292761
0.00983807 0.00266841
-0.00164423 0.00265979
-0.00713170 -0.00592616
0.00174301 -0.00876365
0.00232193 -0.01106879
-0.00047977 0.00335012
0.01409381 -0.00059029
0.00370774 -0.00354481
-0.00207873 0.00303115
-0.00381315 -0.01118016
0.00810436 -0.01710258
-0.01107990 0.00193978
0.00131223 -0.00333653
0.00345397 0.00599252
0.00415752 -0.00314663
-0.00078588 0.00651991
0.01136945 -0.00292970
-0.00594698 -0.00122902
-0.00602485 0.01005222
-0.00623592 -0.00678014
0.01246839 0.01258727
0.00326385 0.00336722
-0.00851607 0.00017191
-0.01076099 0.00264186
-0.00085958 -0.00944571
0.00628813 0.00626060
0.02182044 0.00144265
0.00075611 0.00098002
0.00828887 0.00233680
-0.00391785 -0.00220816
-0.00188868 -0.00692665
-0.01082601 -0.00436876
-0.01087038 -0.01200519
-0.00936158 0.00470843
-0.00994296 -0.00551218
-0.00771040 -0.00863202
0.00116196 0.00043174
-0.00325983 -0.00102061
-0.00461420 0.00592790
0.01282181 0.00162601
0.00819463 0.00247031
0.00850891 0.00984607
-0.00182270 0.00737422
-0.00171201 0.01193987
-0.00124845 -0.00307963
0.01255508 0.00999033
-0.00829931 -0.00059452
0.00622464 0.01926008
0.00635944 0.00020580
-0.00234640 0.01982363
0.00093950 -0.00362655
0.00897785 0.00029452
0.00087811 0.00378041
0.00361669 -0.00442383
-0.00397026 -0.00556464
0.00063351 0.00392382
0.00836609 0.00204410
-0.00009681 0.00523373
0.01066972 -0.00754792
0.01389240 -0.00038081
-0.00508968 0.00106797
-0.00380823 -0.00077090
-0.01295795 0.00126082
0.00404575 -0.00893780
-0.00449600 0.00584957
0.00487615 0.00957528
-0.00124916 -0.01166204
-0.01676405 -0.01146949
0.01063517 0.00319878
-0.00153365 0.00212648
-0.01109530 -0.00171315
0.00511354 -0.00348693
0.00193330 0.00031275
0.00686173 -0.01375446
-0.00187552 -0.00714017
-0.00794385 0.00219387
0.00366649 -0.01193677
0.00728378 -0.00369038
-0.00135901 0.00464221
0.00126262 0.01272955
0.01602061 0.00022305
0.01846786 0.00400826
-0.00385034 0.00291630
0.01575187 0.00704173
0.01372560 -0.00123007
0.00669299 0.01023073
0.00881455 -0.00842354
-0.00134516 -0.00050422
0.00025589 0.01018958
-0.00592435 0.02159700
0.00530158 -0.00112728
0.00657850 -0.01132735
-0.00162072 -0.00815072
-0.00210047 0.00028214
0.00764220 0.00690598
0.00030205 0.00734672
-0.00582731 -0.00559918
0.00506282 -0.00842427
-0.00414454 -0.00405472
-0.00872244 -0.00659144
0.00556725 0.00277450
0.00158055 -0.00809280
-0.00738787 -0.01024389
-0.00371115 -0.01645604
-0.00807602 -0.00505702
0.00239071 0.00216116
0.00054802 0.01010949
-0.00686568 0.00290198
-0.00147644 0.00283234
-0.00319227 -0.00992080
-0.01695781 -0.00507128
-0.00524662 -0.01247507
0.00335522 0.00557532
-0.01316885 -0.01122874
0.00921531 -0.00569968
-0.00547636 0.00867998
-0.00151313 0.00799116
0.00092569 0.00452498
-0.00537202 -0.00222166
-0.00904765 0.01027034
-0.00029842 0.01575151
-0.00791699 -0.02225930
0.01173459 0.01078980
0.01017898 0.01846703
0.02690198 0.01626164
0.02405704 0.01021866
0.01088048 -0.00578315
-0.01167927 -0.01425884
-0.01028084 -0.00634504
-0.01487823 -0.00188059
-0.01711312 -0.01292140
0.00993838 -0.00858754
-0.00564174 -0.01543505
0.00550993 0.00046254
-0.00342637 -0.00201276
0.00187994 0.00323266
0.03303511 -0.01020046
0.00571334 -0.00704015
-0.01402397 -0.01189332
0.00392098 -0.00455365
-0.01585342 0.00466326
-0.02823509 -0.00531662
0.00676660 0.01770229
-0.00059273 -0.00705162
-0.00003323 -0.00135098
-0.00467930 -0.00842887
-0.00822922 -0.01705234
-0.00140397 -0.00182347
-0.01297530 -0.01370613
-0.00766353 0.01339562
-0.01165711 -0.00934764
0.00116807 0.00567405
0.00264455 -0.00730423
-0.00742573 0.00329633
-0.00420321 -0.00748432
-0.01605373 -0.00778764
0.00224196 -0.00799194
-0.00829577 0.00624582
0.01125016 -0.00143628
0.00061041 0.00592119
0.00274165 -0.01738816
-0.01530134 0.01013298
0.00086785 0.00218925
-0.01592136 -0.00315412
-0.01872760 0.00625838
0.01488900 0.00169565
0.00836410 -0.00256758
-0.00486291 -0.00579640
-0.01481877 -0.00918652
-0.00662105 0.01264238
0.00750239 -0.01516914
-0.01391488 0.00132683
0.01574415 -0.00691371
0.00286337 -0.01570289
0.00841554 0.00352347
-0.00205558 0.01134065
0.00949056 0.00228769
-0.00484940 -0.00360551
-0.00249560 -0.01256779
-0.00617331 0.00260098
0.01580580 -0.00520082
-0.01579216 -0.00767941
-0.02420514 0.00865041
0.00507966 -0.00682732
0.00569480 -0.00316946
-0.00604588 -0.00966614
0.00317525 -0.02003405
-0.01608274 -0.00793785
-0.01028722 0.00297601
0.01446878 -0.00501249
0.02333392 -0.03388083
-0.01877311 -0.00727944
0.01278713 0.02059568
0.00488702 -0.01766155
0.00364985 0.00438451
0.01361632 -0.00361521
0.00132245 -0.02623779
-0.00025562 0.00244761
0.00777797 -0.00167999
-0.00832079 -0.01015639
0.01680560 -0.00182019
-0.01792372 0.00406372
0.00434290 -0.00197053
0.00044923 0.00785112
-0.00503316 0.00589792
-0.02004690 0.00949223
0.00273875 -0.00592716
0.01311572 0.00496620
0.00595731 0.00405835
-0.00550574 -0.00969358
-0.02221896 0.00917447
-0.00092944 0.00814940
-0.00111430 0.00284019
0.00534424 -0.00885878
0.00767397 0.00030526
0.00393595 -0.00674780
0.00362137 0.00952790
0.00629720 -0.00130711
-0.00572531 0.00332908
-0.00031583 -0.00483479
-0.00205125 -0.00610403
0.02301581 -0.00051706
-0.00504926 0.00298609
-0.00739585 0.00184598
0.00492308 -0.01328095
-0.01379057 -0.01829701
-0.00743320 0.00519988
-0.00704304 0.01121133
-0.00552506 0.00357064
0.00715561 -0.00041465
0.00915765 0.00993641
0.01782064 0.00103668
-0.01168005 -0.00427960
-0.00707777 0.00091477
0.01437779 0.00417862
0.01483959 -0.00321033
0.00849089 -0.00160703
-0.00884772 -0.00105836
0.01044196 0.00236822
-0.00283804 -0.00250922
-0.01837868 -0.00409138
0.00742353 0.00337717
-0.01162048 -0.00312508
-0.00246026 -0.00001734
0.00555439 -0.01736347
0.00771054 0.01762879
-0.02406970 0.00682141
-0.00816618 -0.00309009
-0.00884390 -0.01050894
-0.00260647 -0.00620382
0.00163262 -0.00452104
-0.01200145 -0.00932384
0.00055544 -0.00387876
-0.00927599 -0.00573535
-0.00506657 -0.00132042
-0.01467999 0.00629720
0.00055042 -0.00906110
-0.01298420 0.00116812
-0.00612156 0.00251541
0.00815595 -0.00848202
0.01057582 0.00656175
0.00172385 -0.00610417
0.00042777 0.00254830
-0.00503279 -0.00238856
-0.01475022 -0.00764402
-0.00784603 -0.00730840
-0.01252101 0.00236339
-0.00786455 -0.00057220
-0.00642695 -0.01824962
0.00407904 0.00797803
0.00562813 0.00989817
-0.00288550 -0.00548117
-0.02928031 -0.00575013
0.01671420 -0.00113181
0.02720182 0.00514592
-0.00838142 -0.00848897
-0.00350884 -0.00530775
0.00722331 -0.00211218
-0.00114108 0.00851560
-0.00432597 -0.00643364
-0.00777168 -0.01449170
0.00081913 -0.00013796
-0.01046727 -0.00365330
0.00722673 -0.00431869
-0.00865929 -0.01678376
0.01692746 0.00247739
0.01438783 -0.01700732
-0.00418437 -0.00569827
-0.00489855 0.00274007
-0.00166024 0.00492495
-0.00724191 -0.00186764
0.00584221 -0.01832663
0.00313789 0.01066217
-0.00029432 -0.02091678
-0.00062991 0.00260156
-0.01562066 0.01835582
-0.00241972 0.00047018
-0.01042455 -0.00831584
-0.00699386 -0.00071350
0.00313237 -0.01097361
-0.01340956 -0.01444031
-0.01122040 0.00406691
0.01324231 -0.01896344
0.00036538 -0.00013138
-0.00083713 0.01030673
0.00390895 -0.01548692
-0.00838107 -0.00519339
-0.01095633 0.00576138
-0.01080145 0.00225179
0.00123811 -0.00778946
-0.00639719 0.00808331
0.00766225 0.00531027
0.00093004 0.01506786
0.00741172 -0.00186937
0.00204522 0.00857229
-0.00749600 -0.00556751
-0.00280032 -0.00025972
-0.00767010 -0.00278656
0.00034683 -0.01143696
0.00093332 0.00985463
-0.00073083 -0.00394248
-0.00562943 -0.00086611
-0.00495693 -0.01201338
-0.00763049 -0.00385282
0.01640534 0.00537483
0.01483475 0.01098092
0.01788625 0.00734274
0.00125411 -0.00825151
0.00392954 0.00541689
-0.00437393 -0.00385755
-0.01025333 -0.00027085
-0.00203606 0.00046838
0.00323195 -0.01731605
-0.01080923 -0.00091514
0.01456440 -0.00266853
0.01505393 -0.00464349
-0.00336203 0.00328837
-0.00560272 0.00445718
-0.01233892 -0.00819030
-0.00917168 -0.01674749
-0.00351784 0.00204702
0.00463023 0.01111149
-0.00223450 -0.01078094
-0.00110576 -0.00422617
-0.02079305 -0.01114394
-0.01659453 -0.00250418
-0.00300989 0.00222257
0.00566869 -0.00040358
-0.00994976 0.00520068
0.00810741 -0.00203697
-0.01307490 0.00897188
0.00101087 -0.00123065
0.01005410 -0.00267888
0.00478749 -0.00084784
0.00976866 -0.00524783
0.00070731 -0.00022107
-0.00355240 0.00531298
0.00473179 -0.00123573
-0.01013658 -0.00053205
0.00174971 0.01599428
0.00983136 -0.01133271
0.00342039 -0.01321363
0.01938836 0.00004706
-0.00278818 -0.00281297
-0.00443470 -0.00501110
0.00880339 -0.00155831
-0.00774616 -0.00312362
-0.00284218 0.00237163
0.00120192 0.00747976
-0.00192498 0.00060456
-0.00198311 -0.00417265
-0.00226672 0.00268749
-0.00331909 0.01112512
-0.00856262 0.00474113
0.00268587 -0.00473701
0.00025349 0.00030105
0.00304005 0.01067740
0.00319628 -0.00357615
0.00349577 0.00258055
0.00416830 -0.01706423
0.01852135 0.00693812
-0.00200417 0.00400255
-0.00082034 -0.00229266
-0.00111720 0.00503329
0.00743845 0.01689428
-0.00919055 -0.00665820
0.00573648 -0.00701318
-0.01162214 -0.00786025
0.00056651 0.00410491
-0.01048499 -0.00755282
0.00467224 0.00957408
-0.00309131 -0.00395699
-0.00164881 -0.01572348
-0.01147595 0.01578355
-0.01154365 0.00228908
-0.00422387 0.00073286
-0.00534438 -0.01043193
0.00068205 -0.00740495
0.00187369 -0.00414909
0.00429312 0.01147239
0.01134079 -0.01009979
-0.01507784 -0.00565336
-0.00931237 0.00681150
-0.00354531 -0.00692041
0.00784382 0.00138668
-0.01224977 -0.00494769
0.00710788 0.00088661
0.01065792 0.00429633
0.01921800 0.00081584
0.00924756 0.00898737
0.00921951 -0.00762105
-0.00001358 -0.01334020
-0.00123378 0.00287977
0.00218875 0.00387362
-0.00309536 -0.00150197
-0.00105370 0.00192295
0.00024977 0.00414995
-0.00732489 0.00986383
-0.00865193 0.00109135
0.00683681 -0.01014316
0.01318930 -0.01005118
-0.00339494 0.00664641
-0.00200985 -0.00397169
-0.00241501 0.01793754
-0.01089660 -0.02904306
0.00802934 -0.00878842
0.01503283 0.00334135
0.01279233 -0.00438567
0.00134019 -0.00444768
0.00217822 -0.00954825
-0.00836721 -0.00167756
-0.00024296 -0.00633998
-0.00404839 0.00722169
0.00047602 0.00530951
-0.00112871 0.01900111
0.02036078 -0.01650074
0.00499872 0.00322006
-0.01614573 -0.00384306
0.00850094 0.01215332
0.00374102 0.01281450
0.01407875 0.00505038
-0.00701333 -0.00492688
-0.01100210 -0.00221978
-0.00642047 0.00103314
-0.01481418 0.00407178
-0.00268241 0.00248713
0.01008770 0.00400348
0.01560554 -0.00709668
0.00753762 0.00866971
0.00514885 -0.00470595
-0.00360841 0.01240365
0.00623334 -0.00193350
0.00824389 0.00597174
0.00868328 0.00712672
0.00528517 0.00913312
-0.01411231 0.00225020
-0.00031271 0.00293956
-0.00325741 0.00211004
0.00765639 -0.00309540
0.00704997 -0.00741587
0.00703032 0.01400337
-0.00818242 0.00895379
0.00297748 0.00087513
-0.00193858 0.00749182
-0.00835107 -0.01215914
-0.00198592 -0.00941535
-0.00310927 0.01254214
-0.00552182 0.00008626
-0.00188671 -0.00887162
-0.00863338 -0.00887034
0.01352279 -0.00689165
-0.00339361 -0.00859698
0.00281124 0.00051412
-0.00352327 -0.00365688
0.00105762 0.01006116
0.00935221 0.01273829
0.00397762 0.00577213
-0.00200202 0.01109915
-0.00693647 -0.00190267
0.00018044 -0.01295121
-0.00095695 0.00190972
0.00028176 0.01050226
0.00691968 -0.00957869
0.00330757 -0.00324964
0.00244424 0.00978872
0.01062977 -0.01151134
-0.00318013 -0.00949650
0.00892663 -0.00099427
0.00503777 0.00862887
0.00340916 -0.00253252
0.00205090 0.00490412
0.00378440 0.00121540
-0.00400850 -0.00037901
0.00344493 -0.01063477
0.00763585 0.01667557
0.00021193 0.00977191
0.00295449 0.00196060
0.02387831 -0.00532687
-0.00533318 0.00805150
0.00525639 0.00844544
-0.00338562 -0.00475498
-0.01975919 -0.00583631
-0.00137361 -0.00696012
0.00709652 0.01905547
-0.00302316 -0.00954482
-0.01092591 0.00935834
0.00232765 -0.00635073
0.00408471 -0.00550140
-0.01234081 -0.00477663
-0.01457229 0.00402692
0.00737288 -0.00682331
-0.00954129 -0.00534090
-0.00104852 0.00522337
0.00805745 0.01371740
0.00023959 0.00646517
0.00560001 -0.00518565
0.00939058 -0.00797622
0.00344423 0.01694387
-0.00599629 -0.00576168
0.01538270 -0.01300660
0.00860739 -0.01057787
0.00758066 0.00263076
-0.00435515 0.00458083
0.00190001 0.00323360
-0.00311021 -0.00168861
0.00141299 0.00676641
0.00089497 -0.01368130
0.02798326 -0.00391552
0.01085404 0.01324929
0.00402995 0.01500761
0.00066015 0.00531961
-0.00399145 -0.00848034
-0.00938879 -0.00523286
-0.00549300 0.00768657
-0.01439526 -0.00079565
-0.00378817 -0.00756626
-0.01147732 0.00438110
0.00035550 0.00064113
-0.00175168 0.00399898
-0.01048974 0.00336094
-0.00062358 -0.00357158
0.01330499 0.00753516
0.00541151 0.01000064
-0.00057050 0.01270596
0.01860953 -0.00052479
-0.00965438 0.00700722
-0.00385002 -0.00085319
-0.01019548 -0.01441008
0.00480016 -0.00187418
-0.00638210 -0.00250752
0.02145165 0.00833039
-0.00728301 0.00157148
-0.00073849 0.00217636
0.01157880 -0.00584966
-0.01376327 0.00264697
-0.00906886 -0.01232184
-0.01044462 -0.00231234
-0.01483116 0.00351394
0.00068602 -0.00659546
0.00038572 -0.01405725
0.00080249 -0.00911498
-0.00832412 -0.00337859
-0.00671208 -0.00576041
-0.00153295 -0.00733570
0.00040562 -0.01584413
-0.00845197 0.00862620
-0.00658845 0.00066237
0.00584693 0.00426519
-0.00561684 -0.00152314
0.00470397 -0.00016357
0.01011162 -0.00358682
-0.00347755 0.01639314
0.00685385 0.00240956
0.01644761 -0.00117024
-0.00011209 0.00072293
0.00297316 -0.00300354
0.01329699 -0.00070040
-0.00242794 -0.00061603
0.00199795 -0.00819354
-0.00369761 -0.00393848
0.00057504 -0.00473425
0.01261378 0.00341932
0.01781144 -0.01069993
0.00271548 -0.00006760
0.01061585 -0.00590697
0.01192824 0.01387205
0.00214095 0.00601509
0.00726122 -0.00056419
0.00163375 0.01049201
-0.00850600 0.01140961
0.00224366 0.01329814
-0.00211768 -0.00034671
-0.00250274 0.00020714
0.00634806 -0.00290988
-0.00153476 0.01335074
0.00854685 0.00988294
-0.00141221 -0.01312907
0.00145248 -0.00019421
0.01170716 -0.00402298
-0.00400502 0.00855082
-0.01146165 -0.00256709
-0.00349015 0.00625144
-0.00075754 0.00814730
0.00297072 -0.00572574
0.01130225 0.00228912
-0.00108456 0.00739979
0.00219475 -0.00059180
0.00496546 0.00065952
-0.01690559 -0.00629417
-0.00081349 0.00449685
-0.00342858 -0.00618754
-0.00712082 -0.00567790
-0.01401518 -0.00852445
0.00412312 0.00249705
0.00655641 -0.00234115
0.00560033 0.01136996
0.00696967 -0.00795706
0.00919348 0.00196843
0.00122717 0.01978904
-0.00813917 0.00369042
-0.00134926 -0.01567318
-0.00514699 0.00282262
0.00377651 -0.00341538
0.00719939 0.00853202
-0.00729108 0.00364749
0.00599440 0.01266574
0.01544686 -0.00923455
0.00358252 0.01361138
-0.00328167 0.00221089
-0.00265057 -0.00113994
-0.00400920 0.00893044
-0.00393139 0.00265628
-0.00576328 0.00096645
0.00192630 -0.00533942
-0.00959664 -0.00290430
0.00304224 0.01189522
-0.00079486 -0.00168327
-0.00025430 0.00064427
0.00221934 -0.00603689
0.00573558 0.02283558
-0.00252809 0.00437006
0.01498176 0.00096106
-0.01397843 -0.01047950
0.01527822 -0.00817338
0.00799926 -0.00376898
0.00144496 -0.00336330
-0.00203150 -0.00977143
0.00602922 0.00011162
0.00498379 -0.00005873
-0.00456000 0.00508706
0.00677709 -0.00589849
0.01068116 -0.00226827
-0.00784988 0.00244122
-0.00710664 0.00510134
-0.00387458 -0.00402468
0.01010868 0.00648897
0.00023099 -0.00675918
0.01037691 -0.00468358
0.00161666 0.00767301
-0.00891645 -0.00491000
0.00263021 -0.01337105
-0.00073522 -0.00795139
-0.00202334 0.00588599
0.01445703 -0.00265821
-0.00629738 0.00610174
0.00612821 -0.00076909
0.01007590 0.01132667
0.00047513 -0.00785596
0.01935029 0.00799330
-0.00365741 -0.00847908
-0.00211346 0.01354319
0.00141073 -0.00154382
-0.00717315 -0.00436428
0.00098907 0.00429492
-0.01512056 -0.00506233
0.00396379 0.00344509
0.00588884 -0.00848525
0.00193639 0.00642211
0.00434441 -0.00197117
0.00321388 -0.00029442
0.00051381 -0.00221173
-0.00497381 -0.00600667
0.00585177 -0.01073524
0.01011303 -0.01136390
-0.00639298 -0.00089114
-0.00986488 -0.00008484
-0.00724771 -0.00481439
0.00476737 -0.01258276
-0.00140947 -0.01665689
-0.00475945 0.00487045
-0.00418505 0.00191595
0.00222054 -0.00745846
-0.01245301 -0.00901285
-0.00448235 -0.00350112
0.00362958 -0.00032426
0.00080198 0.00295376
-0.01489179 0.00157162
-0.00754939 -0.00478352
0.00367285 -0.00158697
-0.00401788 -0.00154268
0.00546487 -0.00279066
-0.00666072 -0.00950138
0.00621020 -0.00325348
0.00488901 0.01028844
-0.00514460 -0.00513656
0.01207866 -0.00026585
0.01221575 -0.00278607
0.01942858 0.00229471
0.00808341 0.00471377
-0.00177265 -0.00484458
0.00979732 -0.01194237
-0.00450552 0.00222229
-0.01100218 0.01001393
-0.00196931 0.01331477
0.00616945 -0.00877713
0.01219854 0.00250444
-0.00146218 0.00341023
-0.00327689 -0.00437323
-0.00351502 -0.00823240
-0.00094375 0.01018257
-0.00105063 -0.00115431
-0.00115647 0.00948357
0.00688301 -0.00004928
-0.00753449 0.00605313
-0.00824002 -0.00089038
-0.01194573 -0.00138064
-0.00276087 0.00062621
-0.00030278 -0.01001244
0.00540098 -0.00173638
-0.01047394 0.00382207
-0.01418665 -0.00127683
-0.00100306 0.00778876
-0.00498598 -0.00863004
0.00138936 0.01170213
-0.01169778 0.00616609
-0.00595642 -0.00572433
-0.01143583 -0.00001959
0.00671990 -0.01101491
-0.00936028 0.00309416
0.00061986 -0.00466496
-0.00045167 -0.00760448
-0.00342673 -0.00504370
-0.00262276 -0.00361677
