0.00164150 -0.00765021
-0.00056281 0.00776329
0.00257597 -0.00280448
0.00161282 0.00905859
-0.00170222 0.01731803
0.00429393 0.00476761
0.00635593 0.00919247
0.00218574 0.00061371
-0.00233634 -0.00281487
0.00061198 -0.00667393
0.00156445 -0.00382835
0.00770477 -0.00079227
-0.00415483 -0.00341618
0.00490377 -0.00036998
0.01860340 -0.00525106
0.00280602 0.00543527
-0.00367202 0.00621832
-0.00500588 -0.01224739
-0.00574314 0.00163873
-0.00796206 0.00177041
0.00430606 -0.00278518
-0.01197893 0.01898418
0.00829181 0.00394283
-0.00404872 -0.00736467
0.01231152 0.00039754
-0.00252165 0.00487191
0.00050202 0.00578406
-0.00439971 -0.00055493
-0.00539106 -0.00320890
0.00800482 0.00120036
0.00361000 -0.00412420
0.00781327 -0.00243537
-0.00242363 -0.00917743
0.00069338 -0.00430874
-0.00626506 -0.00693644
0.01060375 -0.00444811
-0.00077225 0.00153715
-0.00126736 0.00273245
0.00800557 -0.00675233
-0.00953270 0.00435762
-0.00547363 0.00031334
0.00382828 0.00007505
0.00035384 0.00598874
0.00212614 0.00095372
0.00760759 0.00407021
-0.00436196 -0.00373563
-0.00561154 -0.00010140
0.00766067 -0.00091660
0.01660276 0.02489947
0.00502895 -0.00058469
-0.00752149 -0.01110263
0.00183382 0.00191616
-0.00133056 0.00888262
-0.00130506 -0.00070398
-0.00419756 0.00474822
-0.01034854 -0.01090004
-0.00964356 0.00518400
-0.00725205 0.02449343
-0.00318893 -0.00338987
0.00356323 0.00154471
0.00257687 0.01032749
-0.00436252 -0.01149939
0.01159864 0.00528824
0.00331385 0.00569209
0.00708028 0.00159098
0.00650165 -0.00030993
-0.00020723 -0.00349465
-0.01198046 0.01047754
0.01968649 0.00694016
-0.00680830 0.00958295
0.01048262 0.00255087
0.01212077 -0.01648974
-0.00901563 0.00953394
0.01032514 0.00656180
0.00830320 0.00513372
0.00883849 -0.01618123
-0.01079930 0.00362819
0.01583567 0.00650733
-0.00146576 0.00245301
-0.00012782 0.00218346
-0.00916637 0.01198494
0.00334037 -0.00095386
-0.00509077 0.01171439
0.00042490 -0.00450508
0.00699888 -0.00205568
-0.00989981 -0.00350835
0.01061544 -0.00318316
-0.01437496 -0.00173868
0.00162527 0.00337383
-0.00204126 0.00135009
0.00810553 -0.00274987
0.00468728 -0.01084569
-0.01232651 -0.00355223
0.02109026 0.01630132
0.00673746 -0.00966311
0.00157628 -0.01149911
0.01262820 0.01801975
0.00807214 0.00499200
0.01550481 -0.01332969
0.00293681 -0.00405658
0.00753340 0.00506314
0.01140101 0.00089933
0.00412472 0.01757029
0.01427329 -0.00496155
0.00100986 0.00886220
-0.00864678 0.00135404
-0.00220871 0.01309997
0.00500563 0.01060382
-0.00527499 0.00477945
0.02218153 -0.02041154
0.00745603 -0.00028482
-0.01173721 -0.00589721
0.01868976 0.00429109
0.00000114 0.00026150
0.00345348 0.00113902
-0.00098006 0.00075668
-0.00415342 -0.00368799
0.00039236 -0.00084684
-0.01566309 -0.00352561
-0.00843352 -0.01754214
0.01922534 0.01729574
0.01369791 0.00583146
-0.00816836 -0.00568598
0.01666814 0.00227304
0.03897876 -0.01967301
-0.03493142 -0.02671054
0.00369463 0.00752869
-0.00189608 -0.01423526
-0.02689612 -0.01174440
0.00022356 0.01189080
0.00852667 0.00256568
-0.00378495 0.00857085
-0.00837714 -0.01377671
-0.00746826 -0.00259130
0.00419371 0.02107329
0.00604963 -0.01059349
-0.00869103 0.00605924
-0.02508249 0.02035519
0.01498944 -0.01475385
-0.00249458 -0.00477700
0.00189258 -0.00657110
-0.00056418 -0.01282656
-0.00269433 0.00852760
0.00313373 0.01016374
-0.00098319 0.00508864
0.01263766 -0.00709918
-0.00886400 -0.01062500
0.00592894 0.00548822
0.01068044 0.02035977
0.00441144 0.02609970
0.00384793 -0.00008072
-0.01306086 -0.00106988
-0.00606153 0.00870244
-0.00371221 -0.01037287
-0.00733102 0.00231573
-0.01959202 0.00173924
0.00344473 0.01218984
0.01738065 -0.00301996
-0.00806220 0.00716499
-0.01351959 -0.01443509
0.01053929 -0.00607176
0.00880992 0.02440741
-0.00696940 -0.02701217
-0.02936515 0.00088425
-0.00991943 -0.00905715
0.01088634 0.00915594
-0.00436349 0.00101864
0.01617803 0.01203774
-0.02222678 -0.01743308
-0.02516470 -0.00634736
0.01501106 0.02568547
-0.00141105 -0.00536490
-0.00367867 -0.00646236
-0.00477637 0.00109938
-0.01372305 -0.00954074
-0.00736339 0.02171195
0.00476710 -0.00818641
0.00192127 0.01773996
0.01274832 0.00333475
0.00413337 -0.02784669
0.01109664 -0.01454856
-0.00148622 0.01272849
-0.00326703 0.02930497
0.00180980 -0.03317649
-0.03886600 0.01589112
-0.00511523 -0.01013337
0.01827127 0.00255995
0.02000730 -0.00620721
-0.03020974 -0.02456851
0.01250082 0.00950290
0.01199298 -0.00524134
-0.00104664 -0.01750651
-0.00364508 0.00150588
0.01140578 0.00829127
-0.00651693 -0.00054579
0.01764569 0.01406534
0.01838339 -0.00560187
-0.01923764 -0.02533146
0.00400055 0.00913993
0.00898061 -0.02549922
-0.02118694 0.02808446
-0.01858508 -0.01361017
0.03391688 0.01387870
-0.02382771 0.00470044
0.01152818 0.00261114
0.00395147 -0.00804701
-0.02738223 -0.00587189
0.00890383 -0.00983667
-0.01763429 0.02045023
-0.00397586 -0.00923526
0.02660384 0.01010827
0.00000277 0.00508077
-0.00188261 -0.01639331
0.00038471 -0.00204040
0.02560147 0.00471550
-0.00862105 -0.00075413
-0.00268982 0.01126187
0.00677319 -0.00026168
0.01663611 -0.00459794
0.01105131 -0.01035876
-0.01483104 0.00011621
0.00042884 0.00660232
0.00126226 0.00179955
0.00405011 -0.00222901
0.00117737 -0.00025595
0.01424808 -0.00195662
-0.00381941 -0.00104941
-0.01036778 -0.00862280
0.00040641 -0.00009346
-0.00234108 -0.01316866
0.01176402 -0.00509316
0.00517389 -0.00823579
0.00623384 -0.00792061
-0.00956240 0.00051493
0.01535947 0.01479125
0.02877933 0.00297723
0.00314460 0.01656828
0.00152792 -0.00721410
0.02404909 -0.00617112
0.01632698 0.00836868
-0.00380908 0.01532993
-0.00862005 0.01166400
-0.00315763 -0.00996192
-0.00539735 -0.00389911
-0.00898496 0.00759017
0.00663167 0.00841319
0.00650013 0.01178418
0.00788463 0.00256376
0.00124818 0.01054805
0.00594510 0.00548244
0.00698687 -0.00200051
0.00593825 0.01507645
0.00176032 0.00307818
0.00081045 -0.00660620
-0.00528014 -0.00858543
0.00177707 0.00037768
-0.00549009 -0.00140831
-0.00523411 -0.00200867
0.00164359 0.00143542
0.00698170 0.00660854
0.00256414 0.00064810
0.00881075 0.00607401
0.00398643 -0.00798320
0.00760961 0.01286244
0.00196980 0.00371808
0.00776633 -0.00635058
0.00757000 -0.00723436
-0.02155839 -0.00038915
-0.01680197 0.00031473
-0.00600236 0.01574181
0.01525369 0.00807572
0.00972462 0.00785955
0.01110906 0.00083010
0.00201913 0.00666426
0.01819562 0.00192031
-0.01483597 0.01952463
0.00004903 0.00729706
0.00229368 -0.00966813
-0.00180211 -0.00002166
-0.00082698 0.00297402
0.00231748 -0.00154636
0.00013701 0.00105246
-0.01161195 -0.00409863
0.00139879 0.01376209
0.00975488 0.00009306
-0.00501977 -0.01159875
-0.00930365 -0.01280106
-0.01160611 0.00569629
0.00191457 0.00294625
0.00331951 -0.00270538
-0.00574565 0.02949533
0.00315073 -0.00187983
-0.00326497 0.00368986
-0.00540291 -0.00667123
-0.00620959 0.00096608
0.00132017 0.00616043
0.00759235 0.00138782
-0.00744641 0.01330562
0.00117232 -0.01072569
-0.00255124 -0.01314645
0.00984701 -0.00225279
0.00025088 0.00935011
0.00204961 -0.00708772
-0.00276536 -0.00163850
-0.00435237 -0.00615194
0.00240516 0.00024666
-0.01741594 0.03004572
-0.00459020 -0.00187421
0.01448348 -0.01735103
-0.00315169 -0.01343945
-0.00882537 0.00119895
0.00931482 0.00246834
-0.01270480 -0.00111195
-0.00002523 0.00260852
0.01378792 0.00486521
0.00252767 0.00230291
0.00978739 -0.02018513
-0.00318837 -0.01177235
-0.00238587 -0.00413474
0.01320456 0.00544326
0.00505773 0.00016205
0.00014724 0.00401498
-0.00931267 0.00146771
-0.00498323 -0.00882654
-0.00451474 0.00941318
0.00317154 0.00889172
0.00409463 -0.03021208
0.00001760 0.00100930
0.00344374 -0.00327391
-0.00628136 -0.01235159
-0.00226108 -0.00382730
-0.00433748 -0.00640651
-0.00485407 -0.00398651
-0.01519489 -0.01048923
-0.01095148 -0.00341535
-0.00241076 -0.00124741
0.00294702 0.00097399
0.00609935 0.01256401
0.01706841 0.00428626
-0.03047157 -0.00829134
0.01809706 0.01560685
-0.00922311 0.00259505
0.01171479 0.01843565
0.00359204 -0.00717442
0.01630625 -0.00807866
-0.00258268 0.00078874
-0.01849215 -0.00970760
-0.00214344 -0.00733822
0.00653869 -0.00785998
-0.03858382 0.00052244
-0.00158834 -0.00197924
0.00672219 -0.01008368
0.00449093 0.02021211
0.01004536 0.02039066
0.01022440 -0.00035681
0.01167308 0.00363635
0.01363728 -0.00488873
-0.02044131 0.01520455
-0.01351958 0.00201390
0.01413119 -0.02163228
-0.00143473 -0.00711537
-0.00435965 0.00080344
-0.00204533 -0.01937871
0.00444356 0.00421221
0.00499308 0.02367621
0.02547779 0.03151939
0.01500517 -0.01715718
-0.02883030 0.00968749
-0.01024068 -0.02337202
-0.01684380 -0.00056569
-0.02787530 -0.00270533
0.00230923 -0.00671394
-0.00811506 0.00018264
-0.00080788 -0.02048701
0.00377910 -0.04195011
-0.00725651 0.00316361
-0.01761526 0.00737738
0.01287207 -0.00801386
-0.00424972 -0.00558780
-0.01193606 -0.01581902
0.00845813 -0.00373953
-0.01352700 0.01135353
-0.00393793 -0.01355741
-0.01691742 -0.00376263
0.00521111 0.00340739
-0.03784841 -0.01146253
-0.00292039 -0.01046206
-0.00407864 -0.01124105
-0.01673191 -0.00698097
-0.00655304 -0.01003500
-0.00288739 -0.00611193
-0.00175656 0.00773833
0.01133157 0.01072331
-0.00559623 0.00120474
-0.00455274 0.01184011
0.00903422 -0.04182624
0.00262297 0.01273969
0.01258668 -0.00420646
0.00098972 0.03685820
0.01363977 -0.01499288
-0.01136228 0.01465247
0.00098636 -0.00727705
-0.00436171 0.00430288
0.01027860 0.01991086
-0.01316996 -0.00279295
-0.00940159 0.00406632
-0.00321401 0.00393334
0.01615184 -0.02844045
-0.00567732 0.00368331
0.00404092 0.00908876
0.00466479 0.01277950
-0.00793189 0.00471953
0.02644254 0.01178194
-0.00026455 0.00193993
0.00492892 0.00825257
-0.00272826 -0.00743829
0.00420371 -0.00971068
0.00060548 0.00078776
0.01057834 0.00295222
-0.01493735 0.00017708
-0.00790847 0.02162671
0.01056062 -0.00547368
-0.03383213 0.01514103
-0.01304040 -0.00909085
-0.01929903 -0.00523614
-0.00269912 -0.01079155
-0.00101498 0.00121519
-0.00076324 0.00739677
0.00778737 -0.00892669
0.00181519 0.00291881
0.01315181 0.01476172
0.00114522 0.01789097
0.00767464 -0.00857528
0.01565187 -0.02276840
0.02439228 0.02836617
-0.00446488 -0.01803073
0.00677426 0.00072871
-0.00451017 -0.01043187
-0.00438639 0.00309149
-0.00490228 -0.01475974
-0.00220895 -0.00037029
-0.00122443 0.00433543
-0.01635000 -0.01309647
-0.01306404 0.01596181
-0.00183921 -0.02892631
-0.00547560 0.01430381
-0.00196713 0.00783167
-0.00352926 0.00086378
0.01440924 -0.00735072
0.03228977 0.01563245
0.01507923 -0.02147587
-0.00709424 0.01216128
0.01662642 -0.02695323
0.01022794 0.01212300
0.00238167 0.00077487
-0.00968551 0.00536965
-0.01965078 0.01047424
0.00925724 -0.01666439
-0.01267294 -0.00673228
-0.00747283 0.01175004
-0.01368278 0.00148125
-0.05198110 0.03272695
0.02124003 -0.03664426
-0.01563195 0.01558744
-0.02562901 -0.01214757
0.00572106 0.01745807
-0.05248820 -0.01084857
0.01501561 0.00718626
0.00331630 0.00615182
0.00073721 -0.01373461
-0.00571841 0.02068089
-0.00686254 -0.02769156
-0.00697087 0.02586712
0.00508967 -0.03191968
-0.00314499 0.02145699
0.02810399 -0.00879378
-0.00892120 0.00830356
-0.00714823 -0.00544476
0.00023663 -0.00105438
-0.00686737 -0.00790435
-0.01005478 0.01225664
0.00030471 -0.01003638
0.00251720 0.01163807
-0.01280324 0.01606020
0.01763090 0.00783038
0.00982482 0.01857527
0.00896473 -0.02395601
-0.00155944 -0.00291469
0.01471284 -0.03278443
-0.00805419 0.00694937
0.00596802 0.01555543
0.00689886 -0.00522373
-0.01490089 0.00834967
0.00993808 0.00896233
-0.02388922 -0.01254332
-0.00028065 -0.00686429
-0.01051098 -0.00595179
-0.00088785 -0.00660356
-0.01073427 -0.00915480
-0.00799488 0.01745303
0.01282743 -0.02697495
-0.01825294 0.01763813
0.00075647 -0.01377123
-0.00816656 0.00544165
0.01681196 -0.01466098
-0.01146874 0.01062827
-0.01277203 0.00897437
-0.00839424 -0.02107728
-0.00148067 -0.01056959
-0.00850052 -0.00083570
0.01435248 -0.02497869
0.01047314 0.01155842
-0.01106675 0.00208665
-0.00628759 0.00934270
0.01471311 -0.01294555
0.01894458 0.03052784
-0.01420425 -0.01481929
0.01569979 -0.00084019
-0.01604894 0.00218982
0.01263251 -0.00977714
-0.01088526 0.00764233
0.01454355 0.01948753
-0.00179486 0.00183165
0.00867474 -0.00238232
-0.00122112 0.00751470
0.01223746 0.00862613
0.01572906 0.00987061
-0.00509956 0.00806314
-0.00872253 -0.00901631
-0.01293091 -0.00575059
0.01000023 -0.01065472
-0.00715691 0.00476614
0.00896964 -0.01165094
0.00161334 0.03216598
-0.00093790 -0.01912428
0.01389191 -0.01462914
0.00704633 0.00241740
0.01186655 -0.00969243
0.01633033 0.00722226
-0.00595027 0.00363340
0.00009985 0.00015116
0.01322824 -0.00958815
0.00349705 -0.00304245
-0.00213530 -0.00176661
-0.00839465 -0.01409122
0.00038965 0.00435802
-0.00314556 0.00020006
0.00259131 0.00207284
0.00073801 0.00960750
-0.00220259 -0.00652314
0.01875460 -0.00656726
-0.00348267 0.00396360
0.00477331 0.01825131
-0.00091307 -0.00647993
0.00607665 0.00192634
0.00831059 0.03434933
-0.00462769 0.00267406
0.01690229 0.01545125
-0.01120866 0.01329946
0.00196400 0.00697364
0.00228832 0.00362135
-0.00820547 -0.00648673
-0.01600354 -0.01325988
0.00572056 0.00967041
-0.00236554 0.01410079
0.00881011 0.00292263
0.00214013 -0.00190590
-0.00511762 -0.00426956
0.00791745 0.01822015
0.01117819 -0.00416376
-0.00355021 -0.00999129
0.00269836 0.01011777
0.00746670 -0.00572994
0.01471140 0.00629202
0.01493724 -0.00878318
-0.00225063 -0.01589573
0.00467275 0.00181337
0.00732546 -0.00144386
0.00374877 0.00184158
0.00613636 0.01206610
0.00152325 0.00807807
0.00074623 0.00482181
-0.00250638 -0.00897227
-0.00796858 -0.00912454
-0.02078442 -0.02178280
0.00584421 0.01541624
0.00563357 -0.00288687
0.00741247 -0.00261071
0.01076278 -0.00573502
-0.01026928 0.01687481
0.00680130 -0.00294569
-0.01482471 -0.00077421
-0.02284148 0.00161653
-0.00854862 0.00117846
0.01181602 0.01185367
-0.01190784 -0.00252525
-0.00815223 0.00339325
-0.00305277 -0.00258563
-0.01867788 -0.00376773
0.00081742 -0.00849423
0.00654965 -0.00728115
-0.00151216 0.00181354
-0.00817936 -0.01235872
-0.01072837 -0.00275348
-0.00061067 -0.00726869
0.00246712 0.00393818
0.00163667 0.00704343
0.01506133 0.00803964
-0.00225141 0.00666665
0.00288430 0.00049123
0.00513186 -0.00076645
-0.00749229 0.00872666
-0.01195838 0.00533795
-0.01065958 0.00219259
0.00088657 -0.02081378
0.00136188 -0.00231401
-0.00155628 -0.00930494
0.00007870 -0.00824450
0.01523905 0.01589183
-0.00244940 0.00055425
0.03313612 0.01452543
0.01185818 0.00044715
0.00558530 -0.00063450
0.00428907 -0.01133199
0.00455588 0.00170202
-0.00355494 0.00123735
0.00267979 -0.01395597
0.01977924 0.01608177
0.00824443 0.00655644
0.02089997 0.00748193
-0.01160039 -0.00759920
0.00479820 -0.01139426
0.00298872 -0.00867597
0.00080399 -0.00728573
-0.02016305 -0.00074095
-0.01367200 0.00443027
-0.00631439 -0.00572087
0.01178046 0.00735221
0.00321455 0.00348669
0.00355569 -0.00914574
0.02081089 -0.01941444
-0.00768800 -0.00618401
-0.00030603 -0.00307666
-0.00546610 0.01181901
0.00299986 0.00914984
0.01279525 0.02070387
-0.00168707 -0.00571610
-0.00020377 0.01390588
0.03216320 0.00416907
-0.01295694 -0.00881454
-0.03397724 -0.03276988
-0.00850621 0.02652689
0.00031208 -0.00713630
-0.00290384 -0.00173726
-0.00153838 -0.00534850
-0.00098338 0.00495724
-0.00313762 -0.00597537
-0.00912528 -0.00690117
-0.00398482 -0.00335528
0.00140534 -0.00263987
0.01024695 0.01912572
-0.01651526 0.00706784
-0.01182035 0.00136187
0.00333018 0.01449264
-0.03248203 -0.00629017
-0.03782314 -0.01667354
-0.00404987 0.00309722
-0.00164707 -0.00141241
-0.01034964 0.00930347
-0.00246350 0.00316350
0.01423805 0.01400774
-0.00277659 -0.01056811
-0.00969409 -0.01605586
-0.01868323 0.00311026
0.01304178 -0.02024695
0.01182026 -0.00359798
0.01027589 0.02156577
0.00340709 0.00242888
-0.02161069 0.00944012
0.02571911 -0.01191658
-0.00192511 -0.01126338
-0.01804665 -0.00418341
-0.00009614 0.00236987
-0.00542590 -0.00230920
0.00971020 -0.00323194
-0.00417636 -0.00724455
-0.01375337 -0.00977347
0.01178121 0.01958143
-0.00487638 -0.00617703
0.00900307 0.00368150
0.01178589 0.00458310
-0.02127550 0.00911505
0.01150719 -0.00357807
0.00326779 0.00417234
-0.02074295 -0.01637789
-0.00535106 0.00078102
0.00138178 -0.00577794
-0.00401560 0.01426653
0.00780478 -0.02782094
-0.01587902 -0.00015903
-0.01142820 -0.00137010
0.00567414 -0.00349799
-0.00771251 0.01203092
-0.01594257 -0.02045307
-0.01149485 -0.00493521
0.02872154 -0.02201412
0.00609934 0.01462695
0.00770402 -0.00814553
-0.01758421 -0.00948490
-0.01027573 0.00794738
0.02356405 0.00245796
-0.00548768 0.00062150
0.00140045 -0.00936671
-0.00543410 0.00027900
-0.00538245 -0.00658462
-0.00542843 -0.01015614
-0.00828413 0.00728073
0.00203727 -0.01097721
0.01079608 0.01086337
-0.01499071 -0.00782262
-0.00009444 0.00196779
0.00924629 0.01574987
0.00714250 0.00167395
-0.02951728 -0.00595357
0.00140028 -0.00738445
-0.00938894 -0.00663627
0.00959210 0.03177573
-0.00466130 -0.02795697
-0.00869574 -0.00376682
0.02351111 -0.01053527
-0.01119559 -0.00276813
-0.00229326 -0.00576797
0.00457821 0.01989656
-0.02687993 -0.00898237
-0.01065382 -0.00110612
0.01307448 0.02043819
0.00091282 -0.00677104
-0.02093000 0.00328532
0.01019771 0.00398217
-0.00262062 -0.00164088
-0.00512205 -0.01745621
-0.01630322 0.01148700
0.00435556 0.00063229
-0.00002558 0.01069919
0.00687956 -0.01634533
-0.00283265 -0.02405244
0.01460225 0.01557325
0.00009982 -0.01573398
-0.02366303 -0.00510416
-0.00349488 0.00412552
-0.00053324 0.00728245
-0.00783715 0.00594768
-0.01600728 -0.00253424
0.00050523 0.00576388
-0.00500431 -0.01331005
0.00375676 -0.00563758
-0.03214748 0.00658273
0.00038353 -0.00385987
-0.01530285 -0.00392588
0.00631554 0.01573234
0.01428829 -0.00083094
-0.00409925 -0.00917459
-0.00361623 -0.00722647
-0.00994439 -0.00253722
-0.00529459 -0.00828621
0.01425236 0.00927177
-0.01339367 -0.01768405
-0.03146219 -0.01554523
-0.00422153 -0.00082398
0.01129014 -0.00284934
-0.05222660 -0.00523626
-0.00855348 0.02498409
0.02816721 -0.01121154
0.00366546 -0.00966526
-0.00594051 0.01719199
-0.00128165 0.00493943
0.00766553 -0.00567034
0.01328417 -0.01525002
0.00667734 -0.01083784
0.01039201 -0.00271937
-0.00471045 -0.01756031
-0.01236923 0.00134796
0.00793548 0.01384307
0.01171027 -0.01522279
-0.01753782 -0.02464391
0.00851798 -0.00034237
-0.02026549 0.01744197
-0.01748849 0.00022805
0.00565007 -0.00874083
0.01321712 -0.00423493
-0.00607933 0.01156974
-0.02358941 0.00414763
-0.00061059 0.01946903
-0.00360514 -0.01028111
-0.02468556 -0.01083138
0.00018065 0.00003740
0.00685181 -0.00538941
0.00637333 -0.01123314
-0.00787360 0.02379718
0.01594706 0.01935320
0.01828220 0.01146945
0.00176785 0.01663863
0.00318497 -0.00143495
-0.00331136 -0.01087789
0.01018837 -0.01049983
0.01084070 -0.01048593
0.01166616 0.00120271
0.01495718 0.00457287
-0.01355064 -0.00413663
-0.00249422 0.02066135
0.00552977 0.01258038
0.01458614 0.01077158
-0.00310828 -0.02572434
0.00121734 -0.03453388
-0.00079246 -0.00525461
0.02232124 0.01345085
0.00760563 0.01812993
-0.01987280 0.01056319
-0.00475234 0.01228233
-0.00763361 -0.00688501
-0.00890923 -0.00598174
-0.00703513 -0.01514177
-0.00876481 -0.01151517
-0.01950726 0.00192386
0.00102230 -0.02019209
-0.00131418 0.00770449
-0.00600965 0.00192636
-0.00974037 -0.00761257
-0.00709189 -0.01584226
-0.01329646 -0.03165541
0.01846300 -0.00083841
-0.01213826 0.00229003
-0.02030873 0.00102027
-0.03795685 -0.00733378
-0.02434734 0.00272264
0.00115981 -0.00962194
-0.00335203 -0.00547255
-0.01697995 0.00994681
0.01257952 0.00440145
-0.03230506 -0.01538421
-0.00909974 0.01417451
0.01704519 0.00957030
-0.02099790 -0.00503900
-0.00419697 -0.00145151
-0.00509449 -0.01205372
-0.01822498 -0.00805862
-0.01037376 -0.01149907
-0.01066401 -0.00662027
0.01714083 0.00489586
0.02572992 0.02314078
-0.00048201 -0.01128804
-0.00830518 0.01049585
-0.01186922 0.01362425
-0.01806485 -0.01346283
0.00112937 -0.00542019
0.00119308 0.00998959
0.00580109 0.00814404
-0.02575174 -0.00307397
0.00111540 0.02649669
0.01992467 0.01357689
-0.01898353 -0.01540474
-0.01840387 -0.00243050
0.01101085 -0.02310565
0.00167477 -0.00010345
0.00736133 0.00441390
-0.01589912 0.01689975
-0.01367001 -0.01005369
0.01018842 -0.01244425
-0.00329667 0.00217223
0.00052848 -0.00351831
0.00148357 0.00349426
-0.00070697 0.01095356
0.00283545 0.00116457
-0.00634763 -0.00365587
-0.00934466 0.00306265
0.01165760 0.01785453
-0.01544614 0.00236075
0.00578393 0.01458021
0.00130791 -0.00020638
0.00683738 -0.01693000
-0.03126847 0.00914812
0.01248608 0.00284680
0.02046973 -0.02115655
-0.00743512 0.02299670
0.00396623 -0.00495541
0.01713912 0.00380823
-0.00866383 0.00580175
-0.00002539 -0.01844411
0.00673835 -0.00699978
-0.00571649 -0.00288318
-0.00812737 -0.00843146
-0.00640386 0.02140377
0.00991015 -0.01666290
0.01755473 0.01603037
-0.00187719 -0.00064007
0.00553149 0.01165449
-0.02422748 0.00698439
0.01619094 -0.00947701
0.01004040 0.00531621
0.00907234 -0.01785376
-0.00626415 -0.00728149
-0.01306366 0.00143070
0.01132767 -0.00325039
-0.00270020 -0.00693794
-0.00690952 0.01384992
0.01418456 -0.01176673
0.01216054 0.00506364
-0.02923933 0.00312730
0.01371836 -0.00015780
-0.01278881 -0.01442938
-0.00764649 0.01047696
-0.00490488 0.00984937
0.00061017 -0.00297455
0.00544598 0.00728776
-0.00965767 -0.00688722
0.01978506 -0.00607971
0.01895569 0.02357808
0.00081666 -0.01127403
-0.00735287 -0.02047848
0.00131770 0.01212688
-0.00363755 0.01684714
-0.00663746 0.00519300
-0.00211073 0.01424190
-0.00388841 -0.02235520
-0.00820070 0.01375516
-0.01607091 0.00360286
0.00600040 -0.01311965
0.00184861 -0.00219793
-0.00724000 0.00871802
0.00252646 -0.00253178
0.01426873 0.00854303
0.00063595 0.00218455
-0.00156196 -0.00052068
0.01539241 -0.00704677
-0.02228288 -0.00580430
0.01427996 -0.01030496
0.00868806 0.01721590
-0.01167635 -0.00192361
-0.01235649 -0.02455229
0.00505628 -0.00043822
-0.01053034 -0.00785975
0.00972047 0.00712191
-0.01093035 -0.00508194
0.01301220 0.00611237
0.00338625 0.00206001
0.00133413 0.01011830
-0.00741935 0.00824424
0.00706979 0.00961358
0.00194830 -0.01018744
0.00114080 -0.00333736
0.00371674 -0.00165423
-0.00265837 -0.01319968
-0.00936046 0.00975310
-0.00916284 0.00853727
0.00308887 -0.00528304
-0.00098204 0.02050402
-0.00383188 -0.00557943
0.02426383 0.01801106
-0.00683543 0.01410101
-0.00239630 -0.01106913
-0.01516060 -0.01032349
-0.00529175 0.00979258
-0.00804941 -0.00937449
-0.00606371 0.00050461
-0.00191760 0.01565236
0.00422238 0.00437919
-0.00596140 -0.00600450
0.00861225 -0.00738985
0.00873306 0.00810965
-0.00835572 0.00292655
0.01266733 -0.00113946
0.00005814 0.00980067
-0.00143459 0.00487886
0.02277407 0.00717180
0.01299071 0.00864812
-0.01204958 -0.00616421
0.01625151 -0.00317153
-0.00333096 -0.00806843
0.00009615 -0.00531312
-0.00774149 -0.00181464
-0.00187612 -0.00286196
0.02078639 0.00635415
-0.01198877 0.00081496
-0.01239791 -0.01739758
-0.00109229 -0.01982839
0.00489397 -0.00252686
-0.01478149 0.00047190
-0.00686272 -0.00220304
0.02724076 0.00104151
-0.01424187 -0.00581136
0.00632341 -0.00205642
-0.00201257 0.00054227
0.00207369 -0.02891460
0.00460616 0.01798649
-0.01499998 0.00807658
-0.00180795 0.00922749
0.00765699 0.01255966
-0.00228092 -0.02047597
-0.00376586 0.00988291
-0.00461848 -0.00343414
0.00179052 -0.02275826
-0.02245254 0.03072531
-0.00092136 0.00509936
0.02296919 0.01358720
0.00829887 0.00062756
-0.00495411 0.00385569
-0.02657904 0.01611026
-0.00132977 -0.01320919
0.02029273 0.01797972
-0.00070147 0.00790863
-0.00592765 -0.00730987
-0.01071105 -0.01209219
0.00067082 -0.01952849
-0.01115439 -0.01504453
0.00823792 0.03186060
0.02043505 0.00304464
0.02530752 0.00889591
0.00254898 0.01170836
-0.00983187 0.01362149
-0.00352684 -0.01844435
0.00639121 -0.01058255
-0.02493354 0.00094223
0.00029891 0.00604837
0.00796191 -0.00812535
-0.00506302 0.01094805
0.00243025 0.01780764
0.01513186 0.00706126
0.00189057 -0.00017852
0.01340079 -0.03230056
-0.00298040 -0.02061758
-0.02299429 0.00919359
0.03088981 0.00376318
-0.00480277 0.02349039
-0.01598071 -0.00927139
0.00545187 -0.00600419
-0.01010956 -0.00849752
-0.00462930 -0.00884315
-0.00322235 -0.00695914
-0.00933350 -0.00573621
-0.00328401 0.00280091
0.00640800 -0.03448323
-0.00460081 0.01409512
0.00240555 0.00042336
0.01423165 -0.00297258
-0.02063658 -0.02500649
-0.00643999 -0.00326838
0.01462715 0.03119118
-0.00258600 0.00185862
0.00734964 0.00928733
-0.01509755 -0.01536629
-0.01362842 -0.01638383
0.00503736 0.01495012
-0.00895410 0.01428628
-0.00230538 0.01400729
0.01646226 0.01098166
0.01952226 -0.00272853
-0.01052571 0.00612475
0.02818763 0.01518953
-0.01048935 -0.01565742
-0.00074536 -0.00978549
-0.00303875 0.01147290
-0.00193327 -0.00231543
-0.01900621 -0.01794580
0.01564968 -0.00867955
-0.01416490 0.01460184
0.02094758 0.01613566
0.01591391 0.00621422
-0.02683358 0.00020592
-0.00982734 0.00016192
-0.00136535 -0.00841133
-0.00862951 0.01122733
0.02094975 0.00124404
-0.01791753 0.01920325
-0.00266672 -0.02316049
0.00003899 -0.00780014
0.01043597 -0.00407992
0.01403600 -0.00279670
-0.00485605 -0.00149077
0.01838880 0.00660691
-0.01780764 0.01452495
0.00997503 0.00921539
-0.00460080 0.00475166
-0.01756557 -0.00797878
0.01878238 0.01334098
0.01183781 -0.00730696
-0.00306643 -0.00757022
-0.00237205 -0.00636622
-0.00068299 0.00297846
-0.00110325 -0.00240326
-0.01355923 0.00526379
-0.00686251 0.01064330
-0.00690811 -0.01797198
0.01112131 0.00658208
-0.01624025 0.01097348
-0.01094655 -0.02844887
-0.00318461 -0.01381741
0.00504566 0.00135390
-0.00929072 0.00715860
0.00531615 -0.00809078
0.02167646 0.00486556
-0.03068626 0.01752980
-0.00377937 -0.00264833
0.00764759 -0.00465146
0.00176549 0.00178842
-0.00068535 -0.02451953
0.00494805 0.00559766
0.00001730 0.00495764
0.01079545 -0.00008747
-0.02721052 0.01153998
0.00554020 -0.05659389
-0.01486221 -0.01232619
-0.00692548 -0.00125749
-0.00890317 0.00910262
0.00611173 -0.00534185
0.03042887 -0.02023605
-0.01491200 0.00431319
-0.00405910 0.00132775
-0.00081977 0.00477607
-0.00503533 -0.00396959
0.00947545 0.01730089
0.01040564 0.01216704
-0.01016789 0.01721479
0.00198749 -0.03331940
0.01635697 0.02291878
-0.00714183 0.02044082
-0.00594414 -0.00934309
0.00485354 0.00417185
0.00529118 0.02257716
-0.00759047 0.00350979
0.00009597 -0.00864024
0.00328312 -0.00152142
-0.00076323 -0.00245578
0.01102250 -0.00596079
0.00904981 0.00236399
-0.01579616 -0.00836128
0.01985652 -0.00303047
-0.00043937 0.03379014
-0.01179934 -0.00892070
0.00615050 -0.00834517
-0.00240505 0.02812696
0.00408812 -0.02325070
0.00093541 0.01485885
-0.00313874 0.01711288
-0.00062525 -0.00341947
-0.00961048 -0.00222481
-0.00436640 -0.00829834
0.00024334 -0.00346833
-0.00389086 -0.00378713
-0.01636907 0.00459177
0.00313422 -0.03769356
-0.00572210 -0.00662004
-0.00475005 -0.00641063
0.00775538 0.00213732
-0.02548699 0.00113839
-0.01005813 -0.01430489
-0.00681007 -0.01404643
0.00640105 0.00814993
0.00845183 -0.02120083
0.00457805 0.01812290
-0.03204858 -0.00586127
-0.01945220 -0.00080344
0.00649455 -0.00116222
-0.00327162 0.00307363
-0.01190163 -0.01588345
0.01248096 0.01771573
0.01072808 -0.00112744
0.01025091 -0.00645843
-0.00641569 0.01948671
0.01056766 -0.00004405
-0.02229569 -0.00266692
0.01154346 -0.00753805
0.00342770 0.01021254
-0.01991467 -0.02095496
-0.00907834 0.00107593
-0.02023938 -0.00718585
0.00810392 -0.01199112
0.00132583 -0.00491923
-0.01631396 0.00795776
-0.01089264 0.01089413
-0.00873055 0.01484438
0.00229818 0.00020300
0.00409894 -0.01312691
0.00196248 0.00714441
-0.01723051 0.00542564
0.00741401 -0.02435018
0.00358116 0.01545487
-0.00796559 -0.00115183
0.00312220 -0.00723053
0.00247078 0.00211471
-0.00563918 0.01053931
0.00515638 0.00335692
0.01620902 -0.00703861
-0.00998356 -0.00054442
-0.00165324 0.00072327
-0.00386678 -0.00151883
0.00093171 0.00801959
0.00175889 0.00348658
0.00384226 -0.00230122
0.00425663 -0.00340928
-0.01538221 0.00763700
0.00146764 -0.00007383
-0.00854709 -0.00001080
0.00559678 -0.00046379
0.01394056 0.00103217
0.00138082 -0.00405527
0.00837673 -0.00291093
0.00365727 0.00381873
-0.00375409 0.00886592
0.01311493 0.00389756
-0.00952186 -0.01728088
0.00277129 -0.00507512
0.00608690 -0.00197343
0.01162900 -0.00041001
-0.00041971 0.00797643
-0.01428633 -0.00766177
-0.00315842 0.00154482
0.00051936 0.00542524
-0.00935026 -0.00271056
-0.00739452 0.00669174
-0.00902499 0.00139479
-0.00209760 -0.00976647
0.01292389 0.00227471
0.00644489 -0.00758825
-0.00419629 0.00910379
0.00525679 0.00430333
0.00363962 -0.00597434
-0.00344405 0.00578222
0.00006768 -0.00185203
-0.00066868 0.01360534
0.00025277 -0.00709391
0.00809836 -0.00505852
-0.00337709 0.00212525
-0.01833458 -0.00703175
0.00115971 -0.00013069
0.00544183 -0.01060995
-0.00373076 0.00161106
-0.01474593 -0.00894165
-0.00368760 -0.00356907
0.00581949 0.01346886
0.00481571 0.00609087
0.00856513 0.00234082
-0.01088295 0.00019746
0.00427374 0.00273703
-0.00240637 -0.00415096
0.00494981 0.00685415
-0.02105063 -0.00037183
0.00881938 -0.00231348
-0.00010696 0.00569701
-0.01432857 -0.00889613
-0.00638498 -0.00486091
0.00232894 -0.00604519
-0.00489227 -0.00225916
-0.00511472 -0.00276174
-0.00117210 -0.00565970
0.00406919 0.00397726
-0.00047848 0.00816366
0.00669382 -0.01033204
0.01661015 -0.01303784
-0.00309626 0.00469632
-0.00632622 0.00025285
0.00503310 0.00653773
0.00845893 0.00349388
0.00275353 -0.00964283
-0.01347248 -0.00962181
-0.00317897 -0.01623318
-0.00830792 0.00162194
0.00778421 -0.00567460
-0.00311576 -0.01736560
0.00508598 0.00480510
0.00458172 0.01019057
0.00541957 0.01037941
-0.00238925 -0.00473734
0.00239325 -0.00978175
-0.00861293 -0.00317228
0.00981820 -0.00384158
0.00581528 0.01048638
0.00053979 -0.00993509
-0.00163865 0.00491492
0.01734366 0.01554503
0.01283306 0.03874657
0.00089029 -0.00087040
0.00085212 -0.02242541
0.00342305 0.01029339
-0.00218016 0.00707398
0.01167316 0.00474705
0.00086840 0.01056712
-0.00487556 -0.01071867
-0.00366989 -0.00009201
0.01452377 -0.01079742
-0.01194441 0.01077256
-0.00912799 -0.00214620
-0.01413021 -0.00822918
0.00539345 -0.00179568
0.00881056 0.00356070
0.00649257 -0.00805934
0.01102244 -0.00028713
-0.00963858 -0.00042501
0.01821026 0.00407392
-0.00076433 0.00158227
-0.00592755 0.00939938
-0.01412383 0.00999270
0.00216143 0.00216718
-0.00055644 0.00328643
-0.00073088 0.00228691
-0.00154604 -0.01008030
0.01373189 -0.00874837
-0.00316139 0.00633089
-0.00394786 -0.00311016
-0.00673174 0.00441575
0.01478076 -0.00665577
-0.00140269 -0.00245785
-0.01397885 0.00706172
-0.00660340 -0.00117392
-0.01250429 0.00419041
-0.00860253 0.00648045
-0.00623232 0.01255958
0.00891628 0.01132321
0.00169036 -0.00234017
0.02529092 -0.00440518
0.00594314 0.01478912
0.00269847 0.00232592
0.00456805 -0.00730256
0.00261567 -0.01853308
0.00228350 -0.01581292
0.00822427 -0.00000714
0.00799555 -0.00492545
0.00287942 -0.00663786
-0.00279839 -0.00475947
0.00068125 -0.00989765
0.01655579 0.00398225
0.00815914 0.00307085
0.00109870 0.00790220
-0.00631722 -0.00029874
0.00103115 0.00982311
0.00521236 0.00173656
-0.01090131 0.00502628
0.00010868 -0.00022004
0.00028522 -0.00100614
0.00446716 -0.00098364
0.00215078 0.00873662
0.00272986 0.00656142
0.00083190 0.00592025
-0.00268839 0.00857336
0.00766337 0.00599513
-0.00737087 0.00299617
0.01954741 0.00515919
-0.00833321 0.00360174
0.00225003 0.00913230
0.00700674 -0.00994652
-0.01093329 0.00726395
-0.00407363 0.01162681
-0.00482517 0.01451978
0.00220928 0.01178611
-0.01041141 -0.00389885
0.01148114 0.00264622
0.00382547 0.01652801
0.00940041 0.01031274
0.00119112 -0.00449797
0.00210738 0.00089145
0.00256350 0.00008058
0.00295166 -0.00342979
-0.00159075 -0.00073594
-0.00457148 -0.00534848
-0.00851425 0.00632642
0.02454099 -0.00613982
0.00231963 -0.00591256
0.00308895 0.00597671
-0.00043366 -0.00637988
-0.00222912 -0.00404451
0.01350989 -0.00176488
0.00330564 0.00421264
-0.01377254 -0.00991011
-0.00453858 0.00392193
-0.00306665 0.00683915
-0.00587859 0.00281537
0.00029858 0.00033618
-0.00007024 0.00386929
-0.00411652 -0.00902203
0.00090445 0.01520327
-0.00418488 -0.00974624
-0.00605355 0.00715121
-0.02186913 0.00213309
0.01289638 -0.00673249
-0.00922506 0.00350329
0.00842005 -0.00362174
-0.00555060 0.00333667
-0.00751605 -0.01775411
-0.00707377 -0.00654178
-0.00286236 -0.00926912
-0.00055937 -0.00964987
-0.00964936 -0.00445631
-0.00477331 0.00063558
0.00496548 0.02033684
0.00285542 -0.00439890
0.00529152 -0.00156473
0.00899257 -0.00378213
0.00877452 0.02285144
0.00113211 -0.00104521
-0.01493128 0.01301672
0.01112425 0.00118653
-0.01001227 0.00340530
0.00108037 0.01178399
0.00273642 0.00459696
-0.00068229 0.00270370
0.02971012 -0.01213213
0.01185209 -0.00244138
-0.01420810 -0.00824919
0.00362040 0.00079778
0.00197063 0.00161962
-0.00177642 -0.00529969
-0.00061325 -0.00041816
-0.00440308 -0.00754243
-0.00376088 -0.00254191
-0.00670675 0.00038062
-0.00755602 0.00223923
0.00975671 0.00547953
-0.00082552 -0.00078525
-0.00715122 -0.00027710
0.02901410 0.01468424
0.00475740 -0.03337285
-0.02728472 -0.00099692
-0.00339567 0.00143796
-0.00007093 -0.02404475
0.00720669 -0.00751895
-0.01265714 0.01077911
0.01200159 0.00714758
0.01191126 0.02080929
-0.01645526 -0.00504610
0.00080855 -0.01016165
-0.00650253 0.00172082
0.00040280 -0.00187734
-0.02367947 0.01822240
-0.01658886 0.01017297
-0.03843629 -0.00502425
-0.00621057 -0.01207601
0.02313861 0.00917899
-0.01612493 0.01652546
-0.01044067 -0.00434579
0.00914059 0.00480973
-0.00975750 -0.00497356
0.01135415 -0.00625618
0.00116607 0.00758854
0.00497154 -0.00792771
0.00729834 -0.00371288
-0.00164550 -0.00035549
-0.00477917 0.02083245
-0.00823307 -0.01562032
0.00136615 0.01538614
0.03442620 0.04077892
0.01155718 -0.00289636
-0.00121170 0.01186881
-0.01350841 0.00625972
0.00514727 -0.00268975
-0.00915189 0.01735963
-0.02398489 0.00146191
0.00980745 -0.00003333
0.00546329 0.00962318
-0.00438302 0.00054600
0.00830394 -0.00996767
0.02188757 -0.00001628
-0.00721975 0.02488355
0.02255437 -0.00448100
-0.00334167 0.01340256
-0.01442634 0.00885722
-0.02024470 0.01272916
0.00108172 0.01805352
0.01517158 0.02209403
0.00067402 -0.00737014
-0.01275443 -0.00272711
-0.00084409 -0.00316274
-0.01144887 -0.00268614
-0.00200203 -0.01049912
0.01303972 0.01270528
-0.01017053 -0.01170510
-0.00510761 0.00218805
-0.00505884 -0.01284549
0.01114612 0.01295313
-0.00920293 0.00668082
-0.02640359 -0.00690587
-0.02968267 -0.00860032
0.00791537 -0.00413096
0.03017126 -0.00273146
-0.00438617 -0.00793480
-0.01464134 -0.00361193
-0.01994785 -0.01872236
0.00893944 -0.02451133
0.00843239 -0.00065209
0.00584259 -0.01047735
0.00252293 -0.00974373
0.00185562 0.00882240
0.02228840 0.00441498
0.00002328 -0.00783941
-0.00162487 -0.00654735
-0.02427411 -0.02967391
-0.00069556 -0.02803812
0.02101574 -0.00040914
-0.02141908 -0.00718251
-0.00270521 0.00259556
0.00224244 0.01417684
0.00721152 -0.02139078
0.00911144 -0.01038909
-0.00133888 0.00148093
0.00073473 -0.01176883
0.00340052 0.00206412
-0.00651309 0.01650472
0.01202189 -0.00027855
0.01189652 -0.01354089
-0.00430105 -0.00400608
0.02362339 -0.01535710
-0.00852741 -0.00243859
-0.00443723 0.00128790
-0.00671875 -0.00732069
0.00066911 0.00721024
-0.01164570 -0.00413233
0.00740348 0.00163041
-0.02256542 -0.01783803
-0.00095944 0.00045882
0.00282268 0.00492721
-0.00087864 -0.00135830
0.00178929 -0.00918708
-0.00171926 -0.00513100
0.00567755 0.00371907
0.00551538 -0.00738513
0.00596057 -0.01629122
-0.01512364 -0.00877971
0.00816718 -0.00799944
0.02382900 0.00629633
-0.00578362 0.00767611
-0.01581927 0.00771034
-0.00057323 -0.00169101
-0.00335541 -0.00574274
-0.00541341 0.02096918
-0.01194906 0.00657937
0.00251226 -0.01168355
-0.00914996 0.00759748
0.00152750 -0.01177062
-0.00231037 0.00003106
-0.01844232 -0.01487798
-0.02086598 -0.00734495
0.00143979 0.00802048
-0.00581367 -0.01900717
0.01751181 -0.00439769
0.01435595 0.01479573
0.00922116 -0.00374426
-0.00384190 0.00478089
0.00567429 -0.02986497
0.00496765 0.00129688
-0.00783722 0.01813985
0.00208538 -0.00174089
0.00484736 -0.00929731
-0.00286570 -0.01158744
-0.01379290 -0.01254212
0.00914951 0.00633470
0.01092687 0.00843121
0.03191242 0.01897905
-0.00376674 0.00818128
-0.00200274 -0.02447597
0.00084736 -0.01151033
0.00184660 -0.02187196
-0.01768779 -0.00687592
-0.00466382 -0.00599142
0.01092362 -0.00313885
-0.01082215 -0.01169786
-0.01121190 -0.00736504
0.01836016 -0.00889324
-0.02390537 0.00833245
-0.00203036 -0.02013602
-0.00882501 -0.02667841
-0.04147470 0.00252424
-0.00932967 -0.01459397
0.03128062 0.00230577
-0.00066396 -0.01502704
0.00552858 -0.00933545
-0.01448065 -0.01831440
-0.02993927 -0.00831949
0.00010630 0.00239098
0.00310856 -0.00296170
-0.00086973 -0.00014015
-0.00569534 -0.00250851
-0.00180737 0.00040954
0.00293429 0.01596790
0.00038524 -0.00456424
-0.01438317 0.00028867
-0.00089463 0.01455071
-0.00361874 0.00325743
-0.00487480 -0.00156137
0.00272726 -0.01334865
0.01586625 0.02405576
0.00371245 -0.00634661
-0.00003362 -0.00869498
-0.01303224 -0.00099672
-0.00683937 0.02507311
0.01359145 0.01374454
-0.00616690 -0.00789233
-0.00882315 -0.01238511
0.01075141 0.00084700
-0.01563041 -0.01747232
0.00213049 -0.00169606
0.00749017 -0.00474742
-0.02663487 -0.01915268
0.00101759 0.02610461
0.02368822 0.02716698
-0.01490279 -0.00105619
-0.00520337 -0.00185137
-0.00060331 -0.00099785
0.00387012 -0.00288573
0.00005422 -0.00845005
0.00998568 -0.02668639
-0.01482262 -0.00163885
0.01814118 -0.00039868
-0.00700379 0.00792662
0.00020561 -0.00580374
-0.00731095 -0.02790312
0.00771268 -0.00349379
-0.02196974 -0.01381079
-0.00347207 0.01134196
-0.00605432 0.00361528
-0.01514394 0.00149657
-0.00547336 0.00891425
0.01271805 0.01193859
0.00193088 -0.01395299
-0.00114189 0.00053114
-0.00342211 0.01648562
0.00327618 -0.00931109
-0.02277394 0.00611960
-0.00351142 -0.01034247
0.00015873 0.00191937
-0.00474438 -0.00072603
0.00495131 0.00385028
0.01518485 0.00084627
0.00762785 -0.01001240
-0.02111444 0.00190447
-0.00147427 -0.02111957
-0.01786789 -0.00857768
-0.03175134 0.00758200
0.00058482 -0.00060792
-0.00973445 -0.02645018
0.00978743 -0.00014110
0.00194930 0.02364296
-0.00876994 0.00440869
0.00557149 -0.00585814
-0.00294801 -0.00541932
0.00098363 -0.00041116
-0.00617409 0.00831884
0.00462872 0.00100183
0.00985390 0.00293723
-0.01614992 -0.02000448
0.02182226 -0.01653530
-0.00117599 -0.01457809
-0.02913263 -0.00388525
-0.01722815 0.01264818
-0.00334952 -0.00723094
0.00791897 -0.00963619
0.01565197 0.00701770
-0.03062377 0.00096330
-0.01893743 0.01332979
0.00583952 0.00992050
0.00209692 -0.00801399
-0.00883902 0.01751630
-0.00040738 -0.02211820
-0.01190747 -0.00642028
0.00073666 -0.02859068
-0.00031280 0.03061788
0.03178136 -0.00272466
0.01114205 0.01281426
0.01527570 0.01518441
0.00019571 0.00809704
-0.01111210 -0.01698520
0.01238872 -0.00806661
-0.00361414 0.01845448
0.00074585 0.00374184
0.01342202 -0.00908473
0.01172834 0.00412541
-0.01335046 -0.00150822
0.00486640 0.03095654
-0.00318933 0.03229266
0.00469988 -0.03361411
0.01284337 -0.02167051
0.00104956 -0.00064370
0.02568830 -0.00332416
-0.00879234 0.01386927
0.02042701 0.01621632
-0.01606988 -0.00647030
0.00646143 -0.00167081
-0.00943265 0.00541595
0.00006414 -0.00713681
-0.00376365 -0.00387330
-0.00232614 -0.01525274
-0.01018885 -0.02967018
0.01495834 -0.00525899
-0.01170880 -0.00528733
-0.01056291 0.01629163
0.00019423 -0.02348400
0.00510582 -0.00821141
0.00497756 -0.00914444
-0.02079568 0.00902914
-0.00006712 0.00323851
-0.02079539 -0.00628715
-0.01610339 -0.01474866
-0.02087471 -0.00596031
0.01935351 0.01207471
0.00127392 0.00440123
0.00397398 0.00536827
-0.02001674 0.02757593
-0.00797812 -0.01982429
-0.00893803 -0.00782368
-0.01071353 0.00160912
0.00511534 -0.01561462
-0.03184099 -0.00262334
0.00013854 0.00450160
0.02110427 0.00433479
0.00773735 0.00007093
0.01481677 0.01118079
-0.00520985 0.01078214
-0.00195521 0.00695333
-0.00309428 0.00677616
-0.01148952 -0.01599664
-0.00137659 0.00501394
0.01161220 -0.02409324
0.02305936 0.01720243
0.00186743 0.00862680
-0.01131565 0.01938724
0.00081482 -0.01759509
-0.00687989 0.00537009
-0.01204195 -0.01152623
0.00640141 -0.02159751
-0.01890929 -0.01323599
-0.00243628 -0.01013289
