3.815647215e-02 4.430996180e-01
1.144016683e-01 -6.486088037e-02
-8.306337148e-02 1.064203531e-01
-1.698217168e-02 -1.157298312e-02
-1.229583845e-01 -4.640159011e-02
-3.813463822e-02 -5.973804742e-02
8.218828589e-02 -1.702835411e-01
1.354370564e-01 7.947403938e-02
1.811032593e-01 1.594443470e-01
9.504771978e-02 1.917186677e-01
9.933534078e-03 4.521065205e-02
8.337561786e-02 -3.613644466e-02
-2.984685823e-02 -5.808400363e-02
1.942168549e-02 7.237418890e-01
1.815907210e-01 -1.070114449e-01
-5.600233078e-01 8.474423736e-02
4.412457645e-01 -3.034557402e-01
3.326187730e-01 9.111530334e-02
2.726642787e-01 -7.455626875e-02
1.210232545e-02 -9.032359719e-02
-3.902136087e-01 -1.982236356e-01
-1.821726710e-01 -1.826882958e-01
5.425453559e-02 -2.371962368e-01
-3.285523653e-01 -3.644088209e-01
9.026141465e-02 -1.086474303e-02
-1.406027526e-01 1.241148561e-01
-1.143986434e-01 -9.547170252e-02
-7.748789340e-02 -1.055407003e-01
7.176343352e-02 -1.141497791e-01
-1.402716488e-01 -4.970550165e-02
2.585142385e-03 -1.769400835e-01
-3.492757306e-02 1.585871130e-01
-3.265461922e-01 -1.024674103e-01
-2.110965401e-01 -9.887627512e-02
-6.537699699e-02 -2.544274330e-01
-1.802379079e-02 -8.240979165e-03
1.543165557e-02 1.508774702e-02
-1.537764259e-02 1.779513061e-02
-3.506222740e-02 -2.871566080e-02
-3.625212982e-02 7.008848339e-02
2.771324106e-02 -8.409503847e-02
-1.049797162e-01 5.291375518e-02
-1.531283557e-01 5.281109363e-03
-4.431661591e-02 -6.786188483e-02
-5.697601661e-02 -4.730163515e-02
-4.540218785e-02 -5.799838528e-02
-5.534799770e-02 4.955840413e-04
-2.368954010e-02 -9.011282772e-02
-7.589337975e-02 -1.364017744e-02
2.336368896e-02 -5.338224024e-02
6.098817568e-03 1.119366139e-01
-1.036558673e-01 -3.134019971e-01
5.934304595e-01 1.652268916e-01
-1.566988677e-01 -2.997293770e-01
-1.193858683e-01 -2.731408179e-01
-9.159010649e-02 4.281220958e-02
-5.244320631e-02 1.740204357e-02
-1.303980350e-01 1.855906472e-02
-3.017013073e-01 -1.557547748e-01
-2.929572165e-01 -1.602668874e-02
-4.716460407e-02 -3.614583239e-02
5.544730276e-02 -1.355203390e-01
-6.023778021e-02 3.646842763e-02
-1.034330353e-01 -1.015733406e-01
7.398007065e-02 -1.683100563e-04
-2.048875242e-01 -2.703086939e-03
-3.455748782e-02 -2.135367692e-01
-5.599661544e-02 -7.997509837e-02
-2.301385067e-02 -1.009512842e-01
-8.358775079e-02 -8.612746745e-02
5.441476777e-02 -7.415273786e-02
-1.159418002e-02 -1.416306496e-01
2.593730986e-01 -9.522970766e-02
9.995590150e-02 -1.559619457e-01
-2.345964760e-01 -7.628321648e-02
-1.137260795e-01 3.070785403e-01
4.096437395e-01 -6.133254990e-02
-1.553784907e-01 1.286717355e-01
-2.732498944e-01 -1.982568577e-02
1.129416972e-01 -7.949827611e-02
-1.277832538e-01 -1.774835885e-01
3.569120169e-01 -1.663343906e-01
1.348921657e-01 -8.489361405e-02
-7.461117953e-02 -3.831344843e-01
-6.151460484e-02 -1.310208291e-01
-1.120734662e-01 1.825667568e-03
-3.735547885e-02 6.097389013e-02
-1.284371018e-01 -2.746866085e-02
2.899463177e-01 1.540323496e-01
-1.214088127e-01 -8.369284123e-02
-3.403015733e-01 -1.813612282e-01
-1.589819603e-02 1.746783406e-01
1.469762325e-01 6.870330870e-02
-1.738286018e-02 -3.079643846e-02
-6.166570261e-02 2.451764978e-02
-1.246283874e-01 -1.058444083e-01
-7.447325438e-02 -7.255591452e-02
3.049057536e-02 -2.158546448e-01
-6.463207304e-02 4.915209115e-02
-6.010189652e-03 -7.491181791e-02
1.753624529e-01 9.857372195e-02
-2.214306146e-01 4.567968473e-02
-3.175104856e-01 -7.611164451e-02
-1.249991208e-01 -1.679364741e-01
3.375167027e-02 -1.053185761e-02
-9.761810303e-02 -7.999267429e-02
1.262780726e-01 3.683654219e-02
-2.257359922e-01 -9.913745522e-02
4.589072615e-02 -5.952522159e-02
1.023868378e-02 1.607575640e-02
-6.569009856e-04 -2.491135895e-02
4.599641263e-02 2.607448027e-02
-1.595549844e-02 -4.851023480e-02
-1.842329651e-02 8.345874026e-03
-8.488933742e-02 4.782613367e-02
-4.576239735e-02 -7.526273280e-02
-8.457750082e-03 -1.320706215e-02
-4.472293891e-03 -4.337977245e-02
5.256512668e-03 9.625848383e-03
-7.486307062e-03 -1.889327914e-02
2.596462071e-01 -8.903219551e-02
-8.622804284e-02 -4.752717167e-02
-9.367343038e-02 -5.318723619e-03
-1.450182498e-01 -1.764593273e-01
-1.068670824e-01 3.879063576e-02
-1.193123981e-01 1.034676880e-01
1.363042891e-01 -9.562969208e-02
9.328887798e-03 -1.117277425e-02
1.414067484e-02 1.503971815e-01
-3.578933477e-01 -9.325602651e-02
7.149042934e-02 1.094679907e-01
2.460134029e-02 1.812292486e-01
4.693437368e-03 2.654163539e-01
1.961741969e-02 -8.388141543e-02
6.840822846e-02 -1.007428765e-02
5.165885687e-01 1.225391217e-02
4.224662483e-02 3.538239689e-04
1.805024147e-01 -3.248108923e-02
-2.112056911e-01 1.383168995e-01
-1.121630371e-01 -1.157236919e-01
-6.644370407e-02 -5.353144556e-02
1.442722529e-01 1.447888929e-02
-1.192704439e-01 2.508678287e-02
4.860962182e-02 -1.704748906e-02
2.151888758e-01 -9.238932282e-02
-1.508345604e-01 -4.920510948e-01
-1.135134101e-01 -4.522408172e-02
-8.226981014e-02 4.409473240e-01
2.501144409e-01 -2.623740770e-02
-1.797255427e-01 3.526172936e-01
-1.201109216e-01 -5.854260921e-02
-1.831437349e-01 -2.305898070e-01
-2.400971800e-01 -8.524495363e-02
3.684727475e-02 -1.656434089e-01
2.631234527e-01 -2.770765424e-01
2.369330078e-01 8.093038946e-02
-2.616119164e-04 -1.176434453e-04
-1.392198028e-04 1.725084439e-04
2.269173419e-04 -1.336599507e-05
1.248749904e-04 1.703107991e-04
2.089514601e-04 -1.046542384e-04
5.711489393e-06 -8.604634786e-05
2.427654363e-05 -1.574725902e-04
-1.141831526e-04 1.317191491e-04
1.631433406e-04 -1.100147638e-04
-1.845931401e-04 1.340278541e-04
1.108188153e-04 -2.791786392e-04
8.151962538e-05 1.416861633e-04
9.558826685e-01 -1.513119042e-01
1.157027483e-01 9.994025528e-02
-1.063507888e-02 -1.307829022e-01
-5.441282690e-02 -3.866679966e-02
-3.591304421e-01 -2.943764329e-01
1.485357881e-01 1.071917266e-01
8.783997595e-02 -1.804313809e-01
9.045613557e-02 -2.473601997e-01
-2.289809883e-01 -2.376107872e-02
4.690110981e-01 -5.745976791e-02
-1.765006781e-01 1.427376717e-01
4.842143655e-01 9.028814733e-02
-4.405094087e-01 -2.351341695e-01
-5.846580490e-02 4.088779390e-01
4.798762500e-02 2.246540040e-01
-1.148655340e-01 -2.736337781e-01
1.505135149e-01 2.220978588e-01
1.371314079e-01 -2.496376038e-01
-2.960900366e-01 1.390734762e-01
-1.270604283e-01 -6.500756741e-02
1.011985838e-01 -9.698484209e-04
-9.417684376e-02 -4.623869434e-02
-2.880165279e-01 1.599072963e-01
-4.942132831e-01 -2.609946020e-02
-1.444659531e-01 -1.192049384e-01
-7.777056843e-02 -1.516438574e-01
-2.220882848e-02 8.737862110e-02
-4.692412913e-02 -1.227700487e-01
-3.905108944e-02 -5.843367055e-02
-3.369988874e-03 -4.965004325e-02
-8.618218452e-02 -3.476538882e-02
1.426288206e-02 9.704466164e-02
2.304452658e-01 7.316366583e-02
-2.164542079e-01 3.535487130e-02
4.813397303e-02 1.143257543e-01
-2.104989737e-01 1.211448386e-01
-1.075141206e-01 -1.503289640e-01
9.952943772e-02 2.016044855e-01
-3.862457350e-02 -3.191292286e-02
-2.181224227e-01 1.445277631e-01
3.190960884e-01 3.500342369e-02
-1.522176117e-01 -8.193611354e-02
-3.339377940e-01 -4.786714539e-02
-9.932621568e-02 -2.659992576e-01
-3.452241123e-01 -3.294303119e-01
-4.056036845e-02 -2.138112187e-01
2.386807650e-02 -2.130763531e-01
-3.460159525e-02 -2.951094508e-01
-3.176872730e-01 -4.542922676e-01
1.807319559e-02 2.023829818e-01
-8.702121675e-02 -1.758455783e-01
-2.171307951e-01 -1.040429994e-02
2.493154705e-01 -1.317071076e-02
-2.858413756e-02 -5.405364037e-01
5.257934704e-02 -1.967278719e-01
2.378102764e-02 -2.762942202e-02
-3.019437492e-01 -1.346792579e-01
-1.098667011e-01 -9.175589681e-02
-6.921851635e-01 -2.345671207e-01
-3.197740316e-01 -2.196469009e-01
-5.289138108e-02 -8.814758062e-02
-6.628111005e-02 -1.602987498e-01
-4.531607777e-02 -1.068298239e-02
-9.819275886e-02 -1.034029722e-01
1.379367113e-01 6.869072467e-02
-4.963748530e-02 -5.498851836e-02
-1.660549082e-02 -2.120583653e-01
3.186324611e-02 1.818809062e-01
5.286681652e-02 1.709380560e-02
-2.551130950e-01 -9.673027694e-02
-9.971681982e-02 3.096549585e-02
-2.170126587e-01 -6.088757887e-02
6.811803579e-02 -1.030711234e-01
-2.023460343e-02 2.416415699e-02
1.519125700e-02 5.242136773e-03
1.441294607e-02 9.204592556e-03
-3.919568285e-02 -2.383090742e-02
4.900016263e-02 5.338817462e-02
-8.350588381e-03 4.295608401e-02
-9.479361027e-02 -4.063880816e-02
-3.374382854e-02 1.233328227e-02
-3.363711014e-02 -3.653552756e-02
-7.712842431e-03 2.267014701e-03
3.549659997e-02 1.077675670e-01
4.614834487e-02 -4.380248860e-02
-6.228553876e-02 7.822518796e-02
3.089037258e-03 -3.914884850e-02
5.415113270e-02 1.680526733e-01
1.886428595e-01 -4.322146624e-02
-1.125243679e-01 1.333656069e-02
-1.501182467e-01 6.738320738e-02
-1.392135322e-01 -2.959068418e-01
-1.733234376e-01 -3.861434758e-02
-6.228062883e-02 -4.573184624e-02
6.869269162e-02 -2.821043693e-02
-1.540390030e-02 -1.038319618e-01
3.113972582e-02 -6.280425191e-02
5.380911753e-03 -1.132877991e-01
-1.312305499e-02 3.371489793e-02
-5.691943318e-02 5.848108558e-04
-8.952838182e-02 -9.398400038e-02
-4.933972657e-02 3.541006520e-02
2.874821424e-01 -4.388934374e-02
1.506965607e-01 8.694712818e-02
3.985228390e-02 8.550170064e-02
9.233073890e-02 7.588082459e-03
6.411093473e-02 1.805531681e-01
1.979655474e-01 -2.392235957e-02
1.911837310e-01 -1.065129712e-01
-1.218482032e-01 4.430724308e-02
-1.572617590e-01 -1.716192216e-01
-1.289991476e-02 7.543965429e-02
-4.930059612e-02 -1.533927917e-01
-2.573992610e-01 2.588163614e-01
-1.320419181e-02 1.143418904e-02
1.714172512e-01 -1.990298182e-01
7.013095170e-02 -1.452489942e-01
1.210964546e-01 4.977526516e-02
1.847168803e-01 1.663743258e-01
1.502299458e-01 -1.202458143e-01
-2.867235243e-01 -1.137221605e-01
-9.886928648e-02 1.391945686e-02
1.697312295e-01 -2.457845658e-01
9.142525494e-02 -2.056514919e-01
-7.587443590e-01 -3.398717642e-01
5.044643283e-01 -6.608898193e-02
6.637521982e-01 1.076057032e-01
-1.663302183e-01 -1.081098616e-01
-2.206932604e-01 1.936215609e-01
-4.581015110e-01 5.441183224e-02
-1.572919637e-01 2.411122918e-01
-1.650459692e-02 2.208136618e-01
1.800074533e-04 -4.582570109e-04
-2.319581254e-04 -9.330786997e-05
-1.956673514e-04 8.584764146e-05
-2.695870935e-04 -2.007491421e-04
-5.926629528e-04 -2.373104689e-05
1.579876334e-05 -2.614586847e-04
2.397971548e-04 -1.642170682e-04
-3.345393634e-04 2.720145312e-05
-1.107208082e-04 -8.906987932e-05
-2.465737343e-04 -2.563485759e-04
1.068285710e-04 -6.499474694e-05
1.310662337e-04 -7.960804942e-05
-3.157502711e-01 1.813072264e-01
9.641096741e-02 1.642333111e-03
4.779358581e-02 1.230084971e-01
-4.858800769e-01 -4.125291407e-01
-3.004997224e-02 -6.231329218e-02
9.554120153e-02 -1.408180892e-01
-1.467213314e-02 -3.804714978e-01
-4.166170955e-02 1.834966093e-01
-4.804636911e-02 -3.654499352e-02
-4.633053243e-01 8.327732980e-02
7.787111681e-03 1.216495782e-02
-5.993458629e-01 -7.719791681e-02
-2.711896040e-02 -8.373937570e-03
-4.975894094e-02 -2.151542157e-01
1.220794045e-03 -4.045566916e-02
3.015301526e-01 -3.257964179e-02
1.358000189e-01 -3.044901043e-02
-3.502870724e-02 -5.143939331e-02
1.779625565e-01 2.746773958e-01
-1.471156478e-01 -5.804699659e-02
-2.172944099e-01 5.996306613e-02
1.149023399e-01 -6.006715819e-02
5.960285291e-02 3.572976217e-02
3.120324314e-01 2.117039859e-01
7.301262766e-02 -7.829415798e-02
-3.158764169e-02 -1.865834147e-01
-6.033350155e-02 -5.065847188e-02
-1.659260690e-01 -1.029430255e-01
1.993504614e-01 6.887637824e-02
-1.600852311e-01 -3.185109422e-02
-3.068879992e-02 -2.587329745e-01
1.311238110e-01 1.433715820e-01
7.183175534e-02 2.278800495e-02
-3.861225769e-02 6.862771511e-02
1.202657074e-01 -3.750277217e-03
-2.763656527e-02 9.697522037e-03
-1.738673076e-02 -2.161848359e-02
-8.776692301e-02 5.800448731e-02
1.546011418e-01 -5.861796811e-02
1.330440044e-01 1.275170743e-01
-1.588570923e-01 4.698892310e-02
4.726585746e-02 2.241942585e-01
5.697830021e-02 2.470770627e-01
-2.001416832e-01 -7.875980437e-02
1.028633676e-02 7.227700949e-02
1.794814598e-04 -1.299130470e-01
-6.140442938e-02 8.588124812e-02
-1.980319247e-02 1.486593187e-01
3.553604707e-02 -3.718642145e-02
-1.135444045e-01 -4.283510521e-02
-4.490032420e-02 -5.796144903e-02
-8.700259030e-02 -1.116213202e-02
5.664789677e-02 3.286505491e-02
-2.031372301e-02 -3.357790038e-02
3.285804391e-02 -1.169385836e-01
4.278760403e-02 3.915491328e-02
-6.909181178e-02 -2.293629572e-02
-2.161609940e-02 -5.767520145e-02
2.997810021e-02 -5.949980021e-02
6.782367826e-02 -3.522654995e-02
6.491540372e-02 -8.360587060e-02
-1.886009127e-01 -1.203452274e-01
4.025814682e-02 -5.465734378e-02
-4.008676410e-01 -2.260860428e-02
5.231060386e-01 6.102369353e-02
-1.291668266e-01 1.854902357e-01
-5.244943500e-02 -5.085349679e-01
2.616864145e-01 2.256735861e-01
1.438717395e-01 -1.537338644e-01
-1.984165609e-01 -1.240042746e-01
-3.750799969e-02 -2.106761187e-01
-9.583570063e-02 -2.211769819e-01
-3.704508394e-02 -2.804166637e-02
-5.073019490e-02 6.448993832e-02
3.531632712e-03 -1.196698379e-02
-7.913015038e-02 1.665992104e-02
-1.206360571e-02 -7.525982335e-03
-3.440840915e-02 1.636997424e-02
4.807454720e-02 9.755008854e-03
1.742803119e-02 8.187385648e-02
-9.698439389e-03 2.132036909e-02
-3.611284494e-02 2.823292837e-02
-3.309247317e-03 2.003270900e-03
5.695577711e-03 3.864137083e-02
-1.514353603e-02 -8.942043036e-02
2.029023319e-02 1.145722196e-01
-3.064624220e-02 -1.498515904e-01
-9.145769477e-02 1.300417483e-01
-2.778375288e-03 -2.230170220e-01
1.323354617e-02 -1.545306146e-01
-1.060938090e-01 1.201272160e-01
-1.389175951e-01 -2.898456156e-01
-1.992308199e-01 -1.950489283e-01
1.297161877e-01 -7.064812817e-03
-2.063199505e-02 -2.272977680e-02
1.661525480e-02 -2.400410920e-01
5.749681219e-02 -6.058069319e-02
-2.183654346e-02 1.145460680e-01
-3.711613640e-02 -5.340632796e-02
-1.076013371e-01 -1.305681914e-01
1.188800335e-01 -7.312732190e-02
-4.304710776e-02 9.084367752e-02
-1.250107139e-01 -5.861799046e-02
-7.789933123e-03 1.221705005e-01
-1.132339761e-01 -8.465357870e-02
-3.965045139e-02 -1.122689694e-01
2.332353778e-02 -4.585299641e-02
8.021347225e-02 -1.808433533e-01
1.422176212e-01 -9.894224256e-02
1.290924381e-02 -5.467696786e-01
-1.990702003e-02 2.645418048e-01
-4.028322920e-02 5.028588697e-02
2.756134234e-02 5.628616214e-01
-4.626813829e-01 -3.860734636e-03
-1.052430496e-01 -2.963297665e-01
4.535970464e-02 3.157857060e-01
2.385944277e-01 1.601352692e-01
-4.932910204e-02 -1.436480433e-01
2.533382177e-01 3.986297920e-02
2.059489489e-01 1.869170815e-01
-1.121932417e-01 -6.956019998e-02
3.309549764e-02 3.908098340e-01
4.596399516e-02 -1.514633894e-01
-1.036434174e-01 9.082914144e-02
-3.663732708e-01 -4.573193491e-01
3.112642467e-01 9.070919454e-02
1.413628459e-01 3.310077488e-01
3.176438212e-01 -1.794806719e-01
2.839438617e-01 -1.577325314e-01
1.238691658e-01 5.626088241e-04
-4.497051984e-02 3.921841085e-01
-9.902960621e-03 -2.542158961e-01
1.368495673e-01 -1.383506209e-01
-8.205816895e-02 -4.182501882e-02
1.246355101e-02 4.492019862e-02
-2.133130878e-01 -7.391463220e-02
-4.443996027e-02 1.309301984e-02
6.711000949e-02 -4.350653663e-02
5.343651026e-02 -5.093834363e-03
3.303697333e-02 1.766922325e-01
2.276460528e-01 1.493187994e-01
-6.158014759e-02 -9.979256243e-02
5.149404705e-02 1.527334005e-01
-8.688740432e-02 1.734249294e-01
2.164172083e-01 -6.297004223e-02
-1.745558977e-01 -1.846858710e-01
-1.203574426e-02 -9.744554013e-02
-2.095714062e-01 1.373267025e-01
3.571415544e-01 3.974977136e-02
-1.532707214e-01 -9.938313160e-04
-5.432544276e-02 -1.996103972e-01
-5.753133446e-03 -3.186087683e-02
-1.547470540e-01 -1.331058592e-01
5.413236562e-03 -5.679647624e-02
5.752387922e-03 -2.081468403e-01
4.814541340e-02 -1.028132662e-01
1.167951152e-01 4.831694998e-03
-4.094767272e-01 8.668114990e-02
1.360359192e-01 2.979384959e-01
-6.531354785e-02 -8.636524528e-02
1.627363205e+00 1.724367738e-01
-9.460522234e-02 -1.757478341e-02
-3.272152543e-01 -6.893816590e-02
-9.898404777e-02 -1.482851952e-01
-1.224054843e-01 -1.034243852e-01
2.412703633e-02 9.109172970e-02
6.774664670e-02 -2.279268503e-01
-5.592252314e-02 -1.639009565e-01
5.185386539e-02 -6.128222495e-02
-7.806769758e-02 7.751184702e-02
4.248614982e-02 -1.505248398e-01
-2.135843597e-02 -2.685877122e-02
4.209623858e-02 -2.206930518e-01
-4.619349539e-02 -7.903967798e-02
1.171664335e-02 9.901753068e-02
1.283822116e-02 -1.592597067e-01
-9.238864481e-02 -9.959612042e-02
5.897168815e-02 1.051971875e-02
-9.737350047e-02 6.979191303e-02
9.514429420e-02 -8.715055138e-02
3.148742765e-02 -4.228115454e-02
-4.421064630e-03 -3.169255331e-02
-1.062465087e-01 -7.804936916e-02
-1.362347156e-01 -4.625542834e-02
6.091118325e-03 -3.828518465e-02
-7.254100591e-02 1.342520397e-02
5.075732246e-02 -1.119328067e-01
5.413979292e-02 4.616593197e-02
2.882923186e-02 -4.341954365e-02
4.713822564e-04 -8.579657972e-02
2.670543827e-02 -2.300728485e-02
-1.894948445e-02 1.257710345e-02
3.048164248e-01 -2.885272354e-02
8.595518768e-02 -7.045349479e-02
2.256245911e-02 1.111694351e-01
-2.236936055e-02 4.225865379e-02
-2.381434198e-03 2.414814010e-02
-8.899616450e-02 1.270384341e-01
-2.581710741e-02 1.635147631e-02
-8.042208850e-02 -1.710527837e-01
2.061885037e-02 4.554319009e-02
1.751459092e-01 -5.441468209e-02
-1.688214205e-02 6.947958469e-02
5.896545574e-02 3.893791512e-02
-2.410714775e-01 -1.467745379e-02
1.285642647e-04 -3.499466777e-01
-7.436114550e-02 9.250364453e-02
-1.237804890e-01 -2.086097151e-01
2.275115103e-01 2.876449823e-01
-1.925245076e-01 -2.116386890e-01
-9.303838015e-02 -2.500504851e-01
-7.552509010e-02 8.418701589e-02
6.485690176e-02 7.380590588e-02
8.577521890e-03 -3.893538192e-02
-1.802567244e-01 8.798807114e-02
-2.035322636e-01 1.602763832e-01
-3.336757123e-01 -1.776922643e-01
-8.298230916e-02 -4.677797854e-01
8.297817409e-02 1.570137292e-01
2.201655656e-01 -3.270137906e-01
2.085399479e-01 1.904224008e-01
-1.179825366e-01 -4.311776459e-01
6.575629115e-02 4.761238396e-02
-2.191091776e-01 1.178357974e-01
-1.180710644e-02 -9.816600010e-03
-4.580926895e-01 -1.312161386e-01
-4.532712325e-02 -5.673848838e-02
-2.537344694e-01 2.144347578e-01
3.417902887e-01 -1.832353324e-01
-1.779848337e-01 -1.545640230e-01
-2.913754620e-02 -3.072705492e-02
-6.775188446e-02 3.143907189e-01
-6.301584244e-01 9.862110019e-02
-2.143062949e-01 8.553612232e-01
-2.211614996e-01 -1.604424417e-01
1.734016836e-01 -2.078247964e-01
4.673010111e-02 1.561764162e-02
-1.078089029e-01 -1.129591241e-01
1.411813021e+00 -7.973317057e-02
9.393341094e-02 -5.871376768e-02
-2.542977333e-01 -2.386365682e-01
-2.730109990e-01 1.519366354e-01
-9.299633652e-02 2.575569451e-01
1.402391046e-01 -3.614804745e-01
-2.292177081e-01 3.212803900e-01
9.397840500e-02 -4.100836217e-01
7.063759118e-02 -2.257417589e-01
1.340025812e-01 2.308559716e-01
3.736009300e-01 3.691162467e-01
-2.120007724e-01 7.976651937e-02
-4.448961020e-01 3.099223971e-01
-2.558724880e-01 2.780780494e-01
-9.008401632e-02 1.540458500e-01
-1.144702360e-01 9.959741682e-02
6.914117932e-02 2.146617025e-01
9.954847395e-02 1.015022676e-02
-1.199757233e-01 -1.934798621e-02
1.859093606e-01 3.226138651e-01
-9.525685012e-02 -1.168724075e-01
3.777900338e-02 1.633002907e-01
3.923981190e-01 5.114410818e-02
-1.278328300e-01 3.257450461e-01
2.042657733e-01 4.730531946e-02
-1.302159280e-01 7.822747529e-02
