-0.00000014 0.00000005
-0.00000004 0.00000021
0.00000016 -0.00000006
-0.00000008 -0.00000018
-0.00000013 -0.00000000
-0.00000000 -0.00000000
-0.00000000 -0.00000000
-0.00000000 0.00000000
0.00000000 0.00000000
0.00000018 -0.00000003
-0.00000009 0.00000022
0.00000012 -0.00000007
-0.00000011 0.00000002
0.00000003 0.00000014
-0.00000008 -0.00000003
-0.00000003 0.00000010
-0.00000002 0.00000006
0.00000012 -0.00000004
-0.00000000 0.00000019
0.00000011 -0.00000005
0.00000002 -0.00000000
-0.00000005 -0.00000003
-0.00000008 0.00000006
0.00000005 -0.00000006
0.00000019 0.00000016
-0.00000000 -0.00000003
0.00000004 -0.00000001
0.00000013 -0.00000011
-0.00000005 0.00000003
0.00000002 -0.00000004
0.00000001 0.00000004
0.00000006 -0.00000000
0.00000022 0.00000005
-0.00000008 0.00000006
0.00000013 -0.00000000
-0.00000004 -0.00000006
0.00000001 0.00000003
-0.00000002 0.00000008
0.00000008 -0.00000003
-0.00000005 -0.00000004
-0.00000005 0.00000004
-0.00000001 -0.00000001
0.00000003 0.00000002
0.00000002 0.00000006
0.00000003 -0.00000001
0.00000009 0.00000005
0.00000000 0.00000007
0.00000001 -0.00000004
-0.00000004 -0.00000001
-0.00000002 -0.00000002
0.00000010 0.00000007
0.00000010 0.00000001
0.00000001 0.00000004
-0.00000011 0.00000004
-0.00000004 0.00000019
0.00000009 -0.00000012
0.00000003 -0.00000003
-0.00000018 -0.00000011
-0.00000010 0.00000002
0.00000008 0.00000009
0.00000013 0.00000013
-0.00000005 -0.00000007
-0.00000009 -0.00000009
0.00000005 0.00000004
0.00000001 0.00000001
0.00000003 0.00000003
-0.00000002 -0.00000000
0.00000003 0.00000003
0.00000021 0.00000006
-0.00000014 0.00000007
0.00000010 -0.00000004
0.00000002 0.00000003
0.00000005 -0.00000014
-0.00000004 0.00000005
0.00000003 -0.00000012
-0.00000001 0.00000005
-0.00000004 0.00000025
-0.00000010 -0.00000018
0.00000002 0.00000006
-0.00000024 -0.00000003
-0.00000008 -0.00000000
0.00000002 -0.00000003
-0.00000003 0.00000017
0.00000003 -0.00000008
-0.00000006 -0.00000010
-0.00000005 0.00000011
0.00000007 -0.00000006
-0.00000003 -0.00000001
-0.00000004 0.00000001
-0.00000001 0.00000007
-0.00000005 0.00000001
0.00000005 0.00000003
-0.00000000 0.00000002
0.00000000 0.00000004
0.00000010 0.00000017
0.00000005 -0.00000006
-0.00000001 0.00000018
-0.00000006 -0.00000005
0.00000010 0.00000020
0.00000010 -0.00000002
-0.00000002 0.00000016
-0.00000003 -0.00000004
-0.00000007 -0.00000006
-0.00000001 0.00000009
-0.00000007 -0.00000006
-0.00000003 -0.00000005
-0.00000006 0.00000000
-0.00000001 0.00000003
-0.01080794 -0.00980960
0.00230752 -0.00767317
0.01214461 0.01649074
-0.00218532 0.00138660
-0.00974513 -0.00000000
-0.00000000 -0.00000000
0.00000000 0.00000000
0.00000000 -0.00000000
-0.00000000 0.00000000
0.00690164 0.00102525
0.00186731 0.00477995
0.00805413 0.00257922
-0.00657457 0.00317492
0.00660501 -0.00321122
0.00329109 0.00737423
-0.00725980 0.00860431
-0.00169501 -0.01181493
0.00596258 0.00811628
-0.00329891 -0.00159194
-0.00101474 0.00227860
0.00146986 0.00652336
-0.00422214 0.00551632
0.00608959 -0.00290751
-0.00842087 0.00119071
0.00528972 0.01113755
0.00870928 0.00252748
0.00685151 0.00378401
-0.00657347 0.00914241
0.00230693 -0.00875226
0.01321959 -0.00653871
-0.00814050 0.00866319
0.00147592 0.00191011
-0.00000016 -0.00734810
0.00407552 0.00834479
0.00733292 0.00274773
0.00772653 0.00321749
0.00092835 -0.00319107
-0.00461920 -0.00055260
0.00351099 0.00353258
-0.00467894 -0.00210345
-0.00825851 -0.00444927
-0.00532704 -0.00533823
-0.00508162 -0.00227874
-0.00466724 -0.01006354
-0.00292590 -0.00238602
0.00501711 0.00373747
-0.00425027 0.01029926
0.00336724 0.00004053
0.00917552 0.00914346
-0.00590258 -0.00364905
0.00386373 0.00718583
0.00315406 0.01342549
0.00415271 0.00308548
0.00572479 0.00016656
0.01189352 0.00598489
0.00140657 0.01030578
0.00808808 0.01349400
-0.00197127 0.00101464
-0.00221394 0.00789844
-0.00374423 -0.00450980
0.00356495 0.00214085
0.01620428 -0.00758227
-0.00575576 -0.00338829
0.00472521 0.00134093
0.00043740 0.00261365
0.00363161 0.00311467
-0.00133585 0.00161561
0.00371424 0.01545149
0.01667068 0.00334259
-0.00465958 0.00929604
0.01534032 -0.01204321
-0.00720836 0.01646649
-0.00913066 0.00269138
-0.00346257 -0.00698022
0.00352221 -0.00156657
-0.01454401 0.00253913
0.00070554 -0.00912544
0.01035746 0.00291779
-0.01202728 0.00787613
-0.00734008 -0.01522902
0.00719236 0.00531788
-0.00751558 -0.00195060
0.00170213 -0.00312683
0.00732057 0.01708783
0.00058748 0.00438672
-0.01058521 0.00086994
0.00617260 0.00499541
0.00134806 0.00596140
-0.00639022 -0.01096306
0.00188396 0.00722632
-0.00622904 0.00585559
0.00787497 0.00811090
0.01385264 0.00871280
0.00533701 0.02768143
0.01095650 0.00690385
0.00588516 0.00695957
-0.00567452 0.00705646
-0.01006660 -0.01040831
0.01404851 0.00331618
-0.00110458 -0.00609043
0.00242928 0.00936037
0.00997668 0.00558067
-0.00987326 0.00372696
-0.00340928 -0.01006165
0.00523677 -0.00023368
-0.00657330 0.00671374
0.00086355 -0.00804225
-0.00210388 -0.00023821
-0.00000000 -0.00000000
-0.00000000 -0.00000000
-0.00000000 0.00000000
-0.00000000 0.00000000
-0.00000000 0.00000000
-0.00000000 -0.00000000
0.00000000 0.00000000
-0.00000000 -0.00000000
-0.00000000 -0.00000000
-0.00000000 -0.00000000
0.00000000 -0.00000000
-0.00000000 -0.00000000
-0.00000000 -0.00000000
-0.00000000 -0.00000000
0.00000000 -0.00000000
-0.00000000 -0.00000000
-0.00000000 0.00000000
0.00000000 0.00000000
0.00000000 -0.00000000
0.00000000 -0.00000000
0.00000000 0.00000000
-0.00000000 -0.00000000
-0.00000000 -0.00000000
-0.00000000 0.00000000
-0.00000000 -0.00000000
-0.00000000 -0.00000000
-0.00000000 -0.00000000
-0.00000000 0.00000000
0.00000000 -0.00000000
0.00000000 0.00000000
0.00000000 0.00000000
-0.00000000 -0.00000000
-0.00000000 -0.00000000
-0.00000000 -0.00000000
-0.00000000 -0.00000000
-0.00000000 -0.00000000
-0.00000000 -0.00000000
-0.00000000 -0.00000000
0.00000000 -0.00000000
-0.00000000 -0.00000000
-0.00000000 0.00000000
0.00000000 -0.00000000
0.00000000 0.00000000
0.00000000 0.00000000
0.00000000 0.00000000
-0.00000000 -0.00000000
-0.00000000 -0.00000000
-0.00000000 -0.00000000
-0.00000000 0.00000000
-0.00000000 -0.00000000
-0.00000000 0.00000000
0.00000000 -0.00000000
0.00000000 0.00000000
-0.00000000 0.00000000
-0.00000000 -0.00000000
-0.00000000 -0.00000000
0.00000000 -0.00000000
-0.00000000 0.00000000
-0.00000000 -0.00000000
-0.00000000 -0.00000000
0.00000000 0.00000000
-0.00000000 0.00000000
-0.00000000 -0.00000000
-0.00000000 -0.00000000
0.00000000 0.00000000
-0.00000000 -0.00000000
-0.00000000 -0.00000000
0.00000000 0.00000000
-0.00000000 -0.00000000
0.00000000 0.00000000
-0.00000000 -0.00000000
0.00000000 0.00000000
0.00000000 0.00000000
0.00000000 0.00000000
0.00000000 -0.00000000
0.00000000 0.00000000
0.00000000 0.00000000
0.00000000 0.00000000
-0.00000000 0.00000000
-0.00000000 0.00000000
0.00000000 -0.00000000
-0.00000000 -0.00000000
0.00000000 0.00000000
-0.00000000 -0.00000000
-0.00000000 -0.00000000
-0.00000000 -0.00000000
-0.00000000 -0.00000000
-0.00000000 -0.00000000
-0.00000000 -0.00000000
0.00000000 -0.00000000
-0.00000000 -0.00000000
0.00000000 0.00000000
0.00000000 0.00000000
0.00000000 0.00000000
0.00000000 -0.00000000
-0.00000000 -0.00000000
-0.00000000 -0.00000000
-0.00000000 -0.00000000
0.00000000 -0.00000000
-0.00000000 -0.00000000
0.00000000 0.00000000
-0.00000000 0.00000000
-0.00000000 -0.00000000
-0.00000000 0.00000000
0.00000000 0.00000000
-0.00000000 -0.00000000
-0.00000000 0.00000000
0.00000000 0.00000000
-0.01121741 -0.00120593
-0.00190844 -0.01017107
-0.00955236 -0.00878735
-0.00363225 0.00796588
0.00857507 -0.00000000
-0.00000000 -0.00000000
-0.00000000 0.00000000
-0.00000000 0.00000000
0.00000000 -0.00000000
-0.00012746 0.00306819
-0.00879201 0.00608184
0.00613050 0.00491638
-0.00905233 0.01091305
0.01400262 -0.00595111
-0.00690722 0.00672082
-0.00576063 0.01307789
0.01328628 0.00531794
0.00373587 -0.00437166
-0.00393469 -0.00711326
0.00112730 -0.00321964
-0.00208695 0.00157958
0.01298203 -0.00990974
0.00056346 0.00333536
-0.00094560 -0.00481960
0.00353738 0.00233865
-0.00287348 -0.00217391
0.01099531 0.01998989
-0.00430574 -0.00473793
0.00026245 -0.00426588
0.00461092 0.00924144
-0.00269393 0.01046400
0.00084362 -0.00725521
0.00570766 0.00446454
-0.01037916 -0.00335111
0.00619431 -0.00057229
-0.00272917 0.00243678
-0.00087824 -0.00030068
-0.00351790 0.01088112
-0.00304041 -0.01368485
-0.00679797 0.00651639
0.00879075 0.00393273
0.00912655 0.00564773
0.00625567 0.00768484
0.00126284 0.00830378
0.00647018 0.00481999
0.00099260 0.00462129
-0.00386292 0.00995990
0.00284690 -0.00572709
-0.00163669 0.01281897
-0.00882921 -0.00614941
0.00065385 -0.00563969
0.00685107 -0.00739370
-0.00835519 0.00622710
-0.00444402 0.00224818
-0.00817894 0.00660710
0.01133010 -0.01062013
-0.00728410 0.00642866
-0.00515910 -0.01682446
-0.01047320 -0.00069341
-0.00820693 -0.00180067
0.00428918 0.00044023
-0.00556590 0.00218244
-0.00622752 0.00103904
0.00271197 0.00097007
0.00016049 -0.00579296
0.00282879 0.00509798
-0.00551755 -0.00314985
0.00369146 -0.00242715
0.01898988 0.01140593
0.00181544 -0.00118124
0.02822191 -0.00225269
-0.00162168 0.00093789
-0.01741438 0.00240445
-0.00169797 -0.00358139
0.01094503 0.00224773
0.00353992 -0.00366851
-0.01549865 -0.00260663
-0.00038452 -0.00764152
-0.00913235 0.02332459
0.00347262 -0.00207424
-0.00568289 -0.00548215
-0.00613366 -0.00004394
0.00171072 0.00308059
-0.00137418 -0.01564164
-0.00164482 0.01182627
0.01088732 -0.00125616
-0.00025717 -0.00694625
-0.01037529 0.01899611
0.00426927 -0.00097733
-0.00163067 -0.00257358
-0.00723719 -0.00981727
0.00700699 -0.00867746
-0.00338585 -0.00433837
0.00699737 -0.00143935
-0.01438514 -0.00039633
-0.00136529 -0.00589746
-0.00401053 0.01831326
-0.00047628 -0.00245584
-0.00104041 0.00979091
0.00592152 -0.00017202
-0.00288883 0.01283717
0.00438857 -0.00170686
-0.00628499 0.01327975
0.01046812 -0.00452724
-0.00176695 0.00179379
-0.00404934 0.00154557
0.00947233 -0.00674967
0.00476551 0.00203973
-0.00037306 0.00156602
-0.00334896 -0.00530944
0.00598164 0.00617674
-0.00214545 0.00806087
0.00469569 0.00000000
-0.00000000 0.00000000
0.00000000 0.00000000
0.00000000 -0.00000000
0.00000000 -0.00000000
-0.00068742 0.00116608
-0.00171854 0.00680378
0.00898712 0.00417322
0.00141400 0.00704017
0.00553030 -0.00185168
0.00269779 0.00323605
0.00379750 0.01012141
0.00367849 0.00486786
0.00707679 -0.00452811
-0.00100806 0.00244901
0.00408554 0.00871542
0.01065998 0.00412989
0.00185147 0.00531567
0.00150548 0.00075138
-0.00155497 -0.00738593
0.00288245 0.00820471
0.00379825 0.00212300
0.00969275 0.00685332
-0.00195053 0.00037314
0.00562450 0.00096071
0.00593001 0.00612027
-0.00095995 -0.00143725
-0.00189592 -0.00260428
0.00195594 0.00028000
0.00805995 0.00821390
0.00271651 0.00558695
0.00436564 0.00090101
0.00013070 -0.00042665
-0.00405114 0.00271057
0.00488490 -0.00007462
0.00304844 0.00417433
0.00255767 0.00924357
0.00567591 -0.00248271
0.00901785 0.01491265
0.00596203 -0.00141052
0.00791602 0.01053956
0.00236190 0.00302913
-0.00346422 0.01379570
0.00829664 0.00388921
0.00487170 0.00163862
0.00102874 0.00213506
0.00096551 0.00367154
-0.00063052 0.00566036
0.00802355 -0.00149679
0.00884490 0.00441428
-0.00267456 0.00403457
-0.00129279 0.00934183
0.01034580 0.00474624
-0.00272418 -0.00003720
-0.00229215 0.00086916
0.00375447 -0.00305264
0.00043568 0.00842106
0.00243297 -0.00183088
0.00149953 0.00563513
0.00342973 0.00358504
0.00267511 0.00242659
0.00465063 0.00407446
0.00134825 0.00415143
0.00331249 0.00568181
0.01071619 0.00745868
0.00364847 0.01216264
0.01093854 -0.00437967
0.00060299 0.00890950
0.00057708 -0.00270986
-0.00580023 0.00297964
0.00610396 -0.00366732
0.00000038 0.00508567
-0.00174463 0.00647568
0.00766510 0.00112568
0.00694558 0.01290210
0.00857889 -0.00171365
0.00534453 0.00017610
0.00096297 0.00595443
0.00153117 -0.00197776
0.00472801 0.00605919
-0.00361314 0.00130129
0.00349102 0.00292205
0.00562678 0.00116672
0.00896763 0.00748393
0.00259929 -0.00105003
0.00324936 0.00002464
-0.00040196 -0.00004035
-0.00282566 -0.00019688
0.00395847 0.00043831
-0.00725645 0.00410474
-0.00064729 0.00445657
-0.00021006 -0.00112129
0.00280381 0.00282495
-0.00226162 -0.00253354
0.00315023 -0.00217545
0.00031980 0.00013958
-0.00292696 0.00449039
0.00974494 0.00338791
-0.00385279 0.00508105
0.00491644 -0.00267953
0.00190668 0.00168957
0.00195240 0.00192418
0.00560640 0.00156866
-0.00041562 -0.00025414
-0.00000000 0.00000000
0.00000000 -0.00000000
-0.00000000 -0.00000000
-0.00000000 0.00000000
-0.00000000 0.00000000
0.00000000 0.00000000
0.00000000 -0.00000000
-0.00000000 0.00000000
-0.00000000 -0.00000000
0.00000000 -0.00000000
0.00000000 0.00000000
0.00000000 0.00000000
-0.00000000 0.00000000
0.00000000 -0.00000000
-0.00000000 0.00000000
-0.00000000 0.00000000
0.00000000 0.00000000
0.00000000 -0.00000000
-0.00000000 -0.00000000
-0.00000000 0.00000000
0.00000000 0.00000000
0.00000000 0.00000000
0.00000000 0.00000000
-0.00000000 0.00000000
0.00000000 0.00000000
0.00000000 -0.00000000
0.00000000 0.00000000
-0.00000000 0.00000000
-0.00000000 -0.00000000
0.00000000 -0.00000000
-0.00000000 0.00000000
-0.00000000 -0.00000000
-0.00000000 -0.00000000
0.00000000 0.00000000
0.00000000 -0.00000000
0.00000000 0.00000000
0.00000000 -0.00000000
0.00000000 0.00000000
0.00000000 -0.00000000
-0.00000000 0.00000000
-0.00000000 -0.00000000
-0.00000000 -0.00000000
0.00000000 0.00000000
-0.00000000 -0.00000000
-0.00000000 -0.00000000
0.00000000 0.00000000
0.00000000 -0.00000000
0.00000000 0.00000000
0.00000000 0.00000000
0.00000000 -0.00000000
-0.00000000 -0.00000000
-0.00000000 0.00000000
0.00000000 -0.00000000
0.00000000 0.00000000
0.00000000 0.00000000
0.00000000 0.00000000
0.00000000 -0.00000000
-0.00000000 0.00000000
0.00000000 -0.00000000
-0.00000000 -0.00000000
0.00000000 -0.00000000
-0.00000000 -0.00000000
0.00000000 0.00000000
-0.00000000 -0.00000000
0.00000000 0.00000000
-0.00000000 -0.00000000
-0.00000000 -0.00000000
-0.00000000 0.00000000
0.00000000 0.00000000
-0.00000000 0.00000000
0.00000000 0.00000000
-0.00000000 0.00000000
-0.00000000 -0.00000000
0.00000000 -0.00000000
0.00000000 -0.00000000
0.00000000 -0.00000000
-0.00000000 -0.00000000
0.00000000 0.00000000
0.00000000 0.00000000
-0.00000000 -0.00000000
-0.00000000 -0.00000000
0.00000000 -0.00000000
0.00000000 -0.00000000
-0.00000000 0.00000000
-0.00000000 0.00000000
0.00000000 0.00000000
-0.00000000 0.00000000
0.00000000 0.00000000
0.00000000 -0.00000000
0.00000000 0.00000000
-0.00000000 -0.00000000
-0.00000000 -0.00000000
0.00000000 0.00000000
-0.00000000 0.00000000
-0.00000000 0.00000000
-0.00000000 0.00000000
0.00000000 0.00000000
-0.00000000 -0.00000000
0.00000000 0.00000000
0.00000000 0.00000000
0.00000000 0.00000000
0.00000000 -0.00000000
0.00000000 0.00000000
0.00000000 -0.00000000
0.00000000 0.00000000
0.00000000 0.00000000
0.00000000 0.00000000
0.00000000 0.00000000
-0.00597191 -0.00567981
-0.00575363 -0.00027198
0.00284376 -0.00725416
0.00565098 -0.00012789
0.00016685 -0.00000000
-0.00000000 -0.00000000
-0.00000000 0.00000000
-0.00000000 0.00000000
-0.00000000 -0.00000000
-0.00649050 -0.00631009
-0.00807099 0.00634932
-0.00080014 -0.00485962
-0.00163614 -0.00269142
0.00021707 0.01149390
0.00081726 0.00265755
0.00762133 -0.00418541
0.00583334 -0.00155325
-0.00153936 -0.00600787
-0.00739087 -0.00411308
0.01199403 -0.01103544
-0.00158380 0.00267580
-0.00218524 0.00064240
-0.00720458 -0.00344759
-0.00522429 -0.01036715
-0.00275142 -0.00376972
-0.01607842 0.00145468
-0.00221551 -0.00282744
0.01250896 0.00670543
0.00343047 0.02723959
0.00818755 0.00691671
-0.01375294 0.00399292
0.00712874 -0.00422106
-0.00498016 0.00098806
-0.00428968 0.01292068
0.00313111 0.00395938
-0.00457300 0.00054691
-0.00274450 -0.00643358
-0.00573689 -0.00050400
-0.00515010 -0.00825624
-0.00086490 -0.00555983
0.00103662 -0.00017089
-0.00326650 -0.00051733
0.00502022 0.00413417
0.00014349 0.00573072
0.00650901 0.00253011
-0.00219435 -0.00646477
-0.00501317 0.00408555
0.00398372 -0.00241893
0.00325287 -0.00883354
-0.00106180 -0.00079671
0.00203065 -0.00055957
-0.00086810 0.00347780
-0.00058074 -0.00356213
-0.00457651 -0.00255848
-0.00141737 -0.00479426
-0.00015652 -0.00216635
0.01610242 -0.00082693
0.00516467 -0.00968295
-0.00107625 -0.00301946
0.00364255 0.00104508
-0.00603798 0.00339829
-0.00540324 -0.00105064
0.00218383 -0.00681853
0.00265379 0.00095982
-0.00392778 0.00304358
0.00170926 -0.00068381
0.00113060 0.00165132
0.00225869 0.00072553
0.00373009 0.00222676
-0.00183265 0.00424891
0.00462020 0.00498132
-0.00156250 0.00068031
0.01410380 0.00622937
0.00192267 0.01341107
0.00156483 0.00722702
-0.00163981 0.00358458
-0.00593897 0.01685660
-0.00218447 0.00130410
0.01765091 -0.00078301
0.00906571 -0.01020020
-0.00378209 0.00217927
-0.00165764 -0.00225260
-0.00331971 0.00503959
0.00143381 -0.00300165
-0.00193238 -0.00238253
0.00244944 0.00307338
-0.00257380 -0.00456123
0.00737373 0.00142413
0.00579991 -0.00288527
-0.00186190 -0.00161849
0.00184470 0.00561772
-0.00275919 0.01146861
-0.00358517 0.00222001
-0.00121269 -0.00284753
0.00308928 0.01443418
-0.00556137 -0.00431558
0.01181501 0.00404827
0.01137928 -0.00574493
0.00193062 0.00348276
-0.00879244 -0.00244562
0.00003089 0.01542247
0.00127367 -0.00139064
0.00251595 -0.00969882
0.00289038 0.00434256
0.00438454 0.00473846
0.01493762 0.00384393
0.00266371 -0.00094407
0.00304464 0.00248069
0.00194200 -0.00454850
0.00208164 -0.00511730
-0.00255676 -0.00071299
0.00701371 0.00815932
-0.01140075 -0.00000000
-0.00000000 -0.00000000
-0.00000000 -0.00000000
-0.00000000 0.00000000
-0.00000000 -0.00000000
0.00662333 -0.00084966
-0.00237731 0.00654894
0.00534430 -0.00206103
0.00086179 0.00590443
0.00488660 -0.01367502
-0.00413481 0.00278238
-0.00536842 -0.00431201
-0.00708837 0.01102402
0.00103057 0.01577097
0.00120525 -0.00410719
-0.00747666 -0.00115683
-0.00722073 -0.00891058
0.00136845 -0.00519719
-0.00736421 0.00695990
-0.00611148 -0.00292716
0.00270042 -0.00117557
-0.00443906 0.00397413
0.00892762 -0.00362199
-0.00677373 -0.00322626
0.00133074 -0.00757779
-0.00425601 -0.00731040
0.00179800 -0.00333992
0.02304429 0.00467690
-0.00238149 -0.00405882
-0.00380895 -0.00270097
0.00197394 -0.00207194
-0.00770207 -0.00104698
0.00291412 0.00041069
0.00160606 -0.00001957
-0.00191895 -0.00622064
0.00532963 0.01067053
-0.00375704 -0.00641490
-0.00760680 -0.00799280
-0.00500223 -0.00888128
-0.00769050 -0.00739868
-0.00410067 -0.00139279
0.00928851 0.00283070
-0.00777074 0.00362124
-0.00018145 0.00521442
0.00325303 0.00789738
-0.00667900 0.00814884
-0.00576554 0.00155754
-0.00882638 -0.00274859
0.00146613 -0.00047314
0.00411606 -0.00813294
0.01937596 0.00311486
-0.00083696 -0.00559528
-0.00063522 0.01075093
-0.00260110 -0.00158275
-0.00384356 0.01724953
-0.00324071 -0.00180408
-0.00502919 -0.00792662
0.00210206 0.00255095
0.00799369 -0.01061950
0.00275187 -0.00089884
-0.00275249 0.00002837
0.00133120 -0.00179831
0.00079127 0.00101429
0.00113534 0.00203987
0.00414088 -0.00726289
-0.00769155 -0.00184668
0.00361866 0.00156690
-0.00758784 0.00231475
-0.00975632 -0.00402904
-0.00090031 -0.01283022
-0.01480702 -0.01093759
0.00187200 -0.00435768
0.00512990 -0.01670411
0.00146580 -0.00311083
-0.00307786 0.00089146
-0.00370250 -0.00547360
-0.00039577 0.01499452
0.00835936 -0.00484813
0.00193487 -0.00237183
0.00121872 0.00525747
0.00108002 0.00753107
-0.01117465 -0.00535462
0.00302623 -0.00643479
0.00196619 0.00431633
-0.00389375 -0.00753994
-0.00358683 0.00819845
-0.00387808 -0.00418640
0.00703837 -0.00384238
-0.00871311 -0.00131977
-0.00055406 0.00581984
0.00119689 0.00839966
0.00123475 -0.00032864
-0.00584050 0.00163076
-0.00219746 0.00068964
0.00085336 0.01049495
0.00368649 -0.00447219
-0.00035946 0.00011425
0.00130470 -0.00678088
-0.00963925 0.00163000
-0.00656606 -0.01644276
-0.00178954 0.00365518
-0.00638376 0.00794585
0.00452320 -0.00583054
-0.00179750 0.01632760
