-0.00764360 -0.00557887
-0.00385718 -0.00490038
0.00252383 -0.00481605
0.00248709 0.00795785
0.00387420 0.00000000
-0.00000000 -0.00000000
-0.00000000 -0.00000000
-0.00000000 0.00000000
0.00000000 -0.00000000
-0.00537503 -0.00666007
-0.00248534 -0.00155590
0.00498277 -0.00304533
0.00161397 0.00509634
0.00071505 -0.01255893
0.00787614 -0.00204496
0.00363146 0.00961282
0.00279129 -0.00807481
0.00624061 -0.00796237
-0.00156624 -0.00226337
0.00235314 0.00134454
0.00246875 0.00905395
-0.00302898 -0.00388300
0.00464302 -0.00486498
-0.00777659 -0.01004840
-0.00658596 -0.00039835
-0.00464281 0.00133573
0.01016374 0.00482058
-0.00344079 0.01321854
0.00264615 0.00165719
0.01051019 0.00040626
-0.00345822 0.00073312
-0.00714840 -0.00867752
-0.00432100 -0.00076926
-0.00349249 0.00343662
0.00663429 -0.00117566
-0.00056055 0.00434880
-0.00289331 -0.00545544
0.00028882 -0.00565830
-0.01023043 -0.00916583
0.00505838 0.00425634
-0.00014128 0.00254309
0.00273090 -0.00494526
0.00462956 0.00610474
-0.00022128 -0.00244958
0.00192458 -0.00020207
-0.00628428 -0.00382070
-0.00122494 -0.00410446
0.01090505 0.00696610
0.00267139 0.00399389
-0.00394198 0.00083172
0.00173718 0.00625355
-0.00052809 0.00969137
0.01016156 0.00448190
0.00290545 0.00095263
-0.00991850 0.00053789
0.00558584 -0.00798511
0.01177305 0.01634460
-0.00799076 -0.00288987
-0.00908739 0.00042773
-0.00266272 0.00730222
-0.00243338 -0.00422348
-0.01118819 0.00119521
0.00457623 0.00836244
-0.00035218 0.00032986
-0.00114805 0.00039114
0.00300158 0.00084948
-0.00266129 0.00079829
0.00303792 0.00389022
0.00186218 -0.00077816
-0.00021661 0.01065255
0.01511689 -0.00625006
-0.00654546 0.00378087
-0.00964964 0.00326890
-0.00842253 0.00643452
0.00840556 -0.00142287
0.00101983 -0.00714771
-0.00688744 -0.00574061
0.00334254 -0.00777924
0.01140147 0.00657199
-0.00001580 -0.00779404
0.00171176 -0.00539015
0.00333574 0.00220651
0.00029236 -0.00682946
0.00358507 -0.00260443
0.00275324 0.00406587
-0.00085161 -0.00972571
-0.00614994 -0.01489704
0.00988812 0.01060736
0.00278643 -0.00541904
-0.00169090 -0.00598765
0.00196659 0.01415489
0.00988039 -0.00223080
0.01381876 0.00361966
-0.00432045 -0.00347158
0.00003078 -0.00124296
0.01167755 -0.00445506
0.00856777 0.01231259
0.00006242 -0.00515448
0.00525759 -0.01230149
-0.00195119 -0.00110624
0.00037992 0.00308331
0.00968570 0.00204961
0.00570631 0.00118810
-0.00346546 -0.00918382
0.00956655 0.00161464
0.00582199 0.01106942
0.00250073 -0.00268610
0.00442343 0.00164395
0.00000000 -0.00000000
0.00000000 0.00000000
0.00000000 0.00000000
0.00000000 -0.00000000
0.00000000 0.00000000
-0.00000000 0.00000000
-0.00000000 0.00000000
-0.00000000 0.00000000
0.00000000 -0.00000000
0.00000000 -0.00000000
0.00000000 0.00000000
0.00000000 0.00000000
-0.00000000 -0.00000000
0.00000000 -0.00000000
-0.00000000 0.00000000
-0.00000000 -0.00000000
0.00000000 0.00000000
0.00000000 -0.00000000
-0.00000000 0.00000000
0.00000000 0.00000000
0.00000000 0.00000000
-0.00000000 -0.00000000
-0.00000000 0.00000000
0.00000000 0.00000000
0.00000000 0.00000000
0.00000000 0.00000000
-0.00000000 -0.00000000
-0.00000000 -0.00000000
0.00000000 -0.00000000
-0.00000000 -0.00000000
-0.00000000 -0.00000000
0.00000000 0.00000000
0.00000000 -0.00000000
0.00000000 0.00000000
0.00000000 -0.00000000
-0.00000000 -0.00000000
0.00000000 -0.00000000
0.00000000 0.00000000
0.00000000 0.00000000
0.00000000 0.00000000
0.00000000 0.00000000
0.00000000 0.00000000
0.00000000 0.00000000
0.00000000 0.00000000
0.00000000 0.00000000
0.00000000 0.00000000
0.00000000 0.00000000
-0.00000000 -0.00000000
-0.00000000 -0.00000000
-0.00000000 0.00000000
0.00000000 0.00000000
0.00000000 0.00000000
0.00000000 0.00000000
0.00000000 0.00000000
-0.00000000 0.00000000
0.00000000 -0.00000000
-0.00000000 -0.00000000
-0.00000000 -0.00000000
-0.00000000 -0.00000000
-0.00000000 0.00000000
0.00000000 0.00000000
0.00000000 0.00000000
-0.00000000 -0.00000000
0.00000000 0.00000000
0.00000000 0.00000000
0.00000000 0.00000000
0.00000000 -0.00000000
-0.00000000 -0.00000000
0.00000000 0.00000000
-0.00000000 -0.00000000
-0.00000000 -0.00000000
-0.00000000 -0.00000000
-0.00000000 -0.00000000
0.00000000 -0.00000000
-0.00000000 0.00000000
0.00000000 -0.00000000
0.00000000 -0.00000000
-0.00000000 0.00000000
-0.00000000 -0.00000000
0.00000000 -0.00000000
-0.00000000 0.00000000
0.00000000 0.00000000
0.00000000 0.00000000
0.00000000 0.00000000
0.00000000 0.00000000
0.00000000 0.00000000
-0.00000000 0.00000000
-0.00000000 -0.00000000
-0.00000000 -0.00000000
-0.00000000 -0.00000000
0.00000000 0.00000000
0.00000000 0.00000000
0.00000000 0.00000000
0.00000000 0.00000000
0.00000000 0.00000000
0.00000000 0.00000000
-0.00000000 0.00000000
0.00000000 -0.00000000
-0.00000000 0.00000000
0.00000000 0.00000000
0.00000000 0.00000000
0.00000000 0.00000000
-0.00000000 -0.00000000
0.00000000 0.00000000
-0.00000000 0.00000000
-0.00000000 -0.00000000
-0.00000000 -0.00000000
-0.00000000 -0.00000000
-0.01071157 0.00100605
0.00025293 0.00752019
0.01426479 -0.00439765
-0.00152204 0.00052303
-0.00353279 0.00000000
-0.00000000 -0.00000000
0.00000000 -0.00000000
-0.00000000 -0.00000000
-0.00000000 0.00000000
0.01750034 0.00911400
-0.00755324 0.01486670
0.01264361 0.00263628
0.00116879 0.00718069
0.00338863 0.00713124
0.00064617 0.00031090
0.00158693 -0.00473769
-0.00209238 -0.00201348
-0.00548348 -0.00179913
0.00078248 0.01048482
0.00876543 0.00089623
-0.00034392 0.00461294
-0.00076766 0.00152033
-0.01085840 0.01197320
0.00295947 0.00049365
0.01638219 0.01292114
-0.00150803 0.00029268
0.00428844 0.00587764
0.00183030 -0.00133260
-0.00627005 0.00006857
0.00309038 -0.00335644
-0.00469657 -0.00025367
0.00528151 -0.00212268
0.00818949 0.01116746
0.00814892 0.00519916
0.00572778 0.00610383
0.00043814 -0.00248590
-0.00066484 -0.00239087
-0.00272895 0.01264408
0.00836524 -0.00110781
-0.00399421 0.00183625
-0.00148665 0.00032385
-0.00179852 -0.00256424
-0.00464669 -0.00113933
-0.00094705 -0.00445831
-0.00347291 -0.00743388
0.00917779 0.00130392
0.00394660 0.01205756
-0.00766252 0.00132964
-0.00076840 0.00017457
-0.00449460 0.00014207
0.00239444 -0.00400229
-0.00090788 0.00298574
-0.00617076 -0.00408234
-0.01005622 -0.00557051
-0.00353707 0.01286370
0.00844840 -0.00054585
-0.00059418 -0.00220344
-0.00563809 -0.01036126
-0.00795189 -0.00113713
0.00508319 -0.00473338
-0.00010027 0.01035696
-0.00093136 -0.00363670
-0.01407776 -0.01475964
0.00603898 0.00524255
0.00153860 0.00025921
0.00527108 0.00623313
-0.00207300 -0.00070723
0.00553196 0.00677468
0.02403513 0.01814093
0.00874356 0.00485920
0.01995159 -0.00025949
0.00611154 -0.00405156
-0.00445654 -0.00456733
-0.00082765 -0.00544370
-0.01595325 -0.00061714
-0.00906990 -0.00662129
0.00281535 0.00587367
0.00116763 -0.00707605
-0.01114222 0.00378745
0.00480109 -0.00098523
-0.00483136 0.00441624
0.00381651 0.00399206
0.00698272 0.00656345
0.00861681 -0.00351240
-0.01129293 -0.00261752
0.00255612 0.00901289
0.00389832 0.00068505
0.00007432 0.00471141
0.00952375 -0.00024732
-0.00883008 0.00739454
0.00283219 -0.00233463
-0.00641910 -0.00451858
-0.00139253 -0.00838007
-0.00495566 -0.00445329
-0.00592089 0.00880000
0.00608286 0.00020888
0.00254126 0.01072354
0.00373092 0.00221514
0.00255891 0.01734516
0.01698016 -0.00160683
-0.00848373 0.01743858
0.00406131 0.00008344
-0.00358213 -0.00046010
0.00095455 0.00002604
0.00314334 -0.00400047
-0.00455219 -0.00212838
-0.00697052 -0.01138137
-0.00172447 0.00133716
0.00811230 -0.00059199
-0.01222195 0.01491059
0.00219249 -0.00336910
-0.01119182 -0.01429989
-0.00991440 0.00000000
-0.00000000 0.00000000
0.00000000 0.00000000
-0.00000000 -0.00000000
0.00000000 0.00000000
0.01481077 0.00605977
0.00572176 0.00628447
0.00347504 0.00987763
0.00326814 0.00597838
0.00633513 0.01181628
-0.00336026 0.00630779
-0.00500988 -0.00079638
-0.00556590 0.00831513
0.00080712 -0.00019386
-0.00493815 0.00726505
-0.00589144 -0.00250979
0.00081653 -0.01723235
-0.01217669 -0.00456601
-0.01087653 0.01032498
-0.00360191 -0.00850600
0.01253310 0.00387141
-0.00460629 -0.00265121
0.00149810 0.00346451
0.01135175 -0.01100997
-0.00494599 0.00747672
-0.00319924 -0.00070152
-0.00178290 0.00371678
-0.00029332 0.00611231
0.01237831 -0.00616412
0.00322372 0.00728384
-0.00597769 -0.00129869
0.00536360 0.00023928
0.00860079 -0.00084854
-0.00193370 0.01086063
-0.00015552 0.00009374
-0.00401821 0.00021278
-0.00583587 -0.01304927
-0.00776357 -0.00927376
-0.00998793 -0.01503326
-0.01129008 -0.00984017
-0.01672716 -0.01910822
0.01662630 0.00423682
0.00500481 0.00357775
-0.00088791 -0.01148692
0.00315067 0.00676429
0.00307840 0.01330187
0.00459467 -0.00540682
0.00620574 -0.00212315
-0.01730093 0.00014385
-0.00191792 -0.00786065
0.01184222 0.01994780
-0.00256392 0.00517553
0.01152003 -0.00743787
-0.00504859 0.01240637
0.00544325 -0.00518350
0.00168977 -0.00882770
0.01588224 0.00552048
-0.01227995 -0.01839278
-0.01066699 -0.01774466
0.00492768 0.00436300
0.00114319 0.00314948
0.00526138 0.00550720
0.00291819 0.00488147
0.00643164 0.00120532
0.01748567 0.00337849
-0.00912619 0.00351556
0.00425747 0.00771518
-0.00383159 -0.00119827
0.00477718 -0.00693496
0.00307545 -0.00644164
-0.01027990 -0.02180863
0.00699876 -0.00278826
-0.01535858 0.01713914
-0.00132514 0.00583897
-0.00365756 0.00215543
0.00235097 0.00084914
0.00606285 0.00048470
0.00631790 0.00089358
-0.00134625 0.01824743
0.00209336 0.00070470
-0.00724670 -0.00809289
0.00165358 0.01517625
0.00589454 0.00018729
-0.00251703 0.00719114
-0.00100641 0.00640343
0.00604454 0.01348508
0.00266540 -0.00447578
-0.00745435 0.00249320
-0.00349817 0.00333544
-0.00433042 0.00644630
0.00027962 0.02023153
-0.00284559 0.00836453
0.00043818 0.00299790
0.00033290 -0.00255382
-0.00999493 0.00194204
0.00538020 -0.00089994
-0.00023322 0.00996037
-0.00301169 0.00808081
0.00460367 -0.00105593
-0.00365062 0.00153513
-0.01589795 0.00991706
0.00026275 0.00016262
0.00827015 -0.00012851
0.00907011 0.00688815
-0.00190591 0.00768091
0.00349826 -0.00194222
0.01031449 -0.00095768
-0.00132337 0.00383975
-0.00008772 -0.00000000
-0.00000000 -0.00000000
0.00000000 0.00000000
-0.00000000 0.00000000
0.00000000 0.00000000
0.00574134 0.00613893
-0.00564180 0.01159568
0.00618677 0.00075177
-0.00070347 0.00251905
0.00006329 -0.00405903
-0.00048836 -0.00149520
0.00739336 0.00958452
0.00669414 -0.00371805
-0.00134981 -0.00372234
0.00302645 0.00557411
-0.00097044 0.00623401
0.01462484 0.00389781
0.00253631 0.00280168
-0.00060424 0.00717424
0.00334662 -0.00192443
0.00427781 0.00507073
-0.00280195 0.00117759
0.00724105 0.00301920
-0.00303219 0.00060806
-0.00050219 0.00577476
0.00846793 0.00596851
0.00128547 -0.00258055
0.00325124 0.00232986
0.00591390 0.00102554
0.00273559 0.01883743
0.00652999 0.00131814
0.00330380 0.00071633
0.00552322 0.00410435
-0.00249414 0.00391123
0.00241586 -0.00259328
0.00062335 0.00466190
0.00140023 0.00472166
0.00314910 -0.00265302
0.00378704 0.01024032
0.00635233 -0.00244619
0.00396266 0.00568961
0.00896140 0.00737848
-0.00108236 0.01137749
0.01261813 0.00005192
0.00059337 0.00129591
0.00326032 0.00369603
0.00965041 0.00157311
0.00243751 0.00489276
-0.00251514 -0.00091213
0.00492623 0.00360797
0.00901508 0.00390330
-0.00218151 0.00152761
0.02033698 0.00443245
-0.00221258 0.00311250
0.00120309 0.00877123
0.01153089 0.00246751
-0.00149264 0.00551719
0.00036462 -0.00146970
0.00548627 0.00314860
0.00358108 0.00286391
0.00072067 0.00119422
0.00346142 0.00372584
-0.00166478 0.00146918
0.00309025 0.00835015
0.00919819 0.00885345
0.00470413 0.01309061
0.01128120 -0.00481446
-0.00000828 0.00335735
-0.01103139 -0.00100878
-0.00314480 0.00391541
0.00497577 0.00273806
-0.00178436 -0.00514179
-0.00077911 0.00055450
0.00638500 0.00192634
0.00459722 0.00938750
0.00887554 -0.00086910
0.00209352 0.00999652
0.00341828 0.00748554
0.00378296 0.00114441
0.00335697 -0.00465923
-0.00098504 0.00350869
0.00410759 0.00069212
0.00534808 0.00123394
0.00688506 0.01163115
0.00395306 -0.00193332
-0.00311052 0.00372702
-0.00827300 -0.00019033
-0.00732216 -0.00150079
0.00793225 -0.00119612
-0.00849836 0.00047854
0.00181385 -0.00252644
-0.00323783 -0.00598638
0.00773447 0.00570776
-0.00180805 -0.00165367
-0.00430446 0.00079636
0.01211548 0.00836226
-0.00350949 0.01753044
0.00278766 -0.00475112
0.00284226 -0.00009329
0.00371865 -0.00217327
0.00546829 0.00083062
0.00207859 0.00598631
0.00469344 0.00262894
0.00026707 -0.00444347
-0.00608466 -0.00301351
-0.00365574 -0.01093980
0.00352249 -0.00087069
0.00187137 0.00418406
-0.00440121 -0.00000000
-0.00000000 0.00000000
0.00000000 -0.00000000
-0.00000000 0.00000000
-0.00000000 -0.00000000
0.00448269 -0.00004146
-0.00175465 0.00504644
0.00849061 -0.00466788
0.00683205 0.00866705
0.00168868 0.00211540
0.00762487 -0.00065917
0.00104865 0.00190434
0.00539518 -0.00017056
0.00365432 0.00628465
0.00832303 -0.00197276
0.01087334 -0.00130311
0.00678126 0.00559391
-0.00357869 0.00043281
0.00431492 0.00281331
-0.00172434 -0.00582440
0.00483767 0.00667756
-0.00381524 0.00609964
0.00755551 -0.00104548
0.00321436 0.00681107
0.00030416 0.00480338
-0.00402168 -0.00365266
-0.00600076 0.00227648
0.00376834 0.00630647
0.00295153 0.00243285
-0.00302928 0.00849996
0.00718258 0.00303555
0.00437142 0.00556786
-0.00233660 -0.00178762
-0.00051786 -0.00006435
0.00075830 -0.00296362
0.00859565 0.00536401
-0.00520972 0.00573289
0.00225355 -0.00256492
-0.00001195 0.00425935
0.00325921 -0.00102942
0.00547878 0.00074233
0.00544255 -0.00082119
-0.00142748 0.00727482
0.00410683 0.00190399
0.01122835 0.00082241
-0.00441447 0.00111077
-0.00473114 0.00272705
-0.00134494 0.00531093
-0.00450771 0.00109550
0.00129119 0.00136907
0.01373060 0.00520463
0.00175621 -0.00496136
0.00981097 0.00470735
-0.00023346 -0.00157251
-0.00077215 0.00248712
0.00061088 0.00303327
0.00044514 0.00605577
-0.00024592 0.00331141
0.00139841 -0.00565827
0.00057426 -0.00213108
-0.00333375 0.00104945
-0.00008326 -0.00153967
-0.00171656 -0.00065500
0.00115992 0.01398258
0.01167253 0.00511742
-0.00401552 0.00973744
0.01466823 0.00160595
-0.00098126 0.01239514
-0.00255007 0.00033506
-0.00163482 -0.00806770
-0.00798471 -0.00236003
-0.00218770 -0.00301595
0.00016528 0.00167575
0.00793163 0.00121276
-0.00147239 -0.00330345
-0.00616003 -0.00338143
0.00300654 0.00229361
-0.00235114 0.00189340
0.00423910 0.00126124
0.00584195 0.00548076
0.00378504 0.00696077
0.00154392 0.00581415
0.00409275 0.00051762
0.00687369 0.00090502
-0.00397226 0.00095392
0.00411671 0.00509776
-0.00380449 0.00352127
-0.00154297 -0.00556847
-0.00428280 -0.00415198
-0.00897290 0.00023737
0.00147953 0.00357536
-0.00898350 -0.00400021
0.00514229 0.00025508
-0.00273198 -0.00633925
0.00921833 0.00404220
-0.00215343 -0.00040619
-0.00029466 0.01199467
0.01008808 -0.00386428
0.01056420 0.00484196
0.00334219 -0.00678731
0.00934825 0.00224048
0.00360444 -0.00009268
-0.00442918 -0.00154197
0.00226148 0.00188289
-0.00000000 -0.00000000
0.00000000 0.00000000
0.00000000 -0.00000000
-0.00000000 -0.00000000
-0.00000000 -0.00000000
-0.00000000 -0.00000000
-0.00000000 -0.00000000
-0.00000000 -0.00000000
-0.00000000 0.00000000
-0.00000000 -0.00000000
0.00000000 0.00000000
-0.00000000 -0.00000000
-0.00000000 -0.00000000
-0.00000000 0.00000000
0.00000000 0.00000000
-0.00000000 0.00000000
-0.00000000 0.00000000
0.00000000 -0.00000000
-0.00000000 0.00000000
0.00000000 0.00000000
-0.00000000 0.00000000
0.00000000 -0.00000000
0.00000000 -0.00000000
-0.00000000 -0.00000000
0.00000000 -0.00000000
-0.00000000 -0.00000000
-0.00000000 -0.00000000
0.00000000 -0.00000000
0.00000000 -0.00000000
0.00000000 -0.00000000
0.00000000 0.00000000
-0.00000000 -0.00000000
0.00000000 -0.00000000
-0.00000000 -0.00000000
0.00000000 0.00000000
-0.00000000 0.00000000
-0.00000000 -0.00000000
-0.00000000 0.00000000
-0.00000000 0.00000000
-0.00000000 -0.00000000
-0.00000000 -0.00000000
-0.00000000 0.00000000
-0.00000000 -0.00000000
0.00000000 0.00000000
-0.00000000 -0.00000000
-0.00000000 0.00000000
-0.00000000 0.00000000
-0.00000000 0.00000000
0.00000000 -0.00000000
0.00000000 -0.00000000
0.00000000 -0.00000000
-0.00000000 0.00000000
0.00000000 0.00000000
0.00000000 0.00000000
0.00000000 0.00000000
-0.00000000 0.00000000
-0.00000000 0.00000000
0.00000000 -0.00000000
0.00000000 -0.00000000
-0.00000000 -0.00000000
0.00000000 0.00000000
-0.00000000 -0.00000000
-0.00000000 -0.00000000
-0.00000000 0.00000000
-0.00000000 0.00000000
0.00000000 -0.00000000
0.00000000 -0.00000000
-0.00000000 -0.00000000
-0.00000000 0.00000000
0.00000000 -0.00000000
-0.00000000 0.00000000
-0.00000000 -0.00000000
0.00000000 -0.00000000
0.00000000 -0.00000000
0.00000000 -0.00000000
0.00000000 0.00000000
-0.00000000 0.00000000
-0.00000000 0.00000000
-0.00000000 0.00000000
-0.00000000 0.00000000
-0.00000000 0.00000000
-0.00000000 -0.00000000
-0.00000000 0.00000000
0.00000000 -0.00000000
-0.00000000 0.00000000
0.00000000 -0.00000000
-0.00000000 0.00000000
-0.00000000 -0.00000000
-0.00000000 0.00000000
-0.00000000 -0.00000000
-0.00000000 -0.00000000
-0.00000000 -0.00000000
-0.00000000 0.00000000
0.00000000 0.00000000
-0.00000000 -0.00000000
0.00000000 0.00000000
-0.00000000 0.00000000
-0.00000000 0.00000000
-0.00000000 -0.00000000
0.00000000 -0.00000000
-0.00000000 -0.00000000
0.00000000 -0.00000000
-0.00000000 0.00000000
0.00000000 0.00000000
-0.00000000 0.00000000
-0.00000000 0.00000000
0.00000000 0.00000000
-0.00000000 -0.00000000
0.00000000 0.00000000
0.00000000 0.00000000
0.00000000 0.00000000
-0.00000000 -0.00000000
-0.00000000 0.00000000
0.00000000 0.00000000
-0.00000000 0.00000000
-0.00000000 0.00000000
0.00000000 0.00000000
0.00000000 -0.00000000
0.00000000 0.00000000
-0.00000000 -0.00000000
-0.00000000 -0.00000000
-0.00000000 0.00000000
-0.00000000 0.00000000
0.00000000 -0.00000000
-0.00000000 0.00000000
-0.00000000 0.00000000
0.00000000 0.00000000
-0.00000000 0.00000000
-0.00000000 -0.00000000
-0.00000000 -0.00000000
-0.00000000 0.00000000
-0.00000000 -0.00000000
0.00000000 -0.00000000
-0.00000000 -0.00000000
0.00000000 -0.00000000
0.00000000 0.00000000
0.00000000 -0.00000000
0.00000000 0.00000000
-0.00000000 0.00000000
0.00000000 0.00000000
0.00000000 -0.00000000
0.00000000 -0.00000000
-0.00000000 -0.00000000
-0.00000000 -0.00000000
-0.00000000 -0.00000000
-0.00000000 -0.00000000
-0.00000000 -0.00000000
-0.00000000 -0.00000000
-0.00000000 -0.00000000
-0.00000000 -0.00000000
-0.00000000 -0.00000000
-0.00000000 -0.00000000
-0.00000000 -0.00000000
0.00000000 0.00000000
-0.00000000 0.00000000
0.00000000 0.00000000
-0.00000000 -0.00000000
0.00000000 0.00000000
0.00000000 0.00000000
0.00000000 -0.00000000
-0.00000000 -0.00000000
-0.00000000 0.00000000
0.00000000 -0.00000000
-0.00000000 0.00000000
-0.00000000 0.00000000
-0.00000000 -0.00000000
-0.00000000 0.00000000
0.00000000 0.00000000
0.00000000 0.00000000
0.00000000 -0.00000000
0.00000000 -0.00000000
0.00000000 -0.00000000
0.00000000 0.00000000
-0.00000000 0.00000000
-0.00000000 -0.00000000
-0.00000000 0.00000000
0.00000000 -0.00000000
-0.00000000 0.00000000
-0.00000000 -0.00000000
-0.00000000 0.00000000
0.00000000 0.00000000
0.00000000 0.00000000
-0.00000000 -0.00000000
-0.00000000 0.00000000
0.00000000 0.00000000
0.00000000 0.00000000
-0.00000000 -0.00000000
-0.00000000 -0.00000000
0.00000000 0.00000000
0.00000000 -0.00000000
0.00000000 0.00000000
0.00000000 -0.00000000
-0.00000000 0.00000000
-0.00000000 0.00000000
-0.00000000 -0.00000000
0.00000000 -0.00000000
-0.00000000 -0.00000000
-0.00000000 -0.00000000
0.00000000 0.00000000
0.00000000 -0.00000000
-0.00000000 -0.00000000
0.00000000 -0.00000000
0.00000000 0.00000000
-0.00000000 -0.00000000
0.00000000 0.00000000
-0.00000000 -0.00000000
0.00000000 -0.00000000
-0.00000000 -0.00000000
0.00000000 0.00000000
0.00000000 -0.00000000
0.00000000 -0.00000000
0.00000000 0.00000000
0.00000000 0.00000000
0.00000000 -0.00000000
-0.00000000 -0.00000000
0.00000000 0.00000000
