-0.01703394 -0.00080595
-0.00007947 -0.00940799
0.00802470 0.01197880
0.00969618 0.03766510
-0.00905151 -0.00259815
0.01379913 -0.01885425
-0.01269076 0.00856322
-0.00772929 -0.00583093
-0.00195756 0.00055582
-0.00109089 0.01133849
-0.02828163 0.01982152
-0.00156374 0.00491943
-0.00891659 0.01691629
-0.01709210 0.01605075
0.01817913 -0.00779742
0.01582896 -0.02956007
-0.01252342 0.01569287
-0.01314668 0.00596026
0.00851031 0.00262712
-0.01423686 0.00573612
-0.00153574 -0.00872156
0.00813183 -0.00973404
0.01653430 -0.00595992
-0.00616498 -0.00064206
0.01256144 -0.00518349
0.00219230 0.00084996
0.00749417 -0.00143063
-0.01627230 0.00884736
-0.00636277 0.00713325
0.01521548 -0.01820639
0.01349436 -0.02595785
0.00604920 -0.00400244
-0.01301419 0.00493444
0.00712419 -0.01175085
0.00379170 -0.01427040
0.00263637 0.00232003
0.00390768 0.00147429
0.00003048 0.00779418
-0.00782393 -0.00108857
-0.00933037 -0.00369717
-0.00098650 -0.00964565
0.00002548 -0.01084263
-0.00899675 0.01451348
-0.00904755 0.00353423
-0.01011525 -0.00114749
-0.00937741 -0.02116847
-0.00934227 0.00207623
0.00116961 -0.01904080
0.00139567 -0.01947005
-0.00427007 -0.00313627
-0.00705802 -0.00433915
-0.00761212 -0.01485391
0.00079974 -0.00598033
-0.01011773 0.00094059
-0.00218893 -0.00190358
0.00655427 -0.02451913
-0.00196489 0.02096332
-0.00476319 0.01796459
0.00152899 -0.01174403
-0.01492777 0.00410393
-0.00148511 -0.00575828
0.00150144 -0.00012290
0.00066925 -0.00180457
-0.01411501 -0.00674530
0.00745798 -0.00221510
0.00678058 0.00979721
-0.00112619 -0.00518361
0.00494280 -0.00097428
-0.00184455 0.00629034
0.00897389 0.00739868
0.00053658 -0.00036319
-0.00106035 0.00778713
0.00185482 0.01320358
0.00297120 0.01554325
0.00468415 -0.01344198
0.02563382 -0.02731941
-0.01313440 -0.00501911
-0.00755580 0.00469862
-0.00483413 -0.00322875
-0.01181673 -0.00270991
-0.00641019 0.00120824
0.00216900 -0.01332111
-0.01421523 -0.00278117
0.00592862 0.00575689
0.00346115 0.00389739
0.00023162 -0.00434068
-0.00656869 -0.00703677
0.00109345 -0.00642953
0.00567083 0.00973340
-0.00120957 0.00593350
-0.00193957 0.00134009
0.00012394 0.00219331
-0.00401256 0.00224596
-0.00458784 -0.00983155
-0.00574529 -0.01991609
0.02107072 -0.00502409
0.01217256 0.01194959
-0.00190998 0.01266848
-0.03710617 0.00920244
0.01270490 0.00221539
0.01685821 0.00577414
-0.00467321 -0.01200948
0.00672884 0.00273663
0.00821640 0.00318018
-0.00090261 -0.00075246
-0.01701163 -0.01054437
0.00226443 0.00659645
0.00373250 0.01901765
0.01184832 0.00143414
0.01958031 0.00208029
-0.02472486 -0.00955047
-0.00701539 0.02148122
0.00941478 0.00060552
-0.00203775 0.00488071
0.01142153 -0.02432977
0.00250464 0.00479375
-0.00150627 0.00071885
-0.00623804 0.00664995
0.00900390 -0.02473135
0.01146684 -0.00694135
0.01670234 0.00344626
0.02115696 -0.00159114
-0.00207333 0.01208538
-0.02197588 0.00405262
0.01189640 0.00328400
0.00105019 -0.00315717
0.00698184 0.00277137
0.00169241 -0.00074268
-0.00096939 -0.00836648
0.01137064 0.00556362
-0.00277463 -0.00809202
0.01796391 0.00634200
0.01876218 -0.01029250
-0.00631430 -0.01606084
0.00088487 0.01629472
-0.00250384 0.02234800
0.00206896 0.00399469
0.00667487 -0.00283209
-0.00990118 -0.01503091
-0.01367609 -0.00633733
-0.01760001 0.00522251
-0.00378474 -0.00320174
-0.00745448 0.00819389
-0.01655173 0.00889364
0.00560233 0.00736135
-0.00282971 -0.00782414
-0.00135869 0.00491240
0.00223897 -0.00077675
-0.01107469 0.00272465
0.00250028 0.00606710
-0.02243706 -0.02721547
0.01994744 0.00314461
0.00412862 0.00652807
0.01150570 0.01003426
0.01144260 0.00825601
-0.01092877 -0.00375298
-0.00831400 -0.00104907
-0.02447429 -0.00221241
0.00106659 0.00338181
0.00606255 -0.00916436
0.00636026 -0.00762550
-0.00853083 0.01079115
0.01029394 -0.01643600
0.00026160 0.00493596
-0.00583861 -0.00296832
0.01033477 -0.01104060
-0.00905243 -0.00983515
0.00764504 0.00714441
-0.00673857 0.00221541
-0.00304377 -0.00001455
-0.00211064 0.00345347
-0.00807921 0.00060657
-0.00287878 -0.00461711
0.00141533 -0.00646783
-0.00719036 0.01206776
-0.01291990 -0.00898938
-0.00136922 0.00134812
0.00278788 -0.00787996
-0.00346029 -0.00892760
-0.00750625 0.00134580
0.00626757 0.00221877
-0.00887028 -0.00815080
-0.00524971 0.00809192
-0.00219221 0.00169623
0.00245355 0.02227151
-0.00056814 0.01284957
-0.00763268 -0.00617326
0.00109906 -0.00388833
0.00645224 0.00499055
0.00473970 -0.00550271
-0.01153956 0.00298874
0.00311149 0.01068509
-0.00210784 -0.00610968
-0.01129663 -0.01195319
-0.00672262 0.00498594
-0.00505638 0.00741805
-0.00229530 -0.00716118
-0.00211251 -0.00006372
-0.01580025 0.01244798
0.01745567 -0.00400963
-0.00529390 -0.01989505
0.00791162 0.00161321
0.00413694 -0.00033949
-0.00602432 0.00420858
-0.00209884 -0.00246506
-0.00289487 -0.00363982
-0.00530620 -0.00894587
0.00027578 0.00247755
0.00551812 -0.00589897
-0.00053389 -0.00407598
-0.00011129 -0.01209508
-0.00122382 0.00553974
-0.01386437 -0.00563601
0.01324018 0.01050924
-0.00242721 -0.01427485
0.01133200 0.00104871
-0.01188557 0.01628866
-0.01692154 0.01244749
0.00189995 0.00945052
-0.01151125 -0.00207167
0.01370552 0.00052541
-0.00099739 0.00261441
-0.01737447 0.00099352
-0.00280417 -0.00466406
0.00825296 0.00009060
-0.01100610 -0.00771292
-0.01557998 -0.00384144
0.00538259 0.02640729
0.00555811 0.00565636
-0.00749524 0.01084646
0.01235322 0.00399623
-0.00732805 -0.00128054
0.00716471 -0.00275371
-0.01072308 -0.02318920
-0.00692255 -0.01653011
0.00893104 0.01316432
-0.01726492 0.01717672
0.00100404 0.01663066
-0.00604325 -0.01321021
0.01807856 -0.00628162
0.00950554 -0.01406688
0.00662371 0.00300891
-0.00651941 0.00744354
-0.00254327 0.00443589
-0.00439497 0.00955162
-0.00445081 -0.00181334
0.00308581 0.01025333
-0.00470445 0.00128649
0.01429014 0.00264055
-0.00600823 -0.00003581
-0.00196203 -0.00905661
-0.00054876 0.00703433
-0.01403962 0.00179171
0.00382712 0.00561118
0.00602409 0.00344714
-0.00047417 -0.01028799
-0.01003946 0.00713809
-0.01112526 0.00197297
-0.00421267 -0.00557355
-0.00514863 -0.00761801
0.00179882 -0.00405466
0.00988277 -0.00154076
-0.00116024 0.00726214
-0.00486410 0.00312803
-0.01236803 0.00749671
-0.00967037 -0.00538232
0.00176428 0.00680148
-0.00408872 -0.00348753
0.00770602 0.00667939
0.00295671 -0.00067312
-0.00625119 -0.00344016
-0.00456960 -0.00880289
0.00018410 -0.00421824
0.00071298 -0.01219764
0.00050798 -0.00723184
0.00550662 -0.01645980
0.00874653 -0.00553056
0.00608581 -0.00576341
-0.00199671 -0.00460724
0.00282632 0.00342807
-0.00129934 0.00967405
0.02001222 0.00098212
0.00709537 -0.00740620
-0.01700364 -0.00569041
0.00416988 0.00342086
0.01087139 -0.00817738
0.00367958 -0.00582668
-0.00549775 -0.00335269
0.01623795 0.00944034
-0.00416645 0.00524229
0.01335759 0.00383316
-0.01931185 -0.00004601
-0.01214418 0.00121682
-0.00554787 0.01432753
0.00299777 0.01357074
-0.00920947 -0.00511240
0.01081913 0.00691595
-0.00291955 -0.01076930
0.00899809 -0.01060907
-0.00448958 0.00628297
-0.00027550 -0.00537912
-0.01174820 -0.00997512
0.00690950 -0.01210015
0.01016335 -0.01113435
-0.01495406 -0.00618172
-0.00592258 0.00340148
0.00470909 -0.00583898
-0.01678001 -0.01358567
0.00653842 -0.00807019
-0.00771130 0.01647930
-0.00927935 0.00169401
-0.00849212 0.00094537
-0.01098876 -0.00408839
-0.00286123 0.00182033
-0.00493560 0.00093825
0.00756405 0.01199540
0.02063321 -0.00607459
0.00396723 -0.01595142
-0.00840426 0.00342621
0.01027253 0.01432854
0.02053597 -0.00211535
-0.02739212 0.00978384
0.01053760 0.00480471
-0.00326166 0.00130374
0.02456964 -0.02002461
0.00481572 -0.00396629
-0.01014915 0.01120609
-0.02065765 0.00684108
-0.01295174 0.00807972
-0.01453057 -0.00589421
-0.00083346 -0.00907311
-0.00033141 -0.00852740
0.01308448 0.01156822
0.01217695 0.00705481
0.00934509 -0.00775271
0.00317463 -0.01070808
0.00572516 0.00995862
-0.01019785 0.01386456
-0.01103882 0.00996873
-0.00435489 0.01950439
-0.00120039 0.01043581
-0.01202702 -0.01399871
-0.00258723 -0.00247652
-0.00214164 0.00417668
-0.00994901 0.00552000
-0.01243982 0.00189308
0.00634562 0.01950357
0.00144632 0.00090471
0.01209017 -0.01899536
-0.00456991 -0.01989814
0.00371148 0.01088899
-0.00264049 -0.00805320
0.00053000 0.00156007
0.00123940 -0.00904978
0.00149220 0.01257504
-0.00298093 -0.00983203
-0.01946446 0.00183064
0.00998637 0.00172601
-0.00182467 -0.00295651
0.00234656 -0.00401382
-0.00101374 -0.00219408
0.00389985 0.00727355
-0.01486907 0.01907849
-0.00714104 0.00311817
-0.00678486 0.00093050
-0.01697843 0.00338984
-0.03214446 -0.00542329
0.00027277 0.00403903
0.00362348 -0.01816179
0.01374103 0.00875418
0.00100122 0.00314524
0.00324921 -0.00339083
0.01296018 -0.00076304
0.00793032 0.00612952
-0.00197749 -0.00201592
0.00573927 -0.00385528
-0.01479171 -0.00859673
0.00396086 -0.00758765
0.00804098 0.00461326
-0.01469074 -0.01326553
0.00090681 -0.00168593
0.00086145 0.01461915
-0.00248079 -0.00058039
-0.00341854 -0.00231466
0.00554888 -0.00403290
0.00132242 -0.00212612
-0.00607269 -0.00401721
0.00475999 0.00208250
0.00421809 0.00473847
-0.01057979 -0.00328954
0.00862394 -0.00421275
-0.00251076 -0.00179753
-0.00253887 -0.00640305
0.00483733 -0.00357382
0.00564844 0.00214447
-0.00511523 -0.00286710
0.00242025 0.00912156
0.00003891 0.00118799
0.00632735 -0.00583554
-0.00545393 0.00421677
-0.00317056 0.00266608
-0.00565675 0.00601444
0.00209409 -0.00208833
-0.01020366 -0.00898231
-0.01583128 0.00078338
0.00607038 -0.01703466
0.00024234 0.00784457
-0.01138126 0.00606649
0.00798567 -0.00676497
0.00243939 0.00769380
-0.00008269 -0.01012811
0.00952256 0.00536658
-0.00252978 0.00593163
-0.00452239 -0.00598340
-0.03806902 0.01107762
0.00486404 0.02503913
-0.00963727 -0.01601661
0.01029308 -0.00255661
0.01089999 0.00581186
0.00998103 -0.01103700
-0.00549357 0.00289721
-0.00210137 0.00229668
-0.00898935 0.00487572
-0.00713277 -0.00405056
-0.00231766 -0.00623193
-0.00706227 -0.00166207
-0.01255257 0.00868976
0.00844719 -0.01031092
-0.00262481 -0.00298480
0.00649858 0.00716356
-0.00139650 -0.00189492
-0.01602491 0.01769689
0.01756451 -0.00100285
-0.00688234 0.00398000
-0.00071438 0.00676187
0.00858303 -0.00624709
0.00992053 0.00358589
0.00827882 0.00635753
-0.00572652 -0.00481867
0.00975471 0.00420878
0.00240714 -0.00329215
-0.00879809 0.00156181
-0.00163951 -0.00458592
0.00450651 -0.00089012
0.01459926 -0.00147847
-0.01645556 -0.00064512
-0.00080973 0.00125397
0.00084414 -0.00045531
0.00133915 0.00377707
0.00043995 -0.00178016
0.01606709 -0.00605556
0.00334737 -0.00330658
0.00626280 -0.00196708
0.00105673 -0.00223053
-0.01023306 0.00164604
-0.00353084 -0.00606362
-0.01761242 -0.00128341
0.00235765 0.00750780
-0.00357074 0.01975614
0.00555839 -0.01070694
0.01960232 -0.01271960
-0.00289894 -0.00030792
0.00059959 -0.00608433
-0.00277288 0.01580811
0.00046491 0.00096183
0.00007227 -0.00468298
0.00171656 -0.00079099
-0.00175639 -0.00194461
0.01422234 -0.00448692
0.00121493 -0.01417275
0.00458902 0.00591519
-0.00787315 -0.00283892
0.01651055 0.01722294
0.00309379 0.00626336
0.00332280 -0.00067384
0.00898962 0.00027751
0.01238403 -0.00306212
0.00919369 0.01627201
-0.00464924 -0.01349378
-0.00205827 -0.00348875
0.00216076 0.00906515
-0.00257496 -0.00325849
0.00067769 0.00769398
0.00227281 0.00131323
-0.00482275 -0.00126421
0.01439895 -0.00399241
0.00746425 -0.01006539
0.00394126 0.00576853
0.00967569 -0.00610772
-0.00092247 0.00476636
-0.00495968 -0.00196412
0.01530314 0.01308248
-0.01693746 -0.01035714
0.00716718 -0.00900682
0.00001286 0.00196059
0.00776464 0.00379177
0.01093284 -0.00731520
0.00475714 0.00852287
-0.00078777 -0.00717950
0.01043298 0.00126699
-0.00288937 -0.00179467
0.00395725 -0.00565496
0.00348017 -0.00468102
-0.01072636 0.00028800
-0.00494136 0.00322399
-0.00563227 -0.00684443
0.00158926 0.00771535
-0.00383369 0.00438771
0.00697218 -0.00271074
-0.00350801 -0.01562302
0.00041459 0.00542507
-0.00640031 -0.00522213
0.00399940 0.00036568
-0.00082833 -0.00328118
-0.00098064 -0.00388734
0.00206781 0.00931539
-0.00507195 -0.00272974
0.00416294 -0.00990339
0.00287002 0.00369034
-0.00605083 -0.00104181
-0.00856841 -0.00609400
-0.00168369 0.01394271
0.00314149 -0.01046668
0.00138090 -0.00442693
0.00465180 0.00024606
-0.00285030 0.00725467
-0.00554302 -0.00998742
0.00325627 0.00285749
0.00016724 -0.00375885
-0.00065273 0.00074912
-0.00504587 0.00060408
-0.01188863 0.00320512
0.00497180 0.00341403
-0.00981380 -0.00202952
0.00428508 0.01010235
-0.00242426 0.00261219
-0.00792800 -0.00199460
0.00966089 -0.00750048
-0.00231458 0.00931623
-0.00091571 0.00034024
0.00196155 0.00390082
-0.00656160 0.00160175
-0.00050897 -0.00213788
0.00475997 -0.00370443
-0.00823726 -0.00037644
0.00561197 -0.00855593
-0.00485810 0.00497784
0.00099606 0.00807329
-0.00274717 -0.00273806
-0.00235600 -0.00048412
0.00926010 0.00316986
0.00515428 0.00644523
-0.01148243 -0.00902405
0.00269921 0.00455252
0.01035740 -0.00810711
-0.00210221 0.00511980
0.00526234 0.00497020
-0.00251898 0.00549185
0.00366500 0.00273419
-0.00762348 0.00402734
0.00344082 -0.00775636
-0.00128921 0.00009274
0.01287200 -0.00341191
-0.00184316 -0.00262730
0.00614837 -0.00271577
0.00125586 0.00704093
-0.00004604 0.00146974
0.00919981 0.00968751
0.00693105 0.00815984
0.01382812 0.01351919
0.00215248 -0.00133266
-0.00125719 -0.00116869
-0.00145712 -0.00775025
0.00085234 0.00475646
0.00832868 -0.00200592
0.00711674 0.01602701
-0.00123943 0.00452150
-0.00099218 -0.01147360
0.00570435 0.00209374
-0.01224065 -0.00215552
0.00184959 0.00985822
-0.00854516 0.00126187
0.00199066 0.00407486
-0.00608477 0.00287986
0.00312726 0.01329479
-0.00069282 -0.01372636
0.00438814 0.00307074
-0.00189361 -0.00737057
-0.00675048 0.00687679
-0.00864247 0.00528074
0.01176931 0.00662081
0.00192709 -0.00065395
-0.00224606 -0.01013684
-0.00652193 0.00322222
-0.00163855 0.00037224
-0.00264078 -0.00213738
0.00326524 -0.00137045
0.00250932 0.00746327
-0.01066847 -0.00155350
0.00117914 -0.00532828
-0.00226820 -0.00678436
0.01125480 0.00142473
0.00051413 -0.00027745
0.00877285 0.00617062
0.00189332 -0.00736650
0.00582874 -0.00378715
0.00000034 0.01374763
0.01140809 0.00840066
0.00886186 0.00644101
0.00468418 -0.00073697
0.00494202 -0.00601189
-0.00061347 0.01611631
-0.00810722 -0.00251578
-0.00719790 0.00147387
0.00023870 0.00936864
0.00049235 0.01225385
0.00368943 -0.00275682
-0.00612400 -0.00009250
-0.00193979 0.00258615
0.00495915 0.00649745
-0.00865480 -0.00397972
-0.00036010 0.00213730
0.01058703 0.00905862
-0.00525871 0.00727142
0.01895516 0.00785269
0.00408524 0.00467534
0.00612748 -0.00837344
-0.00818572 0.00048228
0.00736493 0.01346801
-0.01179617 0.00317992
0.00564078 0.00683596
-0.00376211 -0.00289607
-0.00339834 -0.00186295
0.00264345 0.01417532
0.00186101 0.00466143
0.01166529 -0.00672341
-0.00380167 0.00498532
0.01324212 0.00932604
-0.01353236 -0.00522369
-0.02029294 -0.00623062
-0.00672347 -0.00256310
-0.00147431 0.00134008
0.00005799 0.00642229
0.00032865 -0.00807873
-0.01288007 0.00014434
-0.00935833 0.00985664
-0.00181776 0.00514277
0.00599520 -0.00394967
-0.00367235 0.00251563
-0.00001832 -0.00767645
-0.00281461 -0.01416018
-0.01424258 -0.01043118
0.00958416 -0.00738242
-0.00250031 -0.00165112
-0.00160017 -0.00310560
-0.00504744 -0.00920232
-0.00344070 0.00402461
0.01819021 0.00515884
-0.00018153 -0.00006699
-0.00458342 -0.00711178
-0.00964340 -0.00206735
-0.00507309 0.00039732
0.00468447 -0.00166866
-0.00782072 -0.00567702
0.00594037 0.01509690
0.00661335 0.00178226
-0.00744290 0.01404422
-0.01391828 -0.00449965
-0.00742382 0.00761644
0.01355758 0.00988336
-0.00331292 -0.01070455
-0.01436983 -0.00831222
-0.00567981 -0.00377825
0.00455607 -0.01877807
-0.01511984 0.00029124
-0.00312065 -0.00441812
0.02442993 -0.00932453
-0.01554463 0.01491965
0.01553320 0.01686716
-0.02018186 -0.00592440
-0.00018360 -0.00093100
-0.00885242 -0.00266486
-0.00705563 -0.00605311
-0.01988682 -0.01549846
0.00196569 -0.01059704
-0.01646151 -0.00540948
0.00739131 0.00192868
-0.00309847 0.00623847
-0.00399674 -0.01133109
-0.00631906 0.00797638
-0.00634895 -0.00199810
0.00682096 -0.00246574
0.00413767 0.01002058
0.00652660 0.00905516
-0.00883821 -0.00370304
0.00513317 0.00095534
-0.00617020 0.00009422
0.00092595 -0.00947700
-0.00809589 -0.00492685
-0.00392722 -0.01020709
-0.00304553 0.00364596
0.00575682 -0.01563847
-0.00473214 -0.00411228
-0.00424044 0.00249931
-0.00258320 -0.00398571
0.00325285 0.00298406
-0.00296102 0.01100415
0.01945790 -0.00410317
0.00908537 -0.02115928
0.00216801 -0.00791878
-0.00081372 -0.00069688
-0.00048681 0.01404349
-0.00331779 0.00477054
-0.00635151 0.01601645
0.01651170 -0.00261176
-0.01192249 -0.00434647
0.00082483 -0.00905134
0.00507809 -0.00606788
0.00422183 -0.00451065
-0.00424995 -0.00605635
0.02505272 -0.01885165
0.00818258 -0.00776701
0.00491132 0.00110202
-0.00647200 -0.00227394
0.01561364 -0.01334300
-0.00449251 -0.00217088
-0.00292740 -0.00621976
0.01370622 -0.00969158
-0.00761389 0.00936812
0.00671217 -0.00092471
0.00173872 -0.00693026
-0.00818673 0.00830665
-0.00185328 0.00647726
-0.00413158 -0.00321139
0.00656955 -0.00186448
-0.00369309 -0.00339086
-0.00639935 0.00380593
0.01075664 0.01405279
0.00235805 -0.00344266
-0.00887732 -0.00518532
-0.00648605 0.00755694
-0.00452689 -0.00194561
0.00067033 -0.00725085
-0.00085009 0.01065372
0.03293135 0.00810306
0.00009234 0.00614733
-0.01352626 -0.01067579
0.01137822 -0.01987323
-0.00215065 -0.00045299
-0.01094083 0.00868352
-0.00048879 0.00544658
0.00329918 0.00235775
0.00207872 -0.01755093
-0.01849492 -0.01060121
-0.01568353 0.01048376
-0.00556331 0.01929330
0.00107709 0.01417646
-0.01635357 0.01110737
-0.00384976 -0.03432985
0.00027758 0.02022253
0.00843169 0.01291107
0.00310902 0.00433706
0.01383215 0.00245004
-0.01542141 0.00419408
-0.00981026 -0.01206211
0.00529907 0.00083048
-0.01092355 -0.02424794
-0.00557661 0.01572458
-0.00365330 0.01699327
-0.00417911 0.01171382
-0.00318652 -0.00803263
0.00277074 0.00707967
-0.00521952 -0.00528934
0.00401142 0.01577808
0.00086227 -0.00568001
0.01141571 -0.00421980
-0.00252259 -0.00562303
-0.01573290 -0.00551346
0.00641420 -0.01488796
0.00328800 0.00367094
0.01708453 0.01702878
-0.02413688 0.01325399
-0.00663560 0.01229411
0.00217515 -0.00328996
-0.01255860 -0.01224388
-0.00712609 0.01009417
-0.00909264 0.00619660
0.00617073 0.00358097
0.00404802 -0.00994234
-0.00442712 0.00009669
0.00125655 -0.01210404
0.00667421 -0.00401386
0.00608325 -0.00961901
-0.01253203 -0.00903054
-0.01281862 -0.00763020
-0.00643973 0.01074903
-0.00970072 0.00345560
0.00919749 -0.02845366
-0.00037219 -0.00124768
0.00050916 0.01472864
0.00162758 -0.01420397
-0.00055910 0.00064081
-0.00331045 0.00149539
0.00052440 0.00729667
0.00744705 0.00487133
-0.01006084 -0.00675231
-0.00779178 -0.00599058
0.00767301 -0.00353768
-0.01459769 0.00233823
0.00472152 -0.00206016
-0.01883033 0.00659200
0.00539144 -0.00636612
-0.00069150 -0.00081660
-0.00628617 -0.00255675
-0.00078132 -0.00231417
-0.00398635 0.00732869
0.00820124 0.00224070
-0.00138966 0.00163843
0.01174506 -0.00436928
-0.00754994 -0.00645187
-0.00125494 -0.00906210
0.00829977 -0.00667075
-0.00094109 0.00398477
-0.00506899 0.00373401
-0.00047618 -0.00283600
-0.01127251 0.00789623
-0.00971580 0.00321010
-0.00903363 0.00143896
0.00174080 -0.00289426
-0.00641667 0.00200480
0.00181636 -0.01001897
-0.00173429 -0.00751846
-0.01182947 0.00142301
-0.00437683 0.01371641
0.00521242 0.00675475
-0.01062399 0.00400575
0.01151269 -0.00368397
-0.01119909 -0.00398886
0.00168056 0.00585603
-0.00668986 -0.00054901
0.00148102 -0.00885827
-0.00672519 -0.00809261
-0.00404273 0.00252837
-0.00513550 -0.00454636
-0.00763836 0.00671901
-0.00141481 -0.00375029
-0.00516507 -0.01248789
-0.00860207 0.02513385
-0.00530618 0.01121571
-0.00666094 0.02471702
0.00719425 -0.00299695
-0.00924086 0.00587858
-0.01147662 0.00107740
-0.00660973 0.00232349
-0.00911872 0.00080927
0.00904750 0.00737667
0.01485154 -0.00733984
0.00898286 -0.00841002
0.00932107 0.00415954
0.00835599 0.01079424
-0.00508954 0.01798915
-0.01011348 0.01410525
-0.00595222 -0.00961732
0.00043627 -0.00088615
0.01130815 0.01634470
0.00618645 -0.00265396
0.00273875 0.01090918
-0.00607319 -0.02143819
-0.01460571 0.00238372
-0.00281012 -0.00441919
0.00314548 -0.00027830
0.00707626 0.00301740
0.01084975 -0.00035580
-0.00953628 0.00762615
-0.00136665 -0.01259365
-0.01047196 0.00803896
0.00399422 0.01371629
0.01775423 -0.01838636
0.00696369 -0.01655643
-0.00674185 0.01419875
-0.00208201 -0.00682806
-0.00118320 0.00876469
-0.00633792 0.00337230
0.00236525 0.00901425
-0.01190285 0.01920977
-0.00712825 0.00792791
-0.02206086 0.00205155
-0.01275703 -0.01619393
-0.00670550 0.00137037
0.00765903 -0.01088927
-0.00024405 -0.00188246
0.01152536 -0.00137503
0.00880292 -0.00476694
0.00589527 -0.00346503
-0.00763326 0.01438101
-0.00883524 -0.00822058
-0.00542799 0.00596216
-0.01015473 0.00604117
0.01494631 0.00995099
-0.01766261 -0.00498976
0.00178875 -0.00117323
-0.00747835 0.00245193
-0.00310823 -0.00907537
-0.00242922 -0.00134965
-0.00192100 -0.00649164
0.00148872 0.00519673
0.00790374 -0.00214586
-0.00116969 0.00388367
-0.00339031 -0.00286645
0.01178927 0.01197928
-0.00323120 0.01126640
-0.00755546 -0.00074953
-0.00919119 -0.01350228
-0.01420262 0.00914209
-0.00557140 0.00564199
-0.00126861 -0.00046017
-0.00163446 -0.01118411
-0.01862341 -0.00440682
0.00382945 -0.01283411
0.00676148 0.01567423
0.00085785 0.00237731
-0.00228855 0.01289463
-0.00395376 0.01495796
0.00380174 -0.01144106
-0.00269006 -0.01207220
0.00710380 0.00658814
0.00795555 0.00905534
-0.00192085 0.00013653
-0.00119047 -0.00563530
-0.00808034 0.00318440
0.01308137 0.02215885
-0.01446306 0.00743764
-0.00819288 -0.00662531
-0.00209092 -0.00469075
-0.01106706 -0.00983277
0.00728449 0.00053372
0.00989331 -0.01350808
-0.01218764 -0.00405496
0.00190016 -0.01285583
0.01123193 -0.00684050
-0.00200680 -0.01014615
-0.01996096 -0.00767320
0.00174068 -0.00035779
-0.01264219 0.01302548
0.00019754 0.00034219
0.00020389 0.00294951
-0.01157591 -0.00945564
-0.01391491 -0.00433062
-0.00610835 0.00770793
-0.01035781 -0.02180642
-0.00873847 -0.01211094
0.00207384 0.00583644
0.00071503 0.00119952
0.00104938 0.00292462
-0.00606524 -0.01250025
0.00936868 -0.01457186
-0.00658928 0.00108583
0.00817762 -0.00854883
0.00714923 0.02063135
-0.00391559 0.00467255
-0.00230927 0.00228341
-0.00917424 0.00688525
-0.00097454 0.01997920
0.01029898 0.00071953
0.00293935 0.00563048
0.00850836 -0.01218541
-0.03002575 -0.00188030
0.00869673 0.01419095
0.00800300 -0.00993277
0.00255532 -0.01696943
-0.00964315 0.01486430
-0.00357647 0.01776821
-0.01017853 -0.00696443
-0.00294152 0.00904454
-0.00418720 0.01664140
0.01002978 0.00002250
-0.00763587 0.00620411
-0.00179351 0.00417697
0.00202493 0.00344686
-0.01041145 -0.00152653
-0.01081104 0.00228551
0.01089145 0.00450362
-0.00825779 0.00695880
0.00881859 -0.00491713
-0.01426349 -0.00805823
0.00059849 0.00283324
-0.00780790 0.01498641
-0.00939977 0.00456667
-0.00275218 -0.00479147
-0.01292405 0.01175527
-0.00571722 0.01579615
0.00142908 -0.00616376
0.00543498 0.00854149
-0.00219266 0.01154621
-0.00025666 0.00059802
0.01017651 -0.00340428
0.01706646 -0.00335641
-0.00219728 0.00965491
-0.01055872 -0.00212444
-0.01603117 -0.00492521
-0.01758298 -0.01543783
-0.01385488 -0.00622789
-0.00812246 -0.01777617
-0.00763721 -0.01280254
-0.00042356 -0.00213504
-0.00128855 -0.01236937
-0.01254566 -0.00489321
-0.01276759 0.00295149
0.01531767 -0.01708102
0.00276584 -0.00295007
0.00183479 -0.00554264
-0.00538675 0.00051121
0.00799986 0.00251450
0.01977494 -0.00059168
-0.00556934 0.00644268
0.01071535 0.00389417
-0.00584230 0.01097045
-0.00921419 0.00894546
-0.01445040 0.01829780
-0.00488710 0.00407053
-0.01252910 0.01107112
-0.00900943 0.00297618
0.01464952 0.00755346
-0.00606575 -0.00536246
-0.00088421 -0.00777946
-0.00514494 -0.00516015
-0.00520126 -0.00034697
-0.01232933 -0.00053420
-0.00551433 -0.00168549
-0.00278304 0.00121355
0.00813303 0.00199282
-0.00180642 -0.01139420
-0.00280401 -0.00764392
-0.00319881 0.00946050
-0.01136646 0.00346274
0.00462566 0.00589815
0.00708957 -0.00267385
0.00396368 0.00616567
0.00633736 0.00792345
0.00812564 -0.00911832
0.00247044 0.01201672
-0.00556628 0.00939063
-0.01222869 -0.00359821
-0.00378349 -0.00952534
-0.01737947 -0.00382906
-0.00581043 0.00987621
-0.00656296 -0.00656509
0.00416355 -0.00334000
-0.01568644 -0.00886071
-0.00141064 -0.01918464
-0.00021985 -0.00524023
0.01533987 -0.00010368
0.00114625 0.00782796
-0.00457942 0.00010546
-0.00285423 -0.00779570
-0.00112656 0.01145697
-0.00185522 0.01302175
-0.00218633 -0.01025366
0.00007721 -0.00867719
0.00497414 -0.00584078
-0.00554327 -0.00846259
-0.00640308 -0.00912649
-0.01484038 -0.00569685
0.00210460 -0.00944910
0.00608363 0.01548465
-0.00907738 0.00666128
0.01668165 -0.01026680
0.00384224 -0.00868124
-0.01324052 0.00760690
0.00975278 0.00233985
0.00043823 0.00877800
-0.01042035 0.00032562
0.00389009 -0.00832238
-0.00061957 0.00262766
-0.00405311 0.00070231
-0.00402296 -0.00637340
0.00608458 -0.00175848
0.00916658 -0.00015870
0.00984803 0.00207096
0.00296497 -0.02224892
0.00192124 0.00332693
0.00820684 -0.00041404
-0.01308929 0.00324632
-0.01084914 0.00893674
0.00209883 0.00305373
-0.00523999 -0.00292297
0.00244760 -0.00708631
-0.01100916 0.00084467
0.01392920 -0.01503270
-0.00476304 0.02113120
-0.00020118 -0.00754715
-0.03128202 0.00788164
0.00751742 0.00869191
-0.00215349 -0.01314490
0.00742030 0.02345916
0.00588997 0.01149347
-0.00986812 -0.00106268
-0.00731556 0.01352099
-0.01524003 -0.03369313
-0.00541704 0.00419341
-0.00980655 0.02701646
-0.00900461 0.01759323
-0.00271493 -0.01233237
-0.00433490 0.00184935
0.00500985 -0.01048745
0.00755883 -0.00568167
-0.00436927 0.00311263
-0.00704008 0.01144260
0.00000433 0.00411095
-0.01360407 0.02798070
-0.01091058 0.00623008
0.01080385 0.00270631
-0.00032411 -0.01725608
-0.00883455 -0.00639240
-0.00526126 -0.00472284
-0.00589352 0.00174952
-0.02168294 0.00075267
0.00536464 -0.00455987
0.00260621 0.00355302
-0.01141105 0.00275053
0.00285921 -0.00089233
-0.00080356 -0.01320768
-0.00405105 0.00680540
-0.01463435 0.00166371
-0.01028461 -0.01900383
0.00284143 0.00337114
-0.00238677 0.00437572
-0.00372636 0.00999526
-0.00281464 -0.00432378
-0.00824591 -0.00816691
0.00246870 -0.00795797
-0.00936863 -0.01036261
-0.00306910 -0.01160794
0.00486545 -0.01163323
-0.00270483 0.01140479
0.00317165 -0.01852020
0.01332998 -0.01169963
-0.00005637 -0.02081976
0.00162518 -0.01726455
0.01977355 -0.01152728
0.00161663 -0.01151334
0.01113896 -0.01901102
0.00376211 0.00296437
0.00654933 -0.00785347
-0.02837004 -0.02338536
0.00845138 0.01946126
0.00593543 -0.01019341
0.03236121 -0.00315590
-0.01540470 0.00754393
0.01432942 -0.00484616
-0.01257026 0.00204671
0.00078584 -0.00096012
-0.00500112 -0.00254940
-0.00702740 0.02976968
0.00118483 0.00380765
-0.01690699 0.01351290
0.00859775 0.00483876
-0.00945914 -0.01410003
0.00910605 -0.00168584
-0.00400671 -0.00753391
-0.00345217 0.00085626
0.00759423 -0.00924316
-0.00174848 0.00179236
-0.00561977 -0.01254912
-0.00077699 -0.00653401
-0.01403091 -0.00692740
0.00030911 -0.00653122
0.01309660 0.01120200
-0.00464437 -0.00160707
-0.00286859 0.00313514
-0.02691991 -0.00423347
-0.01150021 -0.00766363
0.00070265 0.01563628
0.00016427 0.00803310
-0.00885521 0.01000675
-0.00824815 0.00783574
-0.02484247 0.00932676
0.01127481 0.02286878
-0.01603879 -0.00289006
-0.01596420 0.01996649
0.00654718 -0.00260754
-0.00700485 0.00510002
-0.00985351 0.01609177
-0.01897132 -0.01211860
0.00934634 0.00584998
0.00279530 0.00466587
0.01336046 -0.00331380
0.01325854 -0.02304567
0.02204902 -0.00332488
0.01458194 -0.01254564
0.01595013 0.00945159
0.02213443 0.00301356
-0.03800156 -0.02112286
0.01384118 0.01973315
0.00511277 -0.01817267
0.01170297 0.00686093
0.00749843 -0.02440754
0.01955581 -0.02970909
-0.00015630 0.00033079
0.02197630 -0.02414892
0.00515255 -0.00347437
0.00798839 0.00834125
-0.02327704 -0.00010845
0.01375069 0.00713902
-0.00594472 0.00541486
0.01947092 0.00312973
-0.00977118 -0.00730145
-0.02570703 0.00144358
-0.00506654 0.00293135
-0.00348727 -0.00905945
0.00032424 -0.01457893
-0.00922577 0.00940343
0.01518846 0.00672340
0.02677228 -0.02054773
0.00688121 0.00219379
0.00506161 -0.01477298
-0.00286237 -0.00967306
0.00245243 0.00725447
-0.00902868 -0.00119025
-0.00754635 -0.01446260
-0.01002482 -0.00957201
0.00655006 0.00121935
0.01932581 -0.01908791
0.00001113 -0.00229740
-0.00672108 0.01505246
0.00300293 0.00339574
-0.00284088 -0.01299997
0.00167662 -0.01607070
-0.00351164 -0.02451540
-0.00543772 0.02070301
0.00154196 0.00720263
0.00281801 0.00246135
-0.01754174 -0.03230315
-0.01192359 0.00333959
0.00598260 -0.01259790
-0.00364714 0.00706422
0.01308192 0.00668958
-0.01013815 0.00445608
-0.01285556 0.00315555
0.00535328 -0.00904750
-0.00441241 -0.00954163
-0.00118589 -0.01034232
-0.00231118 0.00321636
-0.00018732 -0.00494384
-0.00357197 -0.01354767
-0.00039908 0.00233044
0.00473292 -0.00210728
-0.00074238 -0.00212159
0.00897481 0.00016473
-0.01629522 -0.01405186
-0.00458898 -0.00183152
0.00307816 -0.00471502
-0.00298046 0.00479993
-0.00312460 -0.01541253
-0.00187569 -0.00952909
-0.01216809 -0.00014659
-0.00963526 0.00321021
-0.00457786 -0.00636972
-0.01780196 -0.01410516
0.00069725 -0.00901056
-0.00971205 0.00336184
-0.00508217 0.00477063
-0.00905755 -0.00580892
-0.01503190 -0.00387689
0.01151407 0.00281165
0.00188730 0.00339747
-0.00750576 -0.01032763
0.00963539 -0.01467239
-0.00633578 0.00333107
-0.01566911 -0.02494453
-0.00429539 0.00332296
-0.00627813 0.00187186
-0.00698876 -0.01248597
0.00261875 0.00697915
0.00374975 0.00192760
0.00782518 0.00586750
-0.00158912 -0.00630830
0.00078759 0.00550398
0.00238411 0.01540086
-0.01668418 -0.00092830
-0.01096915 -0.00833629
0.01879498 -0.01613386
0.01122411 0.00782604
-0.00141681 -0.01340025
0.00550981 -0.00776393
-0.00313005 0.01481798
-0.00318097 0.01161573
0.00890852 0.00941096
-0.00603501 0.00490009
-0.00470759 -0.00299647
-0.00465917 0.00531585
-0.01171610 0.01472375
0.01094121 -0.00208319
-0.00378795 -0.01074162
-0.00352075 -0.00351927
0.00344376 -0.00314686
0.00324137 -0.01693435
0.00914532 -0.00724609
0.02714228 0.00900541
0.00402225 -0.01795571
0.01401631 -0.00558100
-0.00271058 0.00851631
-0.00601342 0.00237830
-0.00534160 0.00323818
0.00724290 0.00361701
0.01074510 -0.00017949
0.00467425 -0.00666731
0.00792344 -0.01345949
0.00199399 -0.01029585
-0.00541251 -0.00189405
0.00482608 -0.01319543
-0.00098892 -0.00193228
0.00425476 -0.00159387
-0.00095498 -0.00692664
-0.01414151 0.01191079
-0.00022555 -0.00069273
-0.01612598 -0.00697840
-0.00546082 0.00597801
0.01108257 0.00886765
0.00134040 -0.00399422
-0.00430031 0.00183605
-0.00527230 0.00685668
-0.01422278 -0.00288661
0.02158454 -0.01222936
0.00792527 0.00590705
0.00210434 0.00887062
-0.01377989 -0.00471190
0.01363224 -0.00501750
-0.00319363 -0.00496265
-0.01293128 -0.00005964
0.00590302 -0.00252118
-0.00225093 0.00430386
-0.01177562 -0.00035448
0.00026474 0.00802759
-0.00314951 0.00749197
-0.00077187 0.00065474
-0.00454739 -0.00218667
-0.01072282 0.00832412
-0.00724996 -0.01017175
0.00194823 -0.00857021
-0.00350366 -0.01400721
-0.00440072 -0.00176892
-0.01162178 -0.00773751
-0.00081880 -0.00550589
0.00306426 0.00073792
0.00846775 0.00181577
-0.00343422 -0.01281820
-0.00912789 0.00584968
0.00881077 0.00829706
-0.00791335 -0.00480531
-0.00026471 0.01121369
-0.01645744 -0.00132943
-0.02015559 0.00793379
0.00922945 0.01028560
-0.01240824 -0.00619343
0.00489845 0.00851359
0.00104895 0.01093460
-0.02289396 0.01438559
0.01013498 -0.00655585
0.00212120 -0.00102751
0.00599448 0.01695692
-0.00848020 -0.00016996
-0.00095940 0.01098464
-0.00163005 -0.01130137
-0.00317794 -0.01526078
0.00652569 -0.00205953
-0.01108641 0.00242471
0.00477347 0.00102095
0.01157890 -0.00012678
0.01452057 -0.00480529
0.00091914 0.00725830
0.00536357 -0.00717513
0.00783757 -0.00917590
0.00180566 -0.00725466
-0.00453234 -0.00575847
0.00605271 -0.01780441
-0.00022392 -0.00049195
-0.00926628 -0.00541809
0.00415187 -0.00477044
0.00770731 0.00862146
0.00170771 -0.00562608
-0.00162980 0.00414314
-0.00282185 0.00961256
-0.00523665 -0.00508411
0.00083766 -0.00090524
-0.00032647 -0.00394629
-0.01055009 -0.00668185
-0.00460788 -0.00969116
-0.01275907 -0.00184567
-0.00880473 -0.01461946
0.00036035 0.00881304
0.00867238 0.00180968
-0.00402851 -0.01568200
0.01005316 -0.01336680
0.01456346 -0.00930946
0.01666686 -0.02834279
0.00823821 -0.01558207
0.01481304 0.02247903
-0.00320631 0.00286330
-0.00060805 0.00091388
-0.00562962 0.00148384
-0.00022002 0.00341293
-0.00417260 -0.02837776
-0.01392373 0.01657719
-0.02600249 0.00755599
-0.01041192 0.00929054
0.01598124 0.01224601
-0.00019357 -0.02224155
-0.00469134 0.01262050
-0.00947047 0.00447735
-0.00334101 0.02938007
-0.01337723 -0.00218658
0.00080808 0.00761796
-0.00902309 0.00883304
0.00621014 0.00491918
-0.01119414 0.01170370
-0.00703247 0.00606554
0.02600339 -0.01304791
0.01290659 -0.00056190
-0.00184033 -0.01339081
-0.00052481 -0.00910813
-0.00491942 0.00509886
-0.00435269 -0.01006114
-0.00258044 -0.00606191
-0.00342720 -0.01706388
0.00789455 0.00433229
0.00137397 0.00462388
-0.00204483 -0.01401777
-0.01563234 0.00236691
-0.01176019 0.00562086
0.00211428 0.01126531
0.00425729 0.00115390
-0.00806944 -0.00863889
-0.01803925 -0.00210077
-0.00838012 -0.00521650
-0.00164023 -0.00611890
-0.00358535 0.00266168
-0.00723466 -0.00282210
0.00658171 -0.00521884
-0.01521473 -0.00476209
0.00555582 0.00115062
-0.00915377 0.01496261
0.00035609 -0.00461512
0.00171378 0.00160773
0.01052063 -0.01273649
0.00373313 -0.01457899
0.01035865 0.00809690
-0.01263298 -0.00105390
0.00290206 0.00669412
-0.00046575 0.00816088
-0.01247031 0.00046232
-0.00350601 0.00536465
-0.01156084 0.00580262
0.00145008 -0.00584319
0.00328543 0.00004574
0.00027014 0.00950245
-0.01289007 0.00425923
0.00292169 -0.00165840
-0.00838774 0.00134581
-0.00314473 0.00089167
-0.00691935 0.00529029
0.00199284 -0.01975422
0.00218953 -0.00472295
0.00386270 0.00441771
-0.00071285 -0.01685488
0.00153287 0.01936069
-0.00360912 0.00626090
-0.01002526 0.00106728
-0.00892336 -0.00721083
-0.00512885 0.00408135
0.00018963 0.00675077
-0.00436252 -0.02328526
-0.00881215 -0.00562849
-0.00237180 -0.00286525
0.00079576 0.00088493
0.00489367 -0.01725255
0.02130952 -0.00045220
-0.00294185 0.00438021
-0.00570958 -0.00634771
-0.00458606 0.00900560
-0.02023588 -0.00380268
0.01309824 0.00157758
0.00502133 -0.00253923
0.00329056 -0.00566287
0.00171498 0.01559432
-0.00314602 -0.00412752
-0.01517118 0.00245422
-0.00137485 -0.00775467
0.00194419 -0.00625985
0.00290386 0.00422829
0.00306917 0.00074940
0.00670482 0.00049203
-0.00850700 0.00326342
0.00045078 -0.00976638
0.01678436 -0.01483498
-0.00847261 0.01942837
-0.01582367 0.00608146
-0.01592711 -0.00269266
-0.00651169 0.00214946
-0.00373735 0.00813512
-0.00440218 0.00071543
-0.01095394 -0.00322358
0.00507390 0.00296757
-0.00267593 0.00295771
0.00053896 0.00431343
-0.00387837 0.00054520
-0.00782087 0.00421217
0.01520544 0.00755299
-0.00487395 -0.00914964
-0.01183876 -0.00130490
0.00414960 0.00195418
-0.00063186 0.00709911
0.00039651 0.00133115
0.00918285 0.00536856
0.00382877 -0.00310830
0.02179111 0.00124468
0.00156567 -0.00479247
0.00121782 -0.00874094
0.00366069 -0.00666097
0.00489775 -0.00602975
0.00442648 0.00842488
0.00140601 -0.01350618
0.00020889 -0.01150195
0.00451480 -0.00043032
0.00052661 -0.00055397
0.01582298 -0.00773411
-0.00913320 -0.02539930
-0.00287849 0.01610498
0.01487026 0.00493381
0.00616743 -0.00433835
-0.00983281 -0.00173783
0.00117085 0.00055388
0.00441138 0.02001922
-0.00637491 -0.00364573
-0.00338786 0.00251340
0.00590449 0.00059498
-0.00910605 -0.00509983
-0.00006732 -0.00260868
-0.00178545 -0.00694948
-0.01500270 -0.00019142
0.01048084 -0.00750355
0.00106594 -0.00058330
-0.01393193 0.01708427
-0.00727019 0.00069948
-0.00257220 0.00722755
-0.00148374 -0.00912135
0.00235367 -0.01417187
-0.00623555 -0.00715809
-0.01233894 0.00159210
0.00381413 0.00339095
-0.00132529 -0.00377225
0.00345007 0.00837468
-0.00175655 0.00480906
-0.00902360 -0.00669772
0.00038775 0.00242639
-0.00542376 -0.00949876
0.00741183 0.00442609
-0.00127821 0.01272675
-0.00795949 0.00242522
0.00321373 0.00151821
0.00236940 -0.01160942
-0.00764548 -0.00691700
-0.00766270 0.00499781
-0.01364919 -0.01227086
0.00819018 0.00053898
-0.00147819 -0.00679111
0.00811725 -0.01200352
-0.00606977 -0.00547687
-0.00652675 -0.00086324
0.01139213 -0.00647580
0.00757774 0.00778100
-0.00545021 -0.01615260
-0.01035539 0.01400177
-0.00782178 -0.01551438
0.01042530 0.00769369
-0.00292950 -0.00458142
-0.00060276 0.00224726
0.00204589 -0.00650193
-0.01495808 0.01273142
0.00554546 0.00664552
-0.00053189 -0.00228674
-0.00226049 -0.00285493
-0.00245760 0.00903459
0.00554186 -0.01288469
0.01359484 -0.00315156
0.00910503 0.00210815
0.00407138 0.01276821
-0.00096720 0.01422865
-0.01870571 0.00144507
-0.00225687 0.00140767
0.00159443 -0.01002638
-0.01215650 0.00062203
-0.00504431 0.00244484
0.00655502 0.00754570
0.00444657 -0.00210349
0.00303542 0.00063724
0.00865297 0.00038534
-0.00567425 -0.00436168
0.00012753 -0.00066407
0.00035031 -0.00272939
-0.00207526 -0.00599335
-0.00577773 -0.01504534
0.00217154 -0.00894394
-0.00098997 0.00582803
-0.00238311 -0.00837807
-0.00372604 -0.00074818
-0.01144112 0.00460034
-0.00221424 -0.00150082
-0.00395286 -0.00533325
0.00507686 -0.00354606
0.00251876 0.01272421
-0.01234894 0.00582235
-0.01344186 0.00136541
-0.00582220 -0.00099591
0.00340009 0.00449803
-0.00186259 0.00557296
0.00604265 0.00178422
0.00413809 0.00415397
-0.00511593 -0.01035466
-0.01363289 -0.01248883
-0.01907674 0.00540373
-0.01263226 0.00739765
-0.01168709 0.01648440
0.00017068 -0.00455271
0.00486353 0.00689544
0.00690686 -0.01497976
-0.00692574 0.00008544
0.01341163 0.00118030
-0.00076495 0.02007112
0.00710224 -0.00342344
-0.00150001 0.00940856
0.01898194 0.00115622
-0.00235908 0.00979341
-0.00602929 0.00483827
-0.00820645 -0.00062817
0.01558908 -0.01528437
-0.00628659 -0.00412245
0.00301123 -0.00105898
-0.00493896 0.00672224
0.00640323 0.00953784
-0.00263631 0.00066671
0.00030662 -0.00126960
0.00226875 0.00888803
0.00303007 -0.01581575
-0.00678505 0.00311720
0.00751300 0.00703009
-0.00215134 0.01596998
-0.00454934 -0.01259801
0.00934703 -0.00726373
-0.00389679 0.00420715
0.00576894 -0.00765909
0.00182746 -0.00469287
0.00547676 -0.00311246
-0.01066657 0.00705361
-0.00645590 0.00018344
-0.01101321 -0.00747478
0.01231152 -0.00085019
0.01396814 -0.00450637
0.00838111 -0.00026850
0.01129652 0.00626228
-0.00435851 -0.00797991
0.00733349 -0.01921773
-0.00096954 0.00166844
-0.00464552 -0.01799613
-0.00609532 0.01859981
-0.00759429 0.00833031
-0.00780340 -0.00002153
-0.00207954 0.00107555
0.00180945 -0.01681041
0.02562419 -0.00159027
-0.00462382 0.00446302
-0.00677691 0.00014032
0.00345748 -0.00287190
-0.00292946 -0.01132444
0.00316520 0.00593493
-0.00355916 -0.00243826
-0.01364876 -0.00410539
-0.00864693 0.00470416
0.00031476 -0.00306168
0.00039956 0.00268554
-0.00789505 -0.00409668
0.00751990 -0.00017586
0.00150366 -0.00711474
0.00326273 0.00367302
0.00298262 -0.00286342
0.00469051 0.01440797
-0.00879388 -0.01265483
-0.00831885 -0.00005146
-0.00442470 0.00550679
-0.00764751 0.00234755
0.00317142 -0.00926778
-0.00070353 -0.00673321
0.00936029 -0.00112574
-0.00142312 0.00072145
0.00093585 -0.00258694
-0.01132150 -0.00769123
-0.00932132 0.00034611
-0.00059172 0.01018458
-0.00345822 0.00060900
-0.00384587 0.00363125
0.00722375 -0.00398446
0.00121954 -0.00574772
-0.00119518 -0.00795751
0.00672876 0.00533637
-0.00216994 0.00352124
-0.00679042 0.00385463
-0.00675331 -0.01000484
-0.00284613 0.00024715
-0.00256947 -0.00781688
0.00690747 -0.00465420
0.01286988 -0.00562222
-0.01907135 0.00665916
0.00256775 -0.01626348
0.00069760 -0.00509857
-0.00213764 0.00521963
0.00268752 -0.00155208
-0.00641311 -0.00158648
-0.00333306 -0.01200021
-0.00037975 0.00185929
-0.00272752 0.00090558
-0.00175130 -0.00156540
0.00102163 0.00942299
-0.01097736 -0.01039645
-0.00393333 -0.01642107
-0.00171304 0.00200804
-0.01067122 0.00150488
0.00800159 0.02348102
0.00122791 -0.01405436
-0.01879533 -0.00548715
-0.01238686 0.00027874
0.01644199 0.00660316
-0.00390899 -0.00838211
0.01153928 -0.00062480
0.01823905 -0.00531978
-0.00792198 -0.00044273
-0.00484059 -0.00400396
0.00691198 -0.00345493
-0.00925646 -0.00173302
0.00608289 -0.00195932
-0.00172063 0.00815071
0.01173957 0.00570202
-0.01359419 -0.01073053
0.00099584 0.01957077
0.00290532 0.01233123
0.00005775 0.00322214
0.00022160 0.00070693
0.00381546 -0.01005914
0.01054625 0.01590596
-0.01179283 -0.00025723
-0.00181887 -0.01438332
-0.01532770 0.00310375
-0.00204374 -0.00228759
-0.00333690 -0.00224411
0.00106790 0.00378744
0.00471452 0.00091431
-0.00712866 0.01518384
-0.01346644 0.00729530
-0.00473232 0.00272397
-0.00307125 0.00666297
-0.00172951 -0.00751363
-0.01026163 -0.00072301
0.00372072 -0.00117019
0.01505159 -0.00125294
-0.00380146 -0.00034012
-0.00519101 0.00642800
-0.00452642 0.00094147
-0.00553001 -0.00632920
-0.00812456 -0.00755720
-0.01240312 -0.00338653
-0.00238531 0.00344864
0.00558077 -0.00034148
-0.01038323 -0.00798443
-0.00593943 -0.00085249
-0.00691873 -0.00207585
-0.00422316 -0.00097274
0.00249270 0.00412863
-0.00739632 -0.00048026
-0.00843104 0.00267088
-0.00291768 -0.00481884
0.00546443 0.00161480
-0.00401572 -0.00491624
-0.01399036 -0.00578688
0.01118383 -0.01010605
-0.00376805 -0.00061289
-0.00408703 0.01327766
-0.00320157 0.00175619
0.00086396 0.00046479
0.01245991 -0.00344871
0.00380791 -0.01173946
-0.00081339 -0.00480318
-0.00250174 -0.00266122
0.00485505 0.00464445
-0.00524665 -0.01231871
-0.00096959 -0.00202830
-0.00513081 0.00475432
-0.00256416 0.00060249
-0.00194350 0.00190399
-0.00135205 -0.00361274
-0.00424725 0.00321958
0.00739654 0.00882008
0.01187616 -0.01054845
0.00877400 0.00144104
0.01433642 0.00626611
-0.01062654 0.00438362
-0.01930337 -0.00186968
0.00165520 -0.00528507
0.00093827 0.00822440
-0.00103135 -0.00432572
0.00351013 -0.00755761
-0.00171294 0.00737625
0.00219693 -0.01726720
-0.00815032 -0.00390290
0.00315415 0.00189923
-0.00152519 -0.01262996
0.00613914 -0.00414253
0.00583951 -0.00810605
0.00319192 -0.00266920
-0.00416781 -0.00562627
0.00143660 0.00958230
-0.01032603 0.00150107
-0.00845067 0.01174091
-0.00412928 0.00152093
0.00306410 0.00813468
-0.00113816 0.02643252
-0.02068204 -0.00559712
0.00845902 0.00288287
-0.00502969 -0.00562393
-0.00601389 0.00954967
0.00712628 0.00013522
0.00640593 -0.01632346
0.00715497 0.00328500
-0.00126756 -0.00825576
-0.00134824 -0.00031257
-0.00935110 -0.01156339
-0.00229181 0.01005747
0.00790455 -0.00119574
-0.00505898 -0.01275471
0.01386856 0.01025557
-0.00015633 0.00869962
0.00538955 0.01524031
-0.00631420 0.00489891
-0.00212784 0.00719991
-0.01216560 0.00631189
0.01422018 -0.00412554
0.01586570 -0.00578638
0.00825265 0.00227947
0.01116587 0.01301669
0.00622944 -0.01586556
-0.01270408 0.00124272
-0.00679464 0.00035395
-0.00628641 0.00323350
0.00766458 0.00558648
0.00014682 -0.00605955
-0.00587108 -0.00001453
-0.00023021 0.00275596
-0.00405199 -0.00318367
0.00042078 0.01062652
-0.00337894 0.00337740
-0.01143759 -0.00028032
-0.00737842 0.00006757
-0.00516722 -0.01027013
0.00641321 -0.00453891
0.00442031 0.00491521
-0.00876661 -0.00642285
-0.00821938 -0.01071214
-0.00201449 -0.00744261
-0.00037419 0.00207171
-0.01438412 -0.00858920
-0.01222849 0.00545614
-0.00735363 -0.00947842
-0.00672923 -0.00415681
0.00897453 -0.01505456
-0.00442672 0.00121778
-0.00551120 -0.01107569
-0.00306562 -0.00417544
0.00904236 0.00200691
0.00242310 0.00181905
-0.00215640 0.02348763
0.00137947 -0.00240641
-0.00326832 0.00002553
-0.00039446 -0.01221932
-0.00516304 0.00697419
-0.00598262 0.00091658
-0.00770007 0.00540280
0.00445311 0.01016031
-0.00207368 0.00267604
-0.00420769 0.00314120
-0.00711736 -0.00493934
-0.00064784 -0.00370512
0.01216462 -0.00177405
0.00263345 0.00313357
-0.00146446 -0.00424768
-0.00155637 0.00115830
0.00936887 -0.00033384
-0.00638585 0.01280505
0.00101420 -0.00094494
0.00146503 -0.00379227
-0.00491858 0.00032180
-0.00875164 -0.00461178
0.00299582 0.00252629
0.00137718 -0.00232216
0.00032400 0.00510128
-0.00263258 0.00226490
0.00693536 -0.00025663
-0.01136023 0.00283903
0.00436122 -0.00149312
-0.00262737 0.00822143
0.01021873 0.00649499
-0.00395362 0.00091878
0.00047422 0.00819092
0.00133419 -0.00903079
-0.01163388 -0.00149405
-0.00353150 0.00406385
-0.00594558 0.00531397
-0.00748967 -0.00516946
0.00830263 -0.00672633
-0.00022029 -0.00334118
0.00336689 -0.00022339
-0.00971730 -0.00204650
0.00041827 -0.00068454
0.00774927 0.00440404
0.01186253 -0.00571284
-0.00830657 0.00673771
0.00465344 -0.00139383
-0.01595332 0.00138003
0.00443659 -0.00608000
0.00079208 -0.01063215
-0.00088254 -0.00880128
-0.00653030 0.00442614
0.00521335 -0.00676133
0.01594090 0.00782507
-0.00444011 -0.01708953
-0.00057982 -0.00228051
0.00095151 -0.01070310
-0.01531379 -0.00685849
0.00090937 -0.00908893
-0.01010853 -0.00309439
-0.00654427 0.00014013
-0.00501781 -0.01015845
0.00264296 -0.00624340
0.00852301 -0.00540587
0.00451181 0.00808581
-0.00322868 -0.01411757
-0.00869293 -0.00851531
0.00866544 0.00497020
0.00216256 -0.00486563
0.01229043 -0.00612978
0.01283651 -0.00228596
-0.00113671 0.01442280
0.00431233 -0.00503136
-0.00385054 0.00230447
0.00216042 0.00629040
-0.00586052 0.00136709
-0.00071971 -0.01205835
0.00323630 -0.00856771
-0.01581098 -0.00160886
0.00249123 -0.00624651
0.00409946 -0.00114467
0.00946850 -0.00297081
0.01325562 -0.00859833
-0.00593609 0.00064752
-0.00636212 0.01197952
-0.00243905 -0.00196456
0.01257083 -0.00545666
0.00370113 0.00298785
-0.01404689 -0.00297928
0.00685128 0.00977722
0.00324371 0.00091257
0.01212051 -0.00213482
0.00154338 -0.00799533
-0.00576348 -0.00223228
0.00389645 -0.01514628
0.02254328 -0.00631395
-0.00597197 0.01231703
-0.00193702 0.00727926
-0.00162214 0.00881693
-0.00815384 -0.00158393
0.00224552 0.00733596
-0.00766975 0.00966713
-0.00298064 -0.01822186
-0.00944154 -0.00818159
0.00046347 0.00887877
-0.00309642 0.00529874
0.00916056 -0.00290998
-0.01189549 -0.00528074
-0.02121843 0.00539531
0.00757180 0.00215614
0.00658849 0.00448508
0.00175441 -0.00452202
-0.01829869 0.00593690
0.01204185 -0.00289963
0.00915845 0.00139006
-0.00840865 -0.00744400
-0.01502278 -0.00461430
0.00825427 0.00570781
-0.00662031 -0.00290262
0.00720778 -0.00237781
-0.00169856 -0.00909968
-0.00855166 0.00633743
0.00631964 -0.01274970
0.00826486 0.00021025
0.00801584 0.00314804
0.00499295 0.00516455
-0.01460981 0.00629405
-0.00469903 -0.00262238
0.00675629 -0.00325528
-0.00272326 0.01229858
0.01046219 -0.01136516
-0.00963060 0.00205378
-0.01914646 0.00650907
-0.01314342 0.01909566
0.00306981 -0.00072379
-0.00151828 -0.00515119
0.00519309 -0.00775467
-0.00247867 -0.00139371
0.00046665 -0.00790136
0.00093572 0.00182378
0.00020392 0.00555443
-0.00947733 0.00322572
0.00453085 0.01857303
0.00030418 -0.00809047
0.00149529 -0.00416618
-0.01265350 -0.01426271
-0.01008313 0.00182623
-0.01357466 -0.01307776
-0.00108553 0.00473165
0.00310914 -0.01020512
0.00651217 -0.00940419
-0.00791770 -0.01663195
-0.01463730 0.00870785
0.00343970 -0.00116445
0.00783139 0.00039335
0.00068210 0.00795662
-0.00729092 -0.01580073
-0.01099244 0.01274457
-0.01142989 -0.01226476
0.00155087 0.00719245
0.00300306 0.00685605
0.01409687 0.00763360
0.00244315 0.00748181
-0.01384442 0.00061726
0.00224564 -0.00766809
0.00582882 0.00031171
-0.00509948 0.00438825
0.01588799 -0.00989267
-0.01685557 0.00414236
0.00417937 -0.00063645
0.00152759 -0.00626403
0.00883032 0.00615715
0.01453243 0.00599174
0.00722677 -0.00080228
0.01686091 0.00100730
0.00264235 0.00218713
0.00103901 -0.00315871
-0.00167380 -0.00490954
-0.00766043 -0.00016429
0.00260483 -0.00012178
0.00176703 -0.00564174
-0.02076940 -0.00573216
-0.01748004 0.00356354
0.00456228 0.00116400
0.00499277 -0.01326893
-0.01355596 0.00178156
0.00197766 -0.02085450
0.00832023 0.01783902
-0.00498475 0.01196445
-0.00048260 -0.00835955
0.00119104 -0.00080248
0.00002282 0.00733022
0.00171038 0.00947400
0.00098987 0.00800950
0.00939271 0.00279484
-0.01172074 -0.00116039
-0.00294550 -0.00617081
-0.00690313 0.00724000
0.00160540 0.00197711
-0.01554669 0.00810131
0.00212134 -0.00996965
0.01151973 -0.00089800
0.00759629 0.00011290
0.00540175 0.00338911
0.00859773 0.00019394
-0.00543316 -0.00309081
0.00513943 -0.00556315
0.00434997 -0.00167095
-0.01413648 0.00790087
0.00290313 0.00832773
0.01496464 -0.01873577
-0.01241054 -0.00305284
0.00397032 -0.00652608
-0.01164390 0.01068832
0.00304470 -0.01371315
-0.00516764 -0.00439881
0.01120946 -0.00110665
-0.00342626 -0.00291454
-0.00819266 -0.00843145
0.00586785 0.01761067
-0.01043413 0.01880367
0.00273342 -0.00629440
-0.00078826 -0.00577106
-0.00535927 0.00493110
0.00162811 -0.00629734
0.00207246 0.00354725
-0.00224336 -0.01170136
-0.01600284 -0.01145299
-0.00474500 -0.01636329
-0.00851638 0.01148807
-0.01040792 -0.00248619
-0.01321262 -0.00344240
-0.01949503 -0.00786406
-0.00364188 0.00211519
0.01445731 0.00198964
-0.00748035 0.00036368
-0.00011481 -0.01382369
-0.01072352 -0.01333974
-0.00598454 0.00521128
0.00376132 -0.00050593
-0.00107246 0.00616148
-0.00568332 0.00170380
-0.00527759 -0.02072697
-0.00025778 0.00363195
0.00448124 0.00376552
-0.01509653 -0.00461945
0.00260995 -0.01764188
-0.00651128 0.00496886
-0.00117050 0.00080742
0.00215822 0.00160613
0.00536787 -0.00668746
-0.01718521 0.00331845
0.00602277 -0.00519705
-0.00347254 0.00539484
-0.01056858 -0.02343751
-0.01078979 -0.02767821
-0.00901814 0.00832785
-0.00232351 0.00556104
0.01090518 0.00574312
-0.00554563 -0.00331613
0.00543705 0.01127852
0.00024717 0.00766990
0.00396176 -0.00153590
-0.00834765 0.00072369
-0.00517863 -0.01990605
0.00785794 -0.02079044
-0.00402010 -0.00275299
0.00730782 -0.00865592
0.01039481 -0.01482705
-0.00709352 0.02143930
-0.00325736 0.00500057
-0.00652989 -0.01200831
0.00198431 -0.01496938
0.00074128 -0.00842499
0.00119707 0.00136444
-0.00369825 -0.00991084
-0.01165884 -0.00957657
0.00354041 -0.00306777
-0.01406502 0.00751123
0.00189186 0.00232136
-0.00545871 0.00444541
0.00291892 0.00926303
0.00062505 -0.00754883
0.01502363 -0.00756742
-0.00024081 0.00107847
0.01356142 0.00212435
0.00601812 0.01205828
0.00401054 0.00983159
0.01072528 0.01931633
0.00358344 0.00165826
-0.00315303 0.00762089
-0.01011020 0.01353655
-0.00390967 0.00005962
-0.00597073 0.01397758
0.02138211 -0.00531338
-0.02348943 0.01152202
-0.00111998 0.00224489
-0.00037497 -0.01234635
0.00710871 0.00501717
-0.00242510 -0.01612453
0.00655979 -0.00448539
-0.00556895 -0.00106680
0.00618964 -0.00701987
-0.01166370 -0.02058504
-0.00305590 -0.00201594
0.00670561 0.01945988
0.01572390 0.00029213
0.01077998 0.00761192
0.01336988 0.00852611
0.00678796 0.01814863
0.00177544 -0.00261772
-0.01167117 0.01851656
0.00010021 0.00005452
0.00421638 0.00436924
0.00201464 0.02544722
0.00611104 -0.00746171
-0.00112938 -0.00337755
0.01767814 -0.00188738
0.01346759 0.00793135
0.00106693 0.00810926
0.00700264 -0.01018861
0.00383854 -0.00151323
0.00890178 0.00989166
-0.01131327 -0.00418336
-0.00744875 0.01089309
0.00473698 0.00234819
0.01213074 0.02246032
-0.00358041 0.01262721
-0.02164484 -0.02065418
0.00966612 -0.00128962
0.01414494 -0.00241382
-0.01466417 0.01782064
-0.01450914 -0.00599841
0.00349020 0.01165974
-0.00556110 -0.00286341
-0.00332231 0.00680120
0.01604869 0.00844142
-0.00074085 0.00892967
0.02192053 0.00364725
0.00850089 -0.01005645
0.01080785 0.00202226
-0.00474222 0.00952812
0.00622819 -0.00870860
0.01384955 0.00389392
-0.00303945 0.01881079
-0.00137240 0.00488490
-0.00083593 -0.00538933
-0.00898239 -0.00487862
-0.00817885 0.00585316
0.00290810 0.00117638
0.01253064 -0.01517371
0.00982850 0.01001813
0.00401198 -0.00045622
0.00902899 -0.00207427
-0.00270708 0.00735892
-0.00679310 0.01142031
-0.01492757 0.00221149
-0.00535419 -0.00124533
0.00121908 -0.01292593
0.01167329 -0.01771719
-0.00527427 0.01176023
0.00266025 -0.00940958
-0.00444432 -0.01365046
0.01117569 0.00862436
-0.00319807 -0.01530325
0.00243503 0.00114371
0.00235393 0.00002557
0.00827540 -0.00729442
0.00434676 -0.00003769
0.00730477 -0.00680184
0.01245803 0.00613518
0.00122660 0.00455271
0.01065107 0.00151682
0.01373910 -0.00915789
0.00037178 -0.00753890
0.00017118 -0.00000005
-0.01188891 -0.00299767
0.01239959 -0.00389479
0.02187919 -0.00326333
0.01186869 -0.00694196
-0.00721630 0.01535293
0.00456580 0.00059760
0.01552622 -0.01145147
-0.00410039 -0.00442680
-0.00590829 0.00166771
0.00364619 -0.00781532
0.00652084 0.00872171
0.00842715 -0.00276929
-0.00569637 -0.00792795
0.00085922 -0.01643683
0.00211880 0.00110372
0.02371426 0.01555409
0.00210936 0.00127492
0.00455781 -0.00440503
-0.00855779 0.00847766
-0.00455555 0.01522626
0.00260596 -0.00408303
-0.00442329 -0.00740239
-0.01563930 0.00640890
0.01113323 0.00050583
0.00395818 -0.01234543
-0.00843439 -0.00605337
0.00526134 0.00971713
-0.00073674 0.00172890
0.00796868 0.00485791
0.00497053 0.00056863
-0.00210592 0.00749911
0.01172459 -0.01005454
-0.00587548 -0.00671090
0.01705284 -0.00779688
0.00374413 0.01199754
-0.01090262 -0.00562288
0.00403769 0.01036280
-0.00889143 -0.00974743
0.00136822 0.00291819
-0.00458831 0.00278753
-0.00685388 0.00545644
-0.00644342 -0.00218603
0.01305240 0.02762453
0.00352333 -0.00182604
-0.00910705 0.00296495
-0.00485682 0.01779540
0.01154839 -0.01302606
-0.00226130 -0.01076545
0.00574413 0.01714359
-0.01019375 0.01190406
-0.00420070 0.00049894
0.00155102 -0.00017792
0.00458917 0.00498681
-0.00023171 0.00439120
0.00070032 -0.00162477
0.00769388 0.00917077
0.00746940 -0.00008200
0.00374373 -0.00608908
-0.01658191 -0.00189945
0.01492150 -0.00489272
-0.00006146 0.00288938
0.01329497 0.00685772
0.00487361 0.00291801
-0.01492165 0.00608316
-0.00446024 -0.01599284
0.01973261 0.00805323
-0.00081851 0.00830377
0.00516126 -0.00727989
0.00747980 -0.01748865
-0.01976335 -0.00890313
-0.00043150 0.00728894
0.01158622 0.02563794
0.00405987 0.01130046
-0.00616003 -0.02161282
0.01059495 0.00152391
-0.00990054 0.00213504
-0.00490368 0.00816924
-0.00859705 -0.00885165
0.01148567 -0.00730403
0.00101717 0.00111862
-0.01449020 -0.00147945
0.00991637 0.01369982
-0.00702432 0.01104588
-0.00655729 0.00335989
-0.00347288 0.00118694
-0.00824744 0.01542246
-0.00889280 -0.01215216
0.02715814 0.00637255
-0.01575850 -0.01506738
0.00724625 0.00944436
-0.01087154 0.01020608
-0.00751075 0.00494728
0.00127173 -0.00928311
0.00319116 0.00885032
-0.00561488 0.01617745
0.01831125 0.00463859
0.00067373 0.02385379
0.00087486 -0.00674545
0.00066296 0.00503603
0.00547838 0.01097158
0.00743444 -0.00916849
-0.01502209 0.01574112
-0.01098462 0.01242507
0.01163930 -0.00508051
-0.00281747 -0.00311816
-0.00941803 0.00201210
-0.00371863 0.01248030
-0.00382401 0.01388333
-0.00507439 -0.01032297
0.00513203 0.01115700
0.00548029 0.00276417
-0.01926508 -0.00760995
0.00936453 0.01017706
0.02330562 0.00061091
-0.00895684 -0.01202343
0.00043940 0.00982962
0.00481180 0.00995402
-0.00917017 0.01207874
0.00311951 0.01126115
-0.00136459 -0.00957496
0.00763769 0.01123823
-0.01068678 -0.00024779
-0.00298712 0.00335875
0.00741706 0.00995653
-0.00463500 0.00580225
-0.00567024 0.01775921
0.00045265 -0.02091835
0.00244494 -0.00680526
-0.00399973 -0.00216558
0.00489759 -0.00303322
-0.01449333 0.00973713
-0.00818287 -0.00318184
0.00319367 -0.01098247
0.00329758 -0.00242530
-0.00215801 0.00761385
-0.00068281 -0.00429292
0.00270474 -0.00023036
0.00440583 0.00294842
-0.01379416 -0.00951133
-0.01073572 -0.00943589
0.00435393 0.00459932
0.00731475 -0.00792587
-0.00950743 -0.00421534
0.00755833 -0.00968931
0.01114138 0.01853967
-0.00084942 -0.00986593
0.00771321 -0.01171588
-0.00124115 -0.00416344
0.02260419 -0.01114818
0.00405847 -0.01635447
-0.00638253 -0.00311369
-0.01340861 0.00193389
0.00175480 -0.00360809
-0.01523579 0.00838130
0.00301606 -0.00106978
-0.01377645 0.01312286
-0.00106796 -0.00762850
-0.01385247 0.01672071
0.00181099 -0.00841204
-0.00818356 0.00298691
-0.00874143 -0.00829062
-0.00483337 -0.00887430
-0.00662474 0.00359214
0.00263147 -0.00643206
-0.00763517 -0.00912608
-0.00317934 0.00149947
-0.00755738 -0.00201057
-0.00338090 -0.00571618
0.00881158 -0.00078874
-0.00702620 -0.01180416
-0.01278546 0.01079487
-0.00303739 0.00185112
-0.00948015 0.00149267
0.00319714 -0.00304714
0.00611026 0.00459681
-0.00780068 0.00530754
0.00469928 0.00111904
-0.00173606 -0.00317690
-0.00172824 0.00228631
-0.00367154 -0.01534840
-0.01654589 -0.00175852
-0.00028463 0.00594086
0.00147924 0.00942186
-0.00601035 0.00460783
-0.00791136 -0.01234618
-0.01190548 -0.00875807
0.00814926 -0.00064436
0.01572588 -0.00810828
0.02014904 -0.00636887
0.00502743 0.00900829
-0.00607680 0.00557817
0.00014385 -0.01376127
-0.00321989 -0.00093704
0.00578446 -0.01611555
-0.00485300 -0.01062378
-0.00419033 -0.01019381
0.00470492 -0.01687359
0.00240266 0.00096617
-0.00471238 0.00096024
0.02070252 -0.00103469
0.00965944 -0.00134319
0.01298331 0.00565805
-0.00306653 0.00773937
0.00877204 -0.01695245
-0.01620278 0.00373042
-0.00090644 -0.00362356
0.00924818 0.00764894
-0.00268444 -0.00483332
0.01110446 0.00344708
0.00766798 0.00689762
-0.00100008 0.00508413
-0.00148669 -0.01456726
-0.01674036 0.01256297
-0.01431714 -0.00358711
-0.00103295 -0.00800545
-0.00218987 0.00124657
0.00377807 0.00775647
0.00334481 -0.00305274
-0.01437906 0.00697428
0.00349157 0.00016959
-0.00856605 0.00690588
0.00701835 0.00380524
-0.00002076 0.00728559
-0.00776269 0.00460877
0.00579284 0.00446123
-0.01087795 0.00775771
0.01900039 0.00539504
0.00395782 0.00668412
0.02025701 -0.02144480
-0.00902547 -0.01265292
0.00367898 0.01656795
-0.00519112 0.00690811
-0.01255223 -0.00456667
0.01070259 -0.00760162
0.01220720 -0.01974784
0.00053555 0.00697753
0.00375942 -0.00723464
-0.01331198 0.00897068
-0.00695761 0.01031241
-0.01205805 -0.00572560
0.00156116 0.00026701
-0.00558752 -0.00496371
-0.01417877 0.00997819
-0.00320802 0.01228619
0.00533688 -0.00823389
0.01839779 0.00290307
-0.00647256 -0.01661704
-0.00847795 0.00310303
-0.01254416 0.00427223
-0.00298538 -0.00617362
-0.01129383 -0.01206901
-0.00482290 -0.00988025
-0.01338946 -0.01210705
-0.01393981 0.00723004
-0.00970903 0.00473187
0.00526399 0.00802399
0.00297823 0.00676790
0.00675826 0.00007938
0.01269685 -0.00686587
-0.00141892 0.00078648
0.01977511 0.00562048
0.01011703 -0.00531921
-0.00355943 0.01375578
0.00730252 -0.00563852
0.00209989 0.00703981
0.00647569 -0.00999299
0.01404784 0.00399469
0.00623399 -0.00339654
0.00022739 0.00432011
0.00090834 0.00064288
-0.01263002 -0.01015152
-0.00438478 0.00854325
0.00184876 -0.01472541
0.01234927 0.00605692
-0.00181009 0.00172407
-0.01189964 0.00056658
-0.00245467 0.00429217
0.00038976 -0.01308044
0.00204368 -0.00426196
-0.01079008 -0.00173613
0.00191734 -0.00351187
-0.00243296 0.00008783
0.00101952 0.00335570
-0.00539362 -0.01017617
0.00620692 -0.01582181
-0.00054869 0.00046528
0.01358899 -0.00151814
-0.00408553 -0.00967117
-0.00704952 -0.01715472
-0.00710896 0.00350980
-0.00760170 -0.00380330
0.00575669 0.00090441
-0.01029185 -0.00229900
0.00089999 -0.00532203
-0.00609019 0.00167344
-0.00518313 -0.00181615
-0.00475845 -0.00247693
-0.01634689 -0.01104536
0.00163433 0.00081681
-0.00101743 0.00937311
-0.00638883 -0.00482426
-0.00287262 0.00736408
0.00359726 -0.01126967
-0.00213995 -0.01025833
0.00842117 0.01066712
0.00451866 0.00686530
-0.00203993 -0.00795133
-0.00073936 -0.01251910
0.02160564 -0.00349552
-0.00322145 -0.00186757
-0.00954323 -0.00580750
-0.00694718 0.00733692
-0.00788748 -0.00703921
0.00032541 -0.00516874
-0.00105738 -0.00061773
0.00597547 -0.00620078
0.00517950 0.00065741
0.01380444 -0.01318434
-0.00351183 -0.00426929
0.00800955 0.00306666
-0.01268557 -0.00061808
0.00988045 0.00954274
-0.01095614 0.00638785
0.00530326 0.00032283
-0.01716385 0.00943931
-0.00775584 0.00305024
0.01078379 0.00473128
0.00409775 -0.00757813
-0.00146650 -0.00006680
-0.00725376 -0.00709365
0.00186616 -0.00647669
-0.00611298 -0.00464099
0.00556303 -0.01665232
-0.00956220 -0.00890059
-0.00865741 -0.00820659
0.01018682 0.00743582
-0.00380387 0.00978647
0.00902730 -0.01300616
-0.01543798 0.01343559
0.00051581 0.00974657
-0.02290255 -0.00084040
-0.01155245 0.01348079
-0.00507531 0.01508421
-0.00723975 -0.01151092
-0.00260052 0.01018059
-0.01238452 -0.00457820
0.00608888 -0.00396408
0.00292884 -0.00221610
0.01253200 0.02048911
-0.01325210 -0.00517814
-0.00592228 0.01399974
0.01896183 0.00530353
-0.02639488 -0.02226378
0.00902795 0.00468250
0.01785563 -0.01072336
0.01918007 0.01219797
0.00378091 -0.02798337
-0.01336458 -0.00082150
0.01092211 0.00824105
-0.00891962 -0.01821368
-0.01709081 0.00692673
0.01249226 -0.02241863
-0.00305184 -0.00072171
0.00117304 0.00346255
-0.00639738 0.00659460
0.00118891 -0.00542014
-0.01677535 0.00840125
-0.00518528 -0.00838713
0.01568436 -0.00568283
0.00919017 0.00721754
0.01190585 -0.01266334
0.01507019 -0.01115169
0.00387900 -0.00917931
-0.00134161 -0.00589212
-0.00591854 -0.00905704
-0.00909160 0.00058932
0.01329410 0.00236216
0.01166358 0.00171207
-0.00021913 0.00298143
-0.00727431 -0.00117614
-0.00017672 0.00454625
-0.00809070 -0.01282189
0.00662283 -0.00663283
0.00018346 0.00136744
0.01203110 -0.00617941
-0.00195505 0.01122116
0.00858834 -0.00510762
-0.00691386 -0.00410673
0.00072313 -0.00959450
0.01373866 0.00414655
0.00192013 0.00215622
-0.00423482 -0.00382395
-0.00656081 -0.01425669
0.00571800 0.00636609
-0.00240186 -0.00317399
-0.00857807 0.00105686
-0.00501184 0.00317584
-0.00864930 0.00817179
-0.00248007 0.01034922
-0.00694544 -0.01313618
-0.00955029 -0.01458883
0.00477521 -0.00608742
0.01772570 -0.02486895
0.01451584 -0.02288008
-0.00430160 -0.00868701
-0.00166875 0.01823074
0.00381900 0.00064582
-0.00167991 -0.00549426
-0.01593675 -0.01351103
0.01042029 0.00214863
-0.00415886 0.00132198
-0.04261690 -0.00455760
0.00120310 0.00930077
-0.00834608 0.01818960
0.02316497 0.00076530
-0.00173556 -0.02117677
0.00406715 -0.00296922
0.00030103 -0.00283464
-0.01172344 -0.00122700
0.00204004 0.00233731
-0.00434989 -0.00272728
-0.00460663 -0.00131248
0.00895419 -0.00758157
-0.00701655 -0.00467938
-0.00262699 0.01283466
-0.00536097 -0.00261807
0.00192955 -0.01100723
0.00158185 -0.00552135
-0.00534048 0.00116861
-0.00535345 -0.00075864
-0.00730598 -0.00465166
-0.00245619 -0.00532505
-0.00651729 -0.00574315
-0.00140842 0.00047189
0.00214348 0.00921185
-0.00532819 0.01572964
0.02062393 0.01669447
0.00772774 0.00435388
-0.00129071 0.00162761
-0.00036234 0.00607444
0.00854765 -0.01795991
0.01329439 0.01089901
0.00032938 -0.01623086
-0.01045342 0.00818807
0.00053064 0.00242328
-0.00043681 0.01862141
0.01021213 -0.00564950
0.00751174 -0.00960317
0.00422429 -0.00344104
0.02415214 0.02221031
0.00017255 -0.01987676
-0.00856256 -0.01169777
0.00123820 -0.00096389
-0.00676161 -0.01984936
0.00645746 0.00398748
0.01815688 -0.00738371
-0.00478138 0.00169589
-0.00466479 -0.00354394
-0.00966389 -0.02287791
-0.00221111 0.00239079
0.02119583 -0.00029244
-0.00622919 -0.00076338
-0.00959789 0.01628960
0.00332687 -0.01227644
-0.00689535 0.01351904
-0.00799901 -0.01420491
-0.00215536 0.01077204
-0.00737750 -0.01800338
-0.02630083 -0.00206914
-0.01066448 -0.00645907
0.00314600 -0.00782401
-0.00677685 -0.00051052
0.02262148 0.00861161
0.00521720 0.01362475
0.00877775 -0.00462701
-0.00980964 0.00073369
0.00214382 -0.00785107
-0.01276739 -0.00903784
0.00191243 0.00123205
-0.00056010 0.00393043
0.01201403 -0.01417824
0.00120336 -0.01613215
-0.00853656 0.00184762
-0.00280901 -0.00767485
0.00640200 0.00587743
0.00201298 -0.00071779
0.00991973 -0.00751600
-0.01052997 0.00277710
0.00616619 0.00181177
-0.00817721 0.00355868
-0.00421377 -0.00544839
0.01064296 -0.00277085
0.02309286 -0.03070490
0.00617615 0.01462956
-0.00072222 -0.00745700
-0.00818955 0.00898626
0.00392064 -0.00619354
-0.00649850 0.01418932
0.00943195 0.00002996
-0.00280168 -0.01006353
-0.00438992 -0.00003484
0.00259783 -0.00597427
-0.01504560 -0.01294473
0.00090769 -0.01047102
-0.00667617 0.00365390
-0.00293379 0.00689852
-0.00512718 0.00460851
-0.00346114 0.01020849
-0.01227601 -0.00842984
-0.00235075 -0.00674608
-0.00672394 -0.00169960
-0.00403538 -0.00467336
0.00870515 -0.00232234
0.00580065 -0.01189897
-0.00684488 -0.00280614
0.00324443 0.00056234
-0.00342991 -0.00109526
-0.00841433 -0.00179087
0.00001940 -0.00741655
-0.00848773 -0.00355032
0.00742427 0.01219897
-0.00487822 -0.00869142
0.00211897 0.00588945
-0.00268622 0.01185074
0.00361715 0.00630629
-0.00674370 0.00330743
-0.00443055 -0.00598545
0.00819469 -0.00974806
0.00466200 -0.01639326
0.02152823 0.00499041
-0.00916640 -0.01630685
-0.00185704 -0.00689901
-0.01803245 0.00880664
0.00304665 0.00254155
0.01721731 -0.00607907
0.01110439 0.00108991
-0.01212252 -0.00771049
0.01147215 0.00987140
-0.00909348 0.01314499
0.01879282 -0.03372104
-0.00957946 -0.01613421
0.00240664 0.00627877
-0.00681281 0.00247994
0.00744402 -0.00704045
-0.00326619 0.00063615
-0.00876646 0.00083445
0.00231255 0.01197566
-0.00289932 -0.00364491
-0.00655687 0.00366729
-0.00592108 -0.00474836
-0.00470442 0.02099299
0.00586688 -0.00164194
0.00064377 0.01238996
-0.00488988 -0.00822806
-0.01231126 -0.00911314
0.01591906 0.01369839
0.00004627 0.00961439
-0.00847014 -0.00461303
-0.00616948 -0.00777575
-0.00952462 0.01031815
0.00571238 0.00008940
-0.00022261 0.00901710
0.01078372 0.00270124
0.00450625 0.00523127
0.01088152 -0.00723736
0.00695923 0.00966749
-0.00254502 0.00014782
-0.00324579 -0.00216067
-0.00439203 0.00751750
-0.00401403 0.00294584
0.00154767 0.00214450
0.00353078 0.00735583
-0.00308431 0.01129181
-0.00643894 -0.00956767
0.01458783 0.00960662
-0.00594524 0.00157316
0.01081414 -0.01283070
0.00281485 0.00024547
0.00317257 -0.00644180
0.00352834 0.00437246
0.00285952 0.00846513
0.01239687 0.00642956
0.00298859 -0.00450513
0.00696490 -0.00037531
-0.00100583 -0.00331491
-0.00159258 0.00372599
-0.00000847 -0.00868552
-0.00824087 -0.00014874
-0.00924207 0.00166095
0.00483622 -0.00106176
-0.00955660 0.00447023
0.00010368 -0.00956260
-0.00041226 0.00336162
-0.00153718 -0.00804651
-0.00454683 -0.00617527
-0.00367871 0.00306379
-0.00250940 0.00134913
0.01148197 0.00367134
0.00303285 -0.00073657
0.00470816 0.00796529
-0.00407292 0.00733699
-0.00379644 -0.01506756
0.00554878 0.00604609
0.00331044 0.01045973
-0.00253147 -0.00707220
-0.01066883 0.00257412
0.00477896 0.00990013
0.00090681 0.00173776
0.00261488 -0.00179892
-0.00626329 0.00509881
0.00044369 -0.00912414
-0.00441859 0.00352029
0.01249855 -0.00050479
0.00069108 0.00894912
-0.00509039 0.00423316
-0.00158997 -0.00238634
0.00403823 -0.00072037
0.00558156 -0.00771936
-0.00332164 -0.00054327
0.00445834 0.00153765
0.00264938 -0.00536572
-0.01461228 -0.00100455
0.00249841 -0.00028624
0.00337547 0.00576312
-0.00580755 0.00238493
0.00263709 -0.00435291
0.00612613 -0.00668638
0.00312238 -0.00436724
-0.00364530 0.00373062
-0.00416056 -0.00188361
-0.00226604 -0.00023625
-0.00752646 0.00500749
-0.01057409 -0.00520979
-0.00361380 0.00712573
-0.00414951 -0.00012214
0.00126908 -0.01125087
0.01219067 0.00309733
-0.00784577 -0.00219750
0.01165809 -0.00357314
0.00285228 0.00074613
-0.00262742 -0.00832888
-0.00219120 -0.00517858
0.00140753 0.00235887
-0.00573257 0.00976237
0.00730750 0.00026738
0.00089429 0.00716709
-0.00803837 0.00734725
-0.00170678 -0.00053988
0.00116091 0.00144256
0.00035767 0.00119262
-0.00606900 -0.00967654
-0.00004400 0.00680805
-0.00314128 0.00088475
0.00178446 0.00275940
0.01201278 0.00309090
-0.00618649 -0.00007914
-0.00462858 0.00607571
-0.00023261 -0.00037310
0.00507355 -0.00774545
-0.00040400 -0.01209884
0.00428008 0.00533257
0.00462605 -0.00345424
0.01622730 -0.00102582
-0.00156019 -0.00136406
0.00058263 0.00070357
-0.00225694 -0.00457096
0.00289987 -0.00249279
0.01213734 0.00352807
-0.00790616 -0.00378287
0.00183836 -0.00503183
0.00627243 -0.00738519
-0.00093190 0.00538311
-0.00017863 0.00409782
-0.00687554 0.00594323
0.00220831 -0.00814200
-0.00206628 0.00031268
-0.00351305 0.01103648
-0.00777623 -0.00592829
0.01556062 0.00794027
-0.00858125 -0.00312478
-0.00336899 -0.00538954
0.00366616 0.02316028
0.00768539 0.00389813
0.01042203 0.00133487
0.00150333 -0.00067049
0.00890239 0.00703948
-0.00170260 -0.00179055
-0.00478955 0.00075762
0.00548250 -0.00152183
-0.00044121 -0.00521444
-0.00489635 0.00027692
0.00265098 -0.00935068
0.00443230 0.00469178
0.00452651 0.00652310
0.00592478 -0.00127968
0.00734991 -0.00426382
-0.00644884 0.00275380
-0.00249636 0.00928748
-0.00521403 -0.00161606
-0.00222543 0.00269929
0.00070292 -0.00537180
-0.00683986 0.00290024
-0.00524195 0.00171554
-0.00074455 -0.00521491
0.00176814 -0.00227817
-0.00634403 0.00315074
0.00586631 -0.00355229
-0.00275233 0.01035500
0.00074757 -0.00644426
-0.00239293 0.00318865
-0.00206092 0.00190698
0.00586034 -0.00324203
0.00935941 0.00561527
0.00121882 0.01207712
-0.00374497 -0.00026439
0.00232710 -0.00449714
-0.00211044 -0.00477466
-0.00527136 -0.00130813
0.00146365 0.00636376
-0.00329427 0.00537488
-0.00406573 -0.00289587
0.00601311 0.00310377
-0.00370619 -0.00088806
0.00451253 0.00248401
0.00049595 -0.01174359
0.00296853 -0.00307450
0.00186117 0.00250626
-0.00075483 0.00384966
-0.00105348 -0.00441716
-0.00001934 0.00702515
-0.00142928 -0.00194708
0.00829512 0.00855353
0.00949338 0.00152050
-0.00509938 -0.01362083
0.00104196 -0.00134694
-0.00194700 -0.01365007
0.00482800 0.00798214
0.00474312 -0.00290081
-0.00085228 0.00510374
0.00292010 -0.00877172
-0.01051636 -0.00217251
0.00344594 -0.00158771
-0.00349918 -0.00262675
-0.00670118 -0.00141607
-0.00151990 -0.00313775
0.00574305 0.00059637
-0.00161693 0.00127636
0.01335636 -0.00511261
0.00851716 -0.00777604
-0.00460792 0.00680540
-0.00485371 0.00265040
-0.00183185 -0.00679372
0.00143339 -0.00318859
0.00902432 0.00978066
-0.00220958 0.00494975
-0.00776642 0.00498684
0.00672301 -0.00852080
-0.00145972 0.00331721
0.00378075 0.00809564
-0.00651412 0.00365782
0.00766313 0.00289977
0.00244373 0.00223506
0.00103428 -0.00485077
0.00703869 -0.00812853
-0.00462882 0.01184149
0.00824665 0.00304715
-0.00559632 0.00105944
-0.00011899 0.00357021
-0.00245988 -0.01540663
0.00381002 -0.00266939
0.00952073 0.00242821
0.01274820 -0.00666994
0.00269883 -0.03391402
0.00526983 0.02245851
-0.01744639 0.00099289
0.01841400 -0.00555442
-0.00545911 -0.02342252
-0.00538211 -0.00185371
-0.01677275 -0.01123802
0.00198738 -0.02577614
0.00063356 -0.00692011
0.00550417 -0.00620978
0.02308923 0.00139864
0.01908534 -0.03303042
-0.04058958 0.00009566
0.00745035 -0.00158408
-0.01955925 0.01547416
0.02128516 0.01718238
-0.00044221 -0.01875000
0.00065047 0.00937768
0.01609920 0.00952955
-0.02365995 -0.01265870
0.01317077 0.02309639
-0.01966511 -0.01004465
0.01106887 -0.01791612
0.00257584 -0.00876824
-0.01022500 -0.00240320
-0.00868290 0.00118726
0.00028945 0.01199404
-0.01636930 0.02797803
-0.01699570 -0.02621752
0.00291208 0.01736515
-0.00113670 -0.00247750
0.00411260 -0.00533846
0.00663447 -0.00539272
-0.00833775 -0.00279889
-0.00693176 -0.01230628
-0.00018306 0.00226130
0.00442600 0.00333084
-0.00097795 0.00005241
-0.00690764 0.00308900
0.00694981 0.01991949
-0.00282874 -0.02660455
-0.01126214 -0.00663548
-0.01745739 -0.00188519
-0.00329654 -0.00406788
0.01730662 -0.00871514
-0.00248662 0.00558798
0.00548377 -0.00550607
-0.01244845 -0.00338400
-0.01265388 0.00647893
-0.00627674 0.00016376
0.00785936 -0.00050876
0.00070662 -0.00058144
0.00192087 -0.00862728
0.02689701 -0.02235511
0.01142345 -0.01053955
-0.01198459 0.00355483
0.00246005 0.00076730
-0.00375646 0.00992286
0.00292505 -0.00980771
-0.00119022 -0.00477109
0.01172773 0.00409941
-0.01738795 -0.00822055
0.01499116 -0.00995467
0.00262717 0.00437507
0.00016160 0.00704797
-0.03430461 0.00705087
0.01148649 0.00750940
-0.01107744 -0.01213325
0.00720129 -0.00132448
-0.00440501 0.00179242
-0.00345533 -0.01533308
-0.01889310 0.00376560
0.00114378 0.00660801
0.02075200 -0.00489998
-0.00163089 0.02274630
0.00571775 0.00098725
-0.00295999 0.01529116
0.01166248 0.00125103
0.00188754 -0.01202279
0.00516417 -0.01039120
-0.01628145 -0.00601021
-0.00954471 -0.00333392
-0.00088513 0.00413627
-0.01093300 -0.01128522
0.00185965 -0.01133157
0.01213770 0.00174376
-0.00026671 -0.01240454
-0.00549040 -0.00891091
0.01016948 -0.01054520
-0.01208829 -0.00198508
-0.00443473 0.00116409
-0.00408542 -0.00770595
-0.01718579 -0.02279009
-0.00673686 0.01237966
-0.02025981 0.01151085
-0.00262426 0.00314526
0.01527703 -0.00341911
-0.00852827 -0.01202846
0.01827943 0.00340609
-0.02281532 -0.01589972
-0.01532269 0.00266903
-0.02219366 0.00214228
0.00823556 -0.00235762
-0.00769216 -0.00511330
0.01020644 -0.00989182
0.02269086 -0.00288305
-0.01239184 0.02634383
0.01603201 -0.01017346
0.00285948 -0.00361634
0.01940417 -0.00528144
0.01617487 0.00963083
0.00212442 0.01455105
-0.00099885 -0.02499448
-0.02897186 0.01375107
-0.00086596 0.00473937
0.00754956 -0.01055177
0.00135573 0.00004518
0.01752075 -0.00845996
-0.03494838 0.01394601
-0.00478818 0.02218405
0.00794288 0.00020028
0.01339751 -0.01101783
0.01582651 0.01162482
-0.00515545 0.00078817
-0.01412926 0.01992843
-0.00068837 -0.01786378
-0.01070037 0.00275542
-0.00530366 0.00025111
0.00253750 -0.00335428
-0.03514816 0.01794946
-0.01054607 -0.00105085
-0.00005458 -0.01289064
0.00457313 0.00788981
0.00005350 0.02031140
-0.00501301 -0.01136070
0.00799369 -0.01174006
-0.00799441 -0.00416177
-0.01751603 -0.01901000
-0.00991580 0.00788362
-0.01163319 0.00376939
-0.00456514 -0.00485083
0.00619611 -0.00794103
-0.00361912 -0.00624631
-0.00416248 -0.00572323
-0.01603856 0.01139995
-0.00486770 0.00870199
-0.01014400 -0.01165174
0.00291059 0.00737820
0.00536037 -0.00468697
-0.01450435 -0.02239489
0.01288865 0.00753716
-0.00768139 -0.00198500
0.00434003 0.01749615
-0.01133141 -0.02499807
0.01282813 -0.00160093
-0.01475283 -0.00897796
0.00280319 -0.01164403
-0.00542726 -0.01048478
-0.00992461 -0.00189830
-0.00794688 0.01518198
-0.01079716 -0.00074486
0.00356509 -0.00599343
0.00258419 0.01799133
-0.00216764 -0.00361519
-0.01654367 0.00242953
-0.00586965 -0.00217614
-0.00013297 -0.00239526
0.01188077 -0.01190799
-0.00771293 -0.00380048
0.00148224 -0.00535282
-0.01260289 0.00820327
-0.01443031 -0.00867176
-0.01341245 0.00445120
-0.00006392 -0.01941403
-0.00707281 -0.01458982
-0.01259330 0.00481526
-0.00273866 -0.00943567
-0.00205797 0.00766935
-0.01575172 0.00755923
-0.00673000 -0.00318820
0.00940998 0.02242896
0.00168784 0.00420081
-0.00620495 -0.00351140
0.00215677 -0.00682891
0.00762501 -0.01076249
0.00858053 -0.00862074
-0.00695123 -0.00044551
-0.01015841 0.00352503
0.00621155 -0.00433057
-0.00790274 -0.00916913
-0.00654860 -0.02817797
-0.00845662 -0.01330133
-0.00926368 -0.00724813
-0.00406890 -0.01060655
0.01050365 0.00817029
-0.00106596 -0.00353092
0.00139643 0.00041057
-0.01358437 0.00892571
0.01592732 0.01563482
-0.00422177 -0.00256949
-0.01053564 0.00574532
-0.01498055 -0.01116012
0.00364004 -0.00983640
0.00525547 0.00487145
0.00518073 -0.00150111
-0.00262931 -0.00275613
0.01154503 -0.00542920
0.00401688 -0.00656735
-0.00263682 -0.00851086
-0.01073115 0.00067245
-0.02609945 -0.00650479
0.01651899 -0.00153387
-0.00713842 0.01974039
0.00004432 -0.01119724
-0.03098852 0.02529966
-0.00039650 0.00048950
-0.00624107 0.01393265
0.00283910 -0.00414993
0.01146196 -0.00286508
-0.00334717 -0.00202105
-0.00688954 -0.01033930
0.00297460 0.00403122
-0.00496531 0.00831562
0.00020394 0.00591236
0.00586618 0.00256029
0.00493451 -0.00737948
-0.01276235 -0.00162187
-0.00368932 0.00136542
0.01493679 -0.01319870
-0.00999402 -0.00474680
-0.00844981 0.00190207
0.00066708 0.00690752
-0.00765033 0.01227576
-0.00892355 -0.00049651
0.02413930 0.00050608
0.00267197 0.01534844
0.00164866 -0.01222989
0.00371573 -0.02381176
-0.01637976 0.00108786
0.00410685 -0.00284050
-0.00096094 0.00152962
0.00953259 -0.00620101
-0.00294866 0.00859511
0.00298956 0.00640774
0.01398272 -0.00473394
-0.00745228 0.00024981
0.00717878 -0.01255585
-0.00918523 -0.01016690
0.00053271 0.00542133
0.00890311 0.00169544
-0.00729111 -0.00563623
-0.00482140 -0.01514998
0.01057001 0.00802448
-0.00508949 0.00586572
0.00398089 -0.00134574
-0.00476938 0.00280571
0.00039258 -0.00527618
0.00731624 -0.00291220
-0.00969442 0.00543314
-0.00130622 -0.01187327
-0.00572812 -0.00018792
0.00061665 0.00324494
-0.00817040 -0.00179160
-0.00298344 -0.01738264
0.00168349 -0.01249062
0.00597083 0.00425930
-0.00700535 -0.01284256
0.00672470 0.00184456
-0.00740731 -0.00609577
-0.01073228 -0.00207601
-0.01671601 -0.00237527
-0.00267447 -0.01447005
0.01261663 0.00110090
0.01538709 -0.00111478
-0.00614259 -0.00525416
0.00116546 -0.00351925
0.00167392 -0.00558719
0.01099367 0.01084617
0.01229606 0.00656380
-0.00870032 -0.00457984
-0.00206613 -0.00943014
-0.00009394 0.00721695
-0.00928486 0.00598841
-0.00523954 0.00023700
-0.00223943 -0.00993758
-0.00000984 -0.00871264
0.00346997 -0.01130033
-0.00159238 -0.00652193
0.01472484 -0.00208923
-0.00065453 0.00715413
0.00075393 0.02161460
-0.01129832 -0.00167051
-0.00525417 0.00530587
-0.01256170 -0.00733636
-0.00132267 0.00232352
-0.01509391 0.00034965
-0.00114318 0.00372253
-0.00993517 0.00696589
0.00124356 0.00501885
0.01491527 0.00331890
0.00096625 -0.00479398
0.00364212 -0.00729897
0.00788635 0.00624691
-0.00208828 0.00463064
-0.00059185 -0.00971422
0.00610951 0.00048823
0.00403536 0.00129200
-0.00626488 0.00875144
-0.00679471 -0.00484225
0.00142707 0.00643498
0.00725576 -0.00127738
-0.02815203 -0.00393699
0.00389306 0.01446164
0.00310572 -0.00738995
-0.02120173 -0.00278271
0.00332184 -0.00795137
0.00683706 -0.00694861
-0.00471930 -0.00108919
-0.00277027 0.00063530
0.00717643 0.01046497
-0.00489237 0.00585686
0.01072861 -0.01580111
0.00832367 -0.01517041
0.00287508 -0.00514810
-0.00505877 0.00531096
0.00036932 -0.00041328
0.01039473 0.00132833
0.01743569 0.00255488
0.00236796 -0.00491715
-0.01720873 -0.00871642
0.00768637 0.00342468
-0.00266864 0.00905261
-0.00386684 -0.00289321
0.00614575 0.01139069
0.02701448 -0.01768208
0.00318464 0.00502024
-0.00061660 0.02100033
-0.01722215 0.00207819
0.00292190 -0.00174352
0.00404572 0.00001149
0.00168908 0.00949751
0.00556021 -0.01309383
-0.00701476 0.00192757
0.00862622 0.00400850
0.00162713 -0.00258522
0.00217381 0.00952002
0.00391042 -0.00536141
-0.01399129 -0.00626620
0.00717369 0.00850481
0.00520655 0.00253655
0.00851689 -0.01150321
0.00271170 0.00294427
0.01209364 -0.01092939
-0.00978020 -0.00496126
-0.00443091 0.01472416
0.00026522 0.00997030
0.00086443 0.00745769
0.00205659 0.00237111
-0.00317367 -0.02012010
-0.01228822 -0.00931657
0.00463419 0.00569910
-0.01147935 -0.00183202
0.01814138 0.00236385
-0.00805166 -0.00095451
-0.00050259 -0.00167911
-0.00822455 -0.00364142
-0.00073144 -0.00177508
-0.00118096 0.01128061
-0.01076514 0.01064645
-0.00936137 -0.00244747
-0.00507578 -0.00750440
0.00583985 0.00328561
0.01722427 -0.00911649
-0.00688157 0.00495497
-0.00726600 0.00610393
-0.00834667 -0.00456003
0.00793373 0.00553946
-0.00616334 -0.00440989
-0.00024788 -0.00011880
-0.00652228 0.00371100
-0.00795696 0.00019782
0.00601368 -0.01287651
0.00054129 -0.00251704
-0.00732032 0.00778815
-0.00568382 -0.00989628
0.00210226 -0.00031544
-0.00321280 -0.00632398
-0.00083779 0.00461469
-0.00502051 -0.00423173
-0.00308296 -0.00590405
0.00784140 -0.01144389
0.00042211 0.01251116
-0.00183604 0.00135557
-0.01164655 -0.01355462
0.00412624 -0.01593536
-0.00137473 -0.00412479
-0.00642053 0.00201755
-0.00461038 0.00509653
-0.00663622 -0.00679276
0.00493008 0.00463287
0.00048173 0.00138750
-0.00429400 0.00201392
-0.00721970 -0.00305695
0.01328931 0.00569127
-0.00172437 -0.00069709
-0.00231914 0.00077746
-0.00019766 -0.00081852
0.00036809 -0.00564668
0.00495472 0.00025350
-0.00357000 -0.00006578
0.00635263 0.00435951
0.00105791 -0.01197530
0.00447411 -0.00923531
-0.00915971 0.00273437
-0.01420586 -0.00361173
-0.00527724 -0.00784570
0.02435788 -0.00729235
0.01094910 0.01548319
-0.00116920 -0.01006375
0.00595170 0.00111222
0.00098984 -0.00777544
0.00787596 0.01568045
0.00002094 0.00293644
-0.00181358 -0.00141399
-0.00856266 0.01380102
0.00016261 -0.00683641
-0.00451772 -0.01237871
0.00418708 0.00190696
-0.00496330 -0.00190388
0.00421641 -0.00086829
0.00056019 -0.00908061
