0.08073989 0.10242831
0.00098604 -0.02731109
-0.12476024 -0.06657768
0.03961054 -0.06226825
-0.00489200 -0.00295128
0.07973924 0.01813388
-0.01971924 -0.02909549
0.10577912 -0.03635417
0.00039314 0.03793678
0.10540542 -0.07327560
0.02770428 -0.07097076
-0.03858019 -0.01674809
0.09137730 -0.01595903
0.10657264 -0.00658057
-0.07425513 0.07601006
-0.06105702 -0.01742003
0.05879047 0.06061878
-0.08086792 0.05189828
0.10984349 0.03697897
0.09876879 -0.02430417
0.00627342 0.06583122
0.00120185 -0.05184224
-0.00449042 -0.05030558
-0.11329940 -0.02393724
-0.01622062 -0.04471371
0.00488916 0.02374110
-0.04189133 0.00253218
0.04595300 0.02220672
-0.04259125 -0.01507849
-0.08390803 -0.15787713
0.06798540 -0.01982053
-0.01419846 -0.10077185
-0.07044841 -0.12753698
0.00891353 -0.10905180
-0.00200390 -0.02225653
-0.04597903 0.09073045
-0.03404474 0.02653662
-0.12126520 0.07829967
-0.04729149 -0.04850119
0.02142788 0.08340117
-0.09007702 0.02912357
0.05489154 -0.01024211
-0.02677545 0.06139784
-0.03451583 -0.07400327
0.08864349 0.03187318
-0.06089449 0.00095768
-0.05032212 0.11859977
-0.09954076 -0.04018704
0.19701229 0.00162640
0.00055071 -0.06181512
-0.15642579 -0.10874394
0.01995047 -0.08215488
-0.07690405 0.06559923
-0.01346416 0.27427143
-0.09410197 0.01348367
-0.02763951 0.04177727
-0.05059125 -0.10565715
-0.01837657 -0.00842688
-0.14675528 -0.01033559
-0.04955253 0.00398758
-0.11636508 0.04033171
-0.06928767 -0.04519207
0.03426653 -0.04522490
0.00856047 0.13488978
-0.00289485 -0.02084607
-0.03972420 0.13389753
-0.08300616 -0.04051152
0.06405177 -0.06454655
-0.00226484 0.38822988
0.01312777 -0.00925368
-0.09921117 0.07701024
-0.17422618 -0.05886073
-0.07750712 0.12788621
-0.04096160 0.16803175
0.22867845 -0.01623255
0.10963565 0.02814437
0.00737123 -0.01105067
-0.02560331 0.04122558
0.01726104 -0.11154663
-0.13873751 -0.05408280
0.03129455 -0.04103900
-0.09644057 -0.10075365
-0.16186716 -0.10497489
0.07336364 -0.06160363
-0.09467020 -0.04641442
-0.07440680 -0.10912417
-0.03173708 -0.02665662
0.27724606 -0.15957822
0.00193191 0.04639765
-0.01039253 -0.08783327
-0.04047512 -0.12292358
0.01651879 0.18179059
-0.07569756 0.03775990
0.06032981 0.06408302
0.05362911 -0.08323368
0.28744027 -0.10392915
-0.11173251 -0.11926758
-0.06765517 0.04493507
0.13160457 0.08042193
0.11257787 0.04498254
0.03380040 0.06181276
0.00049920 -0.07468031
-0.03224163 -0.10033491
-0.03059490 -0.08604258
0.28016508 0.19370945
-0.08104128 -0.00130568
0.02445439 -0.02533739
-0.04071815 -0.06458691
0.14554057 -0.06574360
-0.15187527 -0.10279188
0.09781810 -0.00238157
-0.04729592 0.00245434
0.05593701 -0.02543594
-0.07310971 -0.00917097
-0.11291346 -0.05704507
-0.01151603 0.07429267
-0.07968301 -0.09698051
-0.05058121 -0.07644565
0.08740272 -0.00521613
-0.09598412 -0.00577238
-0.05036470 -0.08400152
-0.04090232 0.07767031
0.04072688 0.03063417
0.01912829 0.07117616
-0.05055011 -0.03508643
-0.02056521 0.04279606
-0.09014698 -0.02114967
-0.03968163 0.12510119
0.05987924 -0.00678552
-0.01720109 0.09638880
-0.08390418 -0.06222090
0.10179187 -0.05943555
0.00358456 -0.07768988
-0.04620097 -0.13714737
0.10548092 -0.06826966
0.00950940 -0.12339121
0.03378452 -0.05845372
-0.04014634 -0.04430633
-0.02969111 -0.06127814
0.02399347 0.10456647
0.02828872 -0.04260116
0.00867228 -0.05065633
-0.01278227 -0.03685309
0.05360131 0.12395239
0.06900216 -0.04491406
-0.07578482 -0.06425349
-0.10105786 -0.02593389
0.10837569 -0.02052582
0.12179938 0.03901731
-0.09033263 -0.08560979
-0.08886687 -0.10094400
0.03093641 0.00332449
0.08152133 -0.07875288
0.06484842 -0.04598541
0.04184305 0.08992746
-0.01606496 0.00136219
0.02797421 0.14577171
-0.00397517 -0.14938512
0.07747625 -0.04272042
-0.07076235 0.04063917
-0.05985050 -0.05507175
-0.12683162 0.19815904
-0.11706495 -0.21214360
0.16385877 0.08916525
0.03004573 -0.02947140
-0.05948554 -0.08186118
-0.12692347 0.09555036
-0.02080161 -0.16614988
-0.02450073 0.01934156
0.02043797 -0.04683534
0.01421824 0.02201162
-0.07108607 -0.05593722
-0.06414515 -0.01217020
0.01375593 0.03963949
-0.02381326 0.04077569
0.01464139 -0.04263562
0.04278431 -0.00514310
-0.06437334 0.04321649
0.01748955 0.00605429
-0.01943334 -0.05934956
0.04072217 0.00614693
-0.07683733 0.03209483
0.03980554 0.04176171
-0.00498347 -0.05871351
-0.00003954 -0.06491537
0.02514057 0.08337636
-0.02416157 -0.03009348
-0.07621215 -0.04786657
0.04748018 -0.00567296
-0.01004147 0.03079715
-0.00098902 -0.00535877
0.00971384 0.04302469
-0.11646991 0.15091579
0.19579665 -0.21299122
-0.05084772 -0.07504132
-0.09339899 0.21196371
0.14025465 0.29213119
-0.06294978 0.13343751
0.27879038 -0.07798120
-0.05784880 -0.12697631
0.04827712 -0.14992304
-0.14016585 0.01276048
-0.13593423 -0.01569558
-0.10783369 -0.15685481
0.06669875 -0.00217997
-0.09726925 -0.03354819
-0.10736313 -0.08120302
-0.04128090 0.02530252
0.08695238 0.14108962
-0.20484175 -0.11692320
-0.00870305 0.17452659
-0.05094238 -0.11674565
-0.00159015 -0.03068328
-0.17732136 -0.02121964
0.03062790 -0.06038436
-0.07696169 0.02843188
0.17028932 0.03178082
-0.16787298 -0.05045655
-0.05932970 0.03948057
-0.20712969 -0.10764746
0.03798733 0.18453224
-0.00489564 0.05893144
0.23795557 0.12772927
-0.00479349 -0.15916051
-0.07082947 0.15593992
0.09826200 -0.10013554
-0.09034468 -0.03772160
-0.02514781 -0.00760490
-0.00920135 -0.03285333
-0.12135021 0.09055761
0.04644405 0.05657326
0.05859815 0.12447554
-0.30577391 -0.05170363
-0.02254532 0.13122420
0.01507393 -0.02809107
0.06296225 -0.08960071
-0.01403504 -0.07070182
-0.13782898 0.12084999
-0.06848396 -0.02879511
-0.07904769 -0.01270682
-0.00330793 0.01046838
0.06251325 -0.02679411
-0.00499600 -0.10607769
-0.01296682 -0.10419037
0.02957773 0.01881210
-0.01318516 0.05419999
0.03844551 0.02604446
0.02465534 -0.13795534
0.07224469 0.04365832
-0.05384269 0.01658623
-0.04822066 0.02338425
-0.12574871 0.09234518
-0.05998757 -0.00753349
-0.10386968 0.05258119
-0.02915724 -0.02113046
-0.01518921 0.09268761
-0.00262337 0.04504070
0.04556457 -0.02224617
-0.06427068 -0.11706276
-0.04855310 0.08743624
-0.02450506 -0.07025403
-0.08687433 0.10862873
-0.05140964 -0.07733145
-0.09296712 -0.08540475
-0.06744597 0.08030610
0.03236543 0.05145102
0.00676628 -0.02349936
0.18304701 -0.04296289
-0.09398071 -0.05321684
0.45969921 -0.07292856
-0.02165608 -0.15648332
-0.01888256 -0.04514127
0.02883234 0.01367637
-0.12317242 -0.00909388
-0.09555046 0.19820733
-0.12740722 -0.06460989
0.00028863 -0.09415844
0.00537821 0.11125262
0.06078890 -0.02884114
0.02462877 -0.01169390
0.14791760 0.23507026
0.06138131 -0.06871630
0.09671470 -0.08605441
0.05982798 0.09640611
0.00378496 -0.02993289
-0.00785408 -0.09339127
0.09405263 -0.02091963
-0.12382088 -0.12923470
-0.05898785 -0.06662228
0.11990556 -0.04730070
-0.00201090 0.01513697
-0.16184364 0.02369263
-0.16292267 -0.06488138
-0.06543116 0.03139412
0.00799000 0.05369312
-0.06816059 0.14139724
-0.02169861 -0.05055158
-0.13023254 0.01752281
-0.10788793 -0.11902007
0.08966655 -0.18163469
0.06463641 0.11258108
0.30759090 -0.14215463
-0.08236433 -0.10467287
-0.04023959 -0.02903155
0.02131772 -0.08759777
0.02274614 -0.09683461
-0.12514360 0.18508965
-0.08819630 -0.11933780
-0.00329796 0.07290178
-0.06988343 0.02990116
-0.04215629 0.01933431
0.17801464 0.05442303
0.04324766 0.03038119
-0.04600531 0.08574653
0.05256546 0.02629560
-0.02746135 -0.11426234
-0.00824742 -0.07473852
-0.03220281 0.15578495
-0.09553127 0.08616341
0.05024180 0.13687727
-0.06891479 0.08659669
0.21512341 0.03091932
-0.00114777 0.01696239
0.11861439 -0.04503210
-0.09829034 -0.01881940
-0.01068231 0.04951484
0.09141996 -0.10405339
0.08714834 0.03900339
-0.02226218 -0.04415121
-0.07782602 0.08605891
0.00657095 -0.05819656
-0.07638618 -0.17580041
-0.03298568 0.02822083
0.12703994 -0.00020778
-0.03932067 0.03156056
0.07853994 -0.02693055
0.03857785 0.00017136
-0.01192981 0.05748656
-0.02782430 0.02394257
-0.06550857 -0.04811886
0.06477510 0.01720919
-0.09473095 0.02238253
-0.02410444 -0.06704070
0.02602847 0.00096091
-0.10784039 -0.12014265
0.00687938 -0.06511467
0.05677694 -0.00996526
0.14639272 0.08924012
-0.03769505 0.05817809
-0.03280376 0.09364973
0.00283306 -0.05068844
-0.02290445 -0.01483359
-0.03282107 0.00675132
0.00129752 0.02022072
-0.04570081 0.00999909
-0.00476894 -0.01760161
0.09243932 -0.01548343
-0.05027046 -0.03043891
-0.09790337 -0.02635163
0.00316893 -0.04234645
-0.15520173 0.01764563
-0.14259796 -0.26436538
0.01117536 0.07532769
0.19400227 0.02580064
0.05186113 -0.06412444
0.25375530 -0.04886547
-0.01876581 -0.10563724
-0.03568576 0.18128070
0.36020604 -0.15632799
0.03527574 0.03425972
-0.05014256 -0.08605924
-0.18253314 -0.13846634
-0.10734735 -0.09667975
-0.00461605 -0.13937953
0.07648289 -0.08578391
-0.10095359 -0.06632219
-0.12240136 0.00620373
-0.02298249 -0.04681027
0.09065162 -0.09121741
-0.03165831 0.24092986
0.20752275 0.17232680
0.14743257 -0.22136943
0.09067522 -0.02872375
-0.00430936 -0.03584991
-0.10665997 0.16366221
0.04385901 0.27691892
-0.06792502 0.01031107
0.07583757 -0.06928393
0.05844336 0.04177324
-0.04938020 -0.06739950
-0.03276472 0.04787526
0.11271045 -0.12268444
-0.03302576 0.08022768
0.04327594 -0.06867737
-0.15774018 0.03375822
-0.11989885 -0.09592865
-0.03335465 -0.09340259
-0.16803479 0.09820996
0.18794405 0.03832817
0.20371823 -0.04898378
-0.04820138 0.17514986
-0.09327852 -0.10490310
-0.09162197 -0.13466918
0.07089586 0.06242293
-0.05169046 -0.01199159
0.01629594 -0.04381298
-0.08079120 -0.06826501
-0.08459294 -0.01511914
0.15086809 -0.15380977
-0.06964520 -0.03246117
-0.15013824 -0.08116571
-0.17665100 -0.09902662
0.10118183 -0.22619931
-0.19175011 -0.03149213
-0.06668544 -0.01329450
0.09124119 0.13915277
-0.03169480 -0.21455769
0.12791653 0.15945293
0.07867205 0.09229560
0.13592532 -0.05978210
0.02399997 0.07714529
-0.06362113 0.15902297
0.03563375 0.03833273
-0.04472649 0.02835823
-0.08760045 0.16047682
-0.00461691 0.07301657
0.15139215 -0.01357460
-0.08423005 0.00516148
0.33674157 0.16027704
-0.00483544 -0.06074805
-0.10869498 -0.12715583
-0.00799806 -0.01719221
-0.06518551 -0.07737736
-0.05267725 0.09756004
-0.03125475 0.03227385
0.12566495 0.03800005
0.08382365 0.05395145
0.06958300 -0.09699154
-0.02249186 -0.07604261
0.03162168 0.01382916
0.05730031 0.08953992
-0.09417158 -0.07590765
-0.10862981 -0.00207491
-0.05643680 -0.09127373
0.08054803 0.03234855
-0.03198456 -0.02357304
-0.05811223 0.13804497
0.00906765 -0.04291122
0.08605336 -0.07003652
-0.03902608 -0.01087524
-0.02978645 -0.01363032
-0.01235013 -0.02809872
-0.08558439 0.10320311
0.03051857 -0.00353619
-0.00278027 0.04749287
-0.14251283 -0.03427621
-0.04156550 0.11761688
0.23696761 0.03789975
0.08780628 -0.27117762
-0.13470176 -0.11232428
-0.04971458 -0.01269874
-0.04231459 0.06000787
0.04179218 0.12368665
-0.03783070 -0.19619921
0.12942891 0.22784229
0.09647732 0.05691654
0.02158903 -0.07296393
0.24182142 0.18587434
0.17571300 -0.17290211
0.03015593 -0.06691454
0.21209882 0.02388310
-0.05574756 -0.11703129
0.09273292 -0.03206927
-0.17741345 -0.06518425
-0.07905509 -0.03445734
-0.09185340 -0.12304138
0.02787509 -0.05887089
-0.15294142 0.38012019
0.03010634 -0.13723467
0.11304016 0.01498767
-0.10169610 -0.09093751
-0.06477080 -0.14803542
-0.13293932 0.08296499
0.16157459 0.14600955
-0.15933754 -0.02868772
-0.09640516 -0.01756006
-0.15844055 0.04379713
0.00252109 -0.07671328
-0.05146419 -0.03602471
-0.03956096 0.11374852
-0.01734334 -0.03000950
-0.01396788 -0.13284406
-0.00280514 -0.08383355
0.02661769 -0.09063997
-0.20090459 0.09629544
0.04896052 -0.08277173
0.07650489 0.08890674
-0.09089304 0.02165781
0.09618784 -0.03369372
-0.01511525 -0.01473638
-0.05347822 -0.07007340
0.07284425 -0.09936178
0.07378806 -0.14003021
0.10226486 -0.13855372
0.07054697 0.03919093
0.08712833 -0.10026604
-0.09801827 -0.00508691
0.14140053 0.10288872
0.10703601 0.05441265
0.17914446 0.12855618
-0.09150154 -0.04795257
0.01044090 0.13427939
-0.00449211 -0.09088594
0.07869630 -0.06150535
0.15298423 -0.01522698
0.00862007 -0.09360550
-0.08115785 -0.07963392
-0.16463862 0.00830332
0.04106513 0.17591590
-0.10464434 -0.05552319
0.01588337 -0.01032165
-0.05663626 0.12016921
0.06487865 0.07949375
-0.02423644 -0.04996451
0.07144262 0.03941009
0.09015949 -0.04364724
0.03553312 0.00068027
-0.06022985 -0.05105151
0.14421651 -0.04670153
-0.05554485 -0.02377288
-0.12052925 -0.05833860
-0.02577255 -0.04616791
-0.02945276 0.03572330
0.03075554 -0.03264863
0.03021703 0.01893262
0.04954374 0.00968903
-0.00747344 -0.08735947
-0.03346564 0.02035813
0.08161940 -0.00792135
0.07220480 0.06304265
-0.07015816 0.03343758
-0.07561076 0.07113098
-0.03067125 -0.07868136
-0.01602986 0.10534518
-0.06392386 0.14932683
0.03161461 -0.03738276
-0.07769572 -0.01466873
-0.06063516 -0.02377309
-0.07013755 -0.02391161
0.04971968 0.03214498
0.00855800 0.01243584
-0.11524206 -0.03267409
-0.04274194 0.04182576
0.40807033 -0.05697275
-0.02673092 0.16838284
-0.05046713 0.08182961
0.16935301 0.22694123
0.12399109 0.23633875
0.06591084 0.00569770
-0.11475544 -0.02665401
-0.15995435 -0.02938430
-0.10921165 -0.07596218
-0.22961651 -0.04460684
-0.26035416 0.08187214
0.01929248 -0.01472773
-0.17001490 0.11035493
-0.05176419 -0.01873130
-0.05523945 0.04465283
-0.05583544 0.19702727
-0.06624469 -0.11901646
0.05567117 -0.07023199
0.01453939 -0.04542404
-0.03865438 -0.05300568
0.00008891 0.06846371
-0.00730511 -0.08117486
-0.00736111 -0.09819695
