-0.00628265 0.00314789
-0.00325632 0.00373304
-0.00707499 -0.00629461
0.00429153 0.00927880
-0.01625551 -0.00174802
-0.00150646 -0.00278445
-0.00072299 -0.00121995
-0.00027805 0.00224517
0.00046739 -0.00131784
-0.00564107 0.01527783
-0.00075452 -0.01198976
-0.02179882 -0.00098625
0.01859562 0.01016726
0.00635777 0.00498336
-0.03182243 -0.00931709
0.01938780 0.01789449
0.01206282 -0.01306745
-0.00283006 -0.00909727
0.01041982 -0.00328217
0.00685598 -0.00925650
-0.00335989 -0.00390567
-0.00493428 -0.01064635
-0.01087424 0.00093513
0.01073557 0.00001822
-0.01095579 -0.01697299
-0.01341792 0.00431479
-0.00320712 -0.01751567
-0.02147888 0.00257717
-0.00579789 0.01756092
0.00878255 0.00189086
0.01433893 0.00215800
-0.00181378 0.00194663
-0.02799132 -0.00634248
-0.00268048 0.01102786
0.00855088 -0.00517406
0.00737335 0.00822786
-0.00247318 0.01530567
0.00063943 -0.01408426
-0.02175135 -0.00786412
0.01643755 0.00741804
0.00807330 0.02205617
0.02120348 0.01556363
0.00528106 0.01848216
-0.00122014 -0.00247473
-0.01502151 -0.01685889
0.00089787 -0.00753957
-0.00533849 -0.00499553
-0.00724289 0.00205279
-0.01188346 -0.00110746
0.00021405 0.00891472
-0.00867589 0.00381485
0.00278068 -0.02488954
-0.01334973 0.00524941
-0.00392730 0.00069271
-0.01542131 -0.04012300
0.00872146 -0.01258119
-0.00188347 0.00822534
0.00017982 0.00459441
0.00896125 0.00643630
0.00681812 0.02859836
-0.00500976 -0.01582114
-0.01963665 0.01425670
0.01849510 -0.00447815
-0.00153378 -0.00129311
-0.00948166 -0.00547308
-0.00202820 -0.00681276
-0.00364334 -0.00108753
-0.00500409 0.00491534
-0.01479587 -0.00658987
0.00685387 0.00522979
-0.00172923 -0.01041055
-0.00893559 -0.00297763
-0.01267603 0.00295367
-0.01187374 0.01743696
0.00593911 0.00703207
-0.00774734 0.00873141
-0.01640975 -0.01805788
-0.01194173 -0.00857298
0.01516945 0.01233604
0.01155186 -0.00938329
0.00455373 -0.01332611
0.01039829 0.00770863
0.00306590 -0.00180194
-0.02516272 -0.00230148
0.01623665 0.01551168
0.00055195 -0.02089738
-0.02170389 -0.01026877
0.01730208 0.01449057
0.02489743 -0.00669229
-0.00954757 0.00501571
0.00579773 -0.01071314
-0.00728206 0.02317599
-0.00382492 -0.00861599
0.00775141 -0.02785206
-0.01774010 -0.01434968
-0.00215112 0.00289190
0.01343607 -0.00695930
-0.00907711 0.00116346
-0.00183336 -0.01561014
-0.00547528 0.01127583
-0.00522743 -0.00722245
-0.02030168 -0.00085593
0.00890695 0.02005453
-0.00993693 -0.00931897
0.00156131 -0.00685314
0.01166600 0.00254217
0.01180803 -0.01362310
0.00507462 -0.00865605
-0.00301856 -0.01315783
-0.00817997 0.00130296
-0.00610786 -0.00253150
0.00580896 -0.00813961
-0.00424218 -0.00296165
-0.00084234 -0.00030682
-0.00359580 -0.00394544
0.00013203 -0.00147235
-0.00094051 -0.00179489
0.00453105 -0.00148469
-0.00265129 -0.00520309
-0.00233610 0.00194116
-0.00487187 0.00300145
0.00855715 -0.00063129
0.00416824 0.01500535
-0.00260128 0.00161088
0.02583997 -0.01169372
-0.00451913 -0.01499178
0.00304217 -0.00052101
0.00050670 0.00103557
-0.00477015 0.01029320
-0.00954567 -0.00717247
-0.01073931 -0.00780589
-0.00934101 -0.01088624
-0.00081171 0.00728929
0.00037439 0.00218924
-0.00759983 0.00555603
0.00538883 -0.00090277
-0.01434448 0.01552919
-0.00826486 -0.01588843
0.00357177 -0.00414915
0.00320103 0.00701714
0.00228050 0.00214638
0.00640237 -0.00021745
0.00199488 -0.00175313
-0.00975581 0.00037754
0.00324511 -0.00895154
-0.00856457 -0.00043836
-0.00076245 0.00568322
-0.00185003 0.00318997
0.00637930 0.00976465
0.00041201 0.00610701
-0.00205046 -0.01544512
-0.00963048 0.00053501
-0.01022807 -0.00479988
0.00868121 0.00136376
0.00277946 0.00440170
0.00667809 -0.00319872
-0.00208436 0.00222441
0.01757647 0.01398103
0.00787148 -0.00272023
0.00217800 0.00259911
0.00828232 0.00360502
0.00095609 0.00178711
0.01118449 -0.00464167
0.00615630 -0.00152817
0.00165642 0.00383288
0.00563725 0.00169641
0.01083768 -0.00222159
-0.00643705 -0.00622543
0.00166233 0.00254754
0.00504327 -0.00818599
-0.00292161 -0.00152743
-0.00427123 -0.00234138
-0.00151653 -0.00222959
-0.00217212 0.00004078
0.00092864 -0.00401194
0.00089542 -0.00632512
-0.00865590 0.01369247
0.00499423 -0.01267274
0.00077718 -0.01131155
-0.01048019 -0.00767518
0.00248842 0.00814522
-0.01341856 0.00575960
0.00327218 -0.00936251
-0.01339047 -0.00436840
-0.01580219 0.00680602
0.00458479 -0.00530456
0.00382376 0.00387825
-0.00473109 0.00381454
-0.00401965 0.00591315
0.00581229 -0.01325977
-0.00900985 0.01081531
0.00253438 0.01056738
0.00823181 0.00147112
0.01218271 0.00087827
0.00982517 0.00821965
-0.00652590 0.00423635
0.00625477 0.00247165
-0.00671032 0.00196531
0.00222698 -0.01887724
-0.00447465 0.00364171
0.00093907 0.01357416
0.00516871 -0.01239072
-0.01708683 0.00913344
0.00056948 -0.00639253
0.00152704 0.01060567
0.01287116 -0.00027370
-0.00320327 0.00135507
0.01220802 0.00171300
-0.01315969 0.00455793
0.00270666 0.00261921
-0.00494001 -0.00091957
0.01722858 0.00730268
0.00369279 -0.00031403
-0.00025366 -0.00485646
-0.00487072 0.00128947
-0.00543571 0.01101248
0.00811080 -0.01348006
-0.02019450 -0.01067032
0.01813342 0.00774316
-0.00934651 0.00994342
-0.00251094 0.00096966
-0.00289053 -0.00930235
0.00032885 -0.00125857
-0.00402232 -0.00839359
-0.00445147 -0.00304390
-0.00826577 -0.01496042
-0.00824675 0.01209700
0.00535954 0.00457586
-0.01825342 -0.01597671
-0.03024714 0.00800648
0.03037843 0.00479539
-0.02214649 -0.02694384
-0.03349593 0.00936744
-0.01950285 0.01215787
0.00353824 -0.02234496
0.01327096 0.00471806
-0.01793353 0.00304327
0.00380061 0.01380126
-0.00581087 0.00848156
-0.01851506 -0.00551031
-0.00084739 0.01429111
0.00338149 -0.01966645
0.00539070 -0.00622719
0.01764700 0.00947414
0.00333002 0.02764188
-0.00429670 -0.02765441
0.01831956 0.00262893
0.00284769 -0.00031869
-0.00718803 0.01045762
-0.02030282 -0.00679625
0.00039272 0.00474193
-0.00095371 -0.01007951
-0.01467745 -0.01468682
0.00264087 0.01388826
0.01673304 0.01052413
-0.01007879 -0.01025406
-0.01445320 0.01036327
-0.01144751 -0.00061181
0.02431437 -0.01565939
0.01179786 0.01050703
0.02790637 0.03568269
-0.01812208 -0.01083434
0.01046511 -0.01216545
0.00336853 0.02126003
-0.01070651 0.00340312
-0.01146587 -0.01870939
0.00341541 -0.00720293
-0.02529924 0.02072240
0.02540964 -0.00335808
0.00706466 -0.02835671
-0.01476672 -0.02565594
0.01065645 -0.02191520
-0.00142029 0.01796583
0.00749706 0.01753155
-0.00948526 0.00481521
-0.03695403 -0.00402522
0.01248558 0.00697349
0.03428877 -0.01158123
0.00771756 0.00614011
0.00127389 -0.00571795
-0.01336686 -0.00178966
-0.00108333 -0.00561428
-0.00908790 -0.00369428
-0.00525309 0.00638152
0.00767715 0.01160784
-0.00879633 -0.03111909
-0.02048538 0.01196484
0.00367986 0.00705866
0.03005829 0.02815151
0.01305844 0.00118586
-0.03575563 -0.03128426
0.02344728 -0.00080289
0.01985681 0.01535584
0.01257096 -0.00025869
-0.00938455 -0.00165012
-0.03434870 0.00806233
-0.01314131 0.00340124
-0.00377365 -0.01501447
-0.00679384 -0.00116852
0.03183995 -0.00134565
-0.01479791 0.00493571
-0.00877632 0.00842363
0.02439814 0.00693082
-0.01093342 -0.01340046
-0.02244318 0.01995638
-0.01343168 -0.00788784
-0.01091984 -0.00030197
0.00750040 -0.01838072
0.01708793 -0.00157816
-0.00272130 0.00554100
0.00107892 0.00353705
0.02070749 -0.01580982
0.00056337 -0.01712710
-0.01755646 0.02018103
-0.00623529 0.00097572
-0.00866835 -0.00861274
-0.00843441 -0.00596064
0.01281051 -0.00419964
-0.00853175 0.00818240
-0.02541840 0.00145333
0.01505576 0.01280721
-0.00810857 0.00787832
-0.02140698 0.00297391
-0.01223220 -0.01235152
-0.01368409 0.00180643
0.00491113 -0.01299822
-0.00588116 -0.01282778
0.00890552 -0.00355081
0.00558699 0.00288976
-0.00753145 -0.00714425
-0.00272824 -0.00189711
-0.00507313 -0.00144618
0.00030911 -0.00377967
-0.00228724 -0.01218749
0.00382676 0.01391530
-0.00912813 0.00796516
0.01279972 -0.01219041
0.01330303 0.01205484
-0.00525112 0.01039811
-0.02142696 -0.02072614
0.00443564 -0.00204029
0.00981068 -0.01015616
0.00524735 0.01026441
-0.01132622 -0.00688261
0.02991712 -0.03416149
-0.00551823 0.00883722
0.00432084 -0.01480575
-0.00130259 -0.00552368
-0.00004360 0.00156789
-0.00840843 0.01346660
-0.00131095 0.00088540
0.00993116 -0.01658146
0.01649264 0.01447482
-0.02980699 0.04036555
-0.00427616 -0.00031634
-0.00531940 0.00398192
0.02112709 -0.02105732
-0.00703964 0.01886538
-0.03968529 -0.00361983
0.00041020 -0.00323491
-0.00629297 0.00560357
0.00448910 0.00153980
-0.00819076 0.00028627
0.00738575 -0.00439591
0.00338687 0.00758079
-0.00068485 -0.01359210
-0.01421001 0.01270946
0.01495928 0.00902307
0.01005572 0.00880840
-0.01348097 0.00517690
-0.02005938 0.00271021
0.00180449 -0.01326994
0.00589890 -0.01693467
-0.00843240 -0.02003795
-0.01411177 -0.00629646
-0.00199194 0.01170025
-0.02677953 0.00157414
0.00700837 0.00189364
-0.00436458 0.02004354
-0.03002289 -0.00298769
0.01384277 -0.05472866
-0.00390071 -0.01700625
-0.00723559 -0.01159108
-0.00303897 -0.00026075
-0.00859036 0.01959346
-0.01266282 0.00999591
0.01041049 0.00669152
0.00154820 -0.00855250
-0.00564048 -0.00286712
-0.00649601 -0.00579622
-0.00920516 -0.00548634
-0.00550297 0.00484604
0.01512255 -0.02304363
-0.01399071 0.00366435
-0.01172353 -0.01136739
0.00717301 0.01002829
-0.00231715 -0.01657413
0.02616538 -0.01618761
-0.01196031 0.01427652
0.00332854 0.00782598
-0.00118022 0.00933176
-0.02031339 0.01991371
0.02400403 -0.01375636
0.01576420 0.01992332
-0.01125986 -0.01142381
-0.02512502 -0.00664632
-0.00479225 0.01029831
-0.01082169 0.00584486
-0.01065452 -0.01328370
0.01223078 0.01588316
-0.00773438 0.01945428
-0.00658553 -0.01367271
-0.01286164 0.01040015
0.00372064 -0.01461061
-0.00484114 -0.00040423
-0.01454145 -0.00409433
-0.01819708 -0.01489118
0.00468756 -0.00278403
0.00116827 0.02272609
-0.02107243 0.01605780
-0.02199348 -0.01330143
-0.00650072 -0.00279106
0.01184270 -0.01482827
-0.00076921 -0.01224029
-0.00505783 0.02383012
-0.01519214 0.00156515
-0.00059306 -0.02645145
0.01247023 0.00111538
-0.01002172 0.01838683
0.01923462 -0.02323295
0.02462273 0.01310775
-0.01560395 0.00634313
0.00155056 -0.00839632
0.01812490 0.01051955
0.00949171 0.03794503
-0.00952073 -0.00582742
0.00250848 -0.00303086
-0.00302940 -0.00446884
-0.00433216 -0.00331977
-0.00226094 -0.00563514
-0.00196861 -0.00308693
-0.00199180 -0.01028416
-0.01314080 0.01201824
0.00005294 0.00546237
-0.02209264 -0.00976397
-0.01661289 0.00401864
-0.01171164 0.01653610
0.00759019 -0.00646141
-0.01226015 0.01294614
0.01463672 -0.00853686
-0.00959947 -0.02151873
0.00793831 0.00215398
0.00003162 0.00797355
-0.00421235 -0.00255375
0.00264206 0.00279515
-0.00440683 0.00755924
0.01205007 0.00772055
0.02194596 -0.00534307
-0.00967150 -0.00751988
0.00059231 -0.00267186
-0.00569402 -0.00746125
-0.00456596 0.00115152
-0.00267776 -0.00839661
-0.01438457 0.00320235
-0.01937526 0.00656111
-0.00288919 -0.00543932
0.00174031 -0.00545097
-0.01041080 -0.00324692
-0.00261581 -0.00157498
0.00773724 0.00818818
0.00565841 0.01699049
-0.00609045 -0.00383657
-0.00817845 -0.00591640
0.00331866 -0.00700901
0.00171260 0.00494029
0.01565358 -0.00275301
0.00606420 0.01200192
-0.00354678 -0.00257203
-0.00185589 0.00242778
-0.01049765 0.00428753
-0.00492922 -0.00570660
-0.00450796 -0.00926055
0.01421984 0.03215578
0.00713480 0.00122172
0.03099960 -0.00581725
-0.00705838 0.00004860
-0.00714909 -0.01470903
0.01219223 -0.00502329
-0.01990569 0.00552286
-0.00250085 -0.00665978
-0.00353523 0.00378902
-0.00198999 -0.00960786
0.02384139 0.00349392
0.02309444 0.01090235
-0.00658621 -0.00138739
-0.00004555 -0.00557342
-0.00981093 -0.00379925
-0.00416282 -0.00534590
-0.00716107 -0.00979692
-0.00771258 -0.00219491
-0.00545452 -0.00563253
0.00175366 0.00231242
-0.00791440 0.00492577
0.01078614 0.00856901
-0.00337169 0.00752518
0.00180449 0.00157890
0.00796281 -0.00071602
0.00304357 0.00348110
-0.00237153 0.00254450
-0.00350058 -0.00895181
-0.00629939 0.00404034
-0.01360078 -0.00900135
-0.00804793 0.00475791
-0.00274154 -0.00869890
0.03149867 0.00992969
0.00871992 0.02025583
-0.00619424 -0.00595553
-0.00426201 -0.00146575
0.00864566 0.00601375
-0.00093370 0.00447318
-0.01983817 0.00999528
0.00534058 0.00919482
-0.00640643 0.00188729
0.03795156 0.00150982
0.00070891 0.03911108
-0.00645360 0.00896954
0.00211382 -0.00157655
0.00470029 0.00058463
0.00642375 -0.00103432
0.00168290 0.00649770
0.00215182 -0.00297519
-0.00646706 -0.01595805
-0.00345299 -0.00112474
-0.00519673 0.01810280
-0.01550853 0.00084288
-0.00187381 0.00159777
0.01422381 0.00885207
-0.00451040 -0.00460491
-0.00954540 -0.00353636
0.00277533 -0.00991438
0.00733849 -0.00308224
-0.01870425 -0.00814951
0.00164206 -0.02920702
-0.00963639 -0.01953296
-0.03146778 -0.00739510
-0.00139482 0.00081097
-0.00205207 -0.00327612
0.00205065 -0.00161281
-0.00417197 -0.00176103
-0.01848723 -0.00117550
-0.00703978 -0.00224929
0.01345273 0.00909963
0.01924267 0.02075181
0.02437750 -0.00154848
0.02207695 0.00602831
0.01112456 0.00159199
0.00017057 -0.01784572
-0.00323221 -0.00969165
0.00928684 -0.01129317
0.00164603 -0.01874052
-0.01696029 -0.01196496
-0.00779769 -0.00707092
-0.01380874 0.00496575
-0.01191815 -0.01760326
-0.01636575 -0.00172259
-0.02288926 -0.01006412
-0.01790979 -0.00426694
0.00609985 0.00438582
0.00602640 0.00589786
-0.00536684 -0.00582713
0.01223039 0.00055314
0.00797762 0.00094845
-0.00974394 0.00312317
-0.01225040 -0.01994781
0.00433865 -0.00363601
0.00258720 -0.00124468
0.00077598 -0.01689774
-0.00341638 0.00597723
0.00358717 0.00121691
0.00539374 0.00843595
0.00692816 0.02538363
0.00637217 0.00918375
0.03065756 -0.01419058
-0.03689918 0.00213129
-0.02578481 -0.03434588
-0.02262484 -0.01405848
0.00195717 -0.01246223
-0.00260509 0.00381338
-0.00023013 0.01993732
0.02896597 -0.00361313
0.00260652 -0.01591156
-0.00752918 -0.01401915
-0.01163149 -0.00124873
-0.01517065 -0.01443716
-0.01990127 -0.03532153
-0.00121828 -0.02832517
-0.01153693 0.01562995
-0.01045358 0.01635559
0.01681986 -0.00142705
-0.01432161 -0.00815549
-0.01513555 0.00235676
-0.00683496 -0.00811400
-0.00376990 0.00104277
-0.00997602 -0.00365763
0.00256688 -0.00872633
-0.00186910 0.00390766
-0.00161698 -0.00260918
0.00305243 -0.00047321
-0.00755494 0.01931371
0.00075566 -0.00683289
0.00267762 -0.00304104
-0.00842763 -0.00721259
0.01389410 0.01836852
-0.00518340 0.00367112
-0.01313048 0.00139999
0.00020067 -0.00834668
0.00052286 0.00020633
0.01884396 -0.00390443
0.00893882 0.01516398
0.01466661 0.00711263
0.00077379 0.01330883
0.01218842 -0.00992995
-0.00780423 -0.01764923
-0.00130188 -0.02200722
0.00189291 -0.01547786
-0.01582321 0.00122188
0.01930901 0.00434153
0.00376793 0.01687740
0.03822210 0.00553893
0.00608711 0.01478208
0.00431354 0.00366534
-0.01092800 -0.00251153
-0.01809863 -0.02639851
-0.00067160 -0.03496524
-0.02140839 0.00138565
-0.00061630 -0.01136033
-0.00265583 0.00290498
0.01541076 0.01220797
-0.00678325 -0.00637298
-0.01310024 -0.00549418
-0.01666851 -0.00662099
0.00515041 -0.01095235
0.01754224 0.00116313
0.00412736 0.00423435
0.02650362 0.00593302
0.00986760 0.00418141
0.00676596 0.00395885
0.00881559 0.01208455
0.00109509 -0.02380222
-0.00965895 -0.01404905
-0.02901781 0.01534650
-0.00369050 -0.00104397
-0.01410192 -0.00169450
-0.00129356 0.00149075
-0.00270728 -0.00221156
-0.00221564 -0.01007189
-0.00421063 -0.00323882
-0.01174502 -0.00021892
-0.00048143 0.00731233
-0.00041027 0.01160936
0.00110675 -0.00594110
-0.02048512 -0.00244152
-0.01595347 -0.00026487
-0.01197047 -0.00752955
-0.03065447 -0.01550644
-0.02679659 0.01175085
0.01794243 -0.00605922
-0.00691236 0.00219611
0.01532086 0.02385697
-0.00024290 0.01712428
0.00848668 0.00959041
-0.01380702 0.00379445
-0.01223112 -0.01127393
0.01650035 -0.00048138
-0.00660365 -0.01660009
-0.02591296 0.01198877
0.01058386 0.02397852
0.00226324 0.01349359
0.01342402 -0.02566852
0.01701757 0.02205975
-0.00960269 -0.00650141
-0.00258420 0.01831582
0.00930335 -0.00194897
0.00784854 -0.00470916
0.00204719 -0.00732255
-0.00343382 -0.00368947
-0.00011472 0.00212868
0.00895297 0.00198928
-0.00578867 0.00977029
0.01838958 0.01039467
-0.02435499 0.00410507
0.03299740 0.00587170
0.01193037 0.02629768
0.01889338 -0.00982887
0.00206169 0.00406089
0.01786721 0.00487416
-0.00585078 0.00802989
-0.00917058 0.01342251
-0.01267690 -0.00914501
0.00719493 0.01155708
0.00101832 -0.01030988
0.01588974 -0.02383651
0.01554809 -0.00857697
-0.01169219 0.00498609
0.02564050 0.00800667
0.01161044 0.01228209
-0.00783435 -0.00132225
-0.02069524 0.00167653
-0.01577875 -0.01006060
0.02202105 0.00343120
0.02694163 0.00804487
-0.00330251 -0.00039301
0.00174281 -0.00788331
-0.00302800 -0.00171761
-0.01366127 -0.00939053
-0.00863032 0.00862718
0.00481438 0.00583105
-0.01043733 0.00091212
-0.00857597 0.01009242
-0.00842324 0.00321224
-0.00048684 0.00434585
0.00124772 -0.00729712
-0.03190576 -0.01399566
-0.00233970 0.00033371
0.03175198 -0.00861606
0.00156944 0.00705017
0.01301475 -0.00303736
-0.00432489 -0.00577035
-0.00352465 0.00222322
0.01769849 -0.00030889
-0.00330274 -0.00009934
-0.01297841 0.01775672
0.00997699 -0.00092090
-0.03149473 0.00176217
0.00448715 0.00708950
0.00591750 0.00722844
-0.01394167 -0.00629003
-0.01025371 -0.00292545
0.01171954 -0.00439914
0.01095619 0.02598407
-0.00144877 0.01010846
0.01180984 -0.00813886
-0.01039199 0.00226787
0.01510265 0.00181743
0.00882546 -0.03380457
0.00305653 -0.00953849
0.00279929 -0.00167637
-0.00551094 -0.01263231
0.00394050 0.01235131
0.00287041 0.02094464
0.00429598 0.00546031
-0.01984688 0.00149188
-0.00738662 -0.00268553
0.01781156 0.00469582
-0.00327515 -0.00773271
-0.02772350 0.00278324
0.00501958 0.00023318
-0.00651924 0.00163560
0.00314153 -0.00170784
-0.00365916 -0.01708063
-0.01843051 -0.00173994
-0.00061377 0.00338792
0.00111838 -0.00497870
-0.00240078 0.00178516
-0.00128479 -0.00463119
0.01164482 0.01959207
-0.00054787 -0.01430892
-0.01242034 0.00054661
0.00273911 -0.01348233
-0.00787356 -0.01171599
-0.04205843 -0.00133471
0.00741354 0.01197237
-0.00090295 -0.00753906
-0.00806805 -0.00282414
-0.00456126 0.00188658
-0.01107738 0.00001133
0.01601045 -0.00353985
-0.00683318 -0.00445806
0.00336156 0.01094658
0.00321612 0.01063182
0.00242372 -0.00548833
0.00118165 -0.00984215
-0.02329892 -0.01081670
-0.01327825 -0.00931493
-0.01001343 -0.01251189
0.00035810 0.01178963
0.00926128 0.01032709
0.00213656 -0.00723985
-0.00113573 -0.00251819
-0.00835527 0.01204335
-0.02465469 -0.01221470
0.01016306 0.00847942
0.00600977 0.01380700
0.00593176 -0.00665157
-0.00391642 0.00416629
-0.00515096 -0.01899412
-0.00890151 0.00368746
0.01677393 -0.00205339
0.00983759 0.03777253
0.01523622 -0.00918401
-0.00399029 -0.00474985
0.01916382 0.01279052
-0.00542223 -0.01177046
-0.01982098 -0.01470974
-0.00078514 -0.00030552
0.01304950 0.01185992
0.00765059 -0.00593411
-0.00213172 -0.00725105
-0.00529303 0.00652301
-0.01468445 0.00596294
0.00604185 0.00195814
-0.00603583 -0.02401266
-0.01282156 -0.02834414
-0.00402316 0.00714525
0.03243102 0.02358144
0.02907252 0.00410109
0.00650537 -0.01132748
-0.00904846 -0.00130328
-0.02649686 -0.02500652
-0.00004689 0.00094808
-0.00118150 -0.00531374
-0.00311121 -0.00387759
-0.00441489 0.00036546
-0.00488115 -0.00373698
-0.01329582 -0.00777703
0.00672128 0.01748637
-0.00404289 -0.01431665
0.00206366 0.00404404
-0.01805751 -0.02401225
-0.00480311 0.01405166
0.00999543 0.00460007
-0.00890620 -0.00564493
0.00665081 -0.02228027
-0.02409536 0.00849679
0.00286861 -0.00514177
0.00467967 0.01180783
0.01300582 0.01078947
0.02221902 0.00100714
-0.00323549 -0.00545786
-0.01733021 0.00281076
0.00172649 -0.01782199
-0.00333137 -0.02129335
-0.02013090 -0.00254256
-0.00076318 -0.00453369
-0.00968251 0.00258269
0.00681824 0.01659446
0.00327408 -0.00566670
0.00650589 0.00222775
0.01655151 0.00010777
-0.01187932 -0.01330244
-0.01109800 -0.00026158
0.00077284 0.00189674
-0.00024408 -0.00294674
-0.00586893 0.00401114
0.01579364 -0.01109159
0.02512534 0.00480457
-0.00408418 -0.01043748
-0.01379367 0.01808501
0.00750346 -0.00775790
-0.00268912 0.00815099
-0.02655753 -0.00741338
-0.00084980 -0.00971618
0.00248175 0.00842513
0.00695049 0.00079897
-0.01634877 0.01029602
0.02431738 0.01486005
-0.00502271 0.00142178
-0.01822873 -0.01228392
-0.00705853 0.00322049
-0.00252428 -0.00436414
-0.00141686 0.00144790
-0.00127844 -0.00109456
0.00171361 0.00090010
-0.00539738 -0.00002753
0.00256334 -0.00576007
-0.02267715 -0.00344826
-0.00728925 -0.00600754
-0.01274930 0.00357054
-0.01904043 -0.00585235
-0.02901172 0.01373362
-0.00318348 0.02654672
0.00600072 -0.00274742
0.01326903 0.02448694
-0.02092060 0.01849693
0.01674624 0.01394560
-0.00595801 -0.03190169
-0.00342956 -0.01610895
0.01785146 0.01409416
0.01014049 -0.02478866
0.00193418 -0.01305784
-0.01684012 -0.01020986
0.01882242 -0.01766604
0.00817822 0.01234289
0.01675657 -0.01469969
0.01490374 -0.02079574
-0.02222716 0.02314397
-0.00306049 -0.02757093
0.02338213 0.01323761
0.00764149 -0.00123385
-0.00144763 0.00446037
-0.01444975 0.02700284
0.01371274 -0.00242339
-0.01360990 -0.00054185
-0.00762471 -0.01101348
0.00790566 0.01232589
0.04150551 0.02067387
-0.01221546 0.00864844
0.02800291 -0.01957267
-0.04488112 -0.00889968
-0.00239998 0.00945801
-0.01696591 -0.01815827
-0.00171937 0.00026621
0.00076220 -0.00025842
-0.00349942 0.01587869
0.01283208 0.01998743
0.01124984 -0.01176587
0.00325992 -0.03087369
0.00157865 0.00617019
0.00851199 0.00232497
-0.00933831 -0.00834821
-0.00187946 -0.00085961
0.00741117 -0.00312713
0.00933985 -0.01425074
0.02127953 0.02316111
0.01805159 -0.00796378
-0.01256764 0.00577478
-0.01803535 0.00298741
0.00053954 -0.00923379
-0.01167740 -0.00232554
-0.00321749 -0.00920523
-0.01048441 -0.00029564
0.00087467 -0.00037662
0.01401991 -0.00521308
-0.00712003 -0.00204552
0.00410197 0.00183124
-0.01260731 0.00732089
-0.00322524 -0.00283768
0.00688584 -0.00607999
0.01234997 -0.01019528
0.01062051 -0.00405778
-0.00023619 0.00125445
-0.01049950 0.00804157
-0.01439752 0.00893030
-0.01461526 0.00497708
-0.00339828 -0.01519710
-0.01785278 0.02543972
0.02258563 0.01283595
-0.03811004 -0.00291608
-0.03511572 -0.00639203
0.00136743 0.00994080
-0.01155220 -0.00041843
-0.01528957 0.00285122
0.00441351 0.00759134
-0.01045921 0.01676445
0.01834425 -0.00114749
0.00190165 0.01181175
0.01656531 -0.01151539
-0.01355931 0.00169516
-0.01115847 -0.01648995
-0.02049394 0.03182708
0.01009471 0.00206423
-0.01583455 0.00300102
-0.01043596 -0.00285246
-0.01140573 0.00844858
0.02025211 -0.01210522
-0.01793554 -0.00440951
-0.00644046 0.02057494
-0.01241541 0.00868626
-0.01782541 -0.00490594
-0.00672445 -0.00324170
-0.01437762 -0.00459284
0.00604335 -0.01727503
-0.00237735 -0.03125098
-0.00214181 0.00432304
0.00241535 0.00071562
-0.00142617 0.00370007
-0.02943145 -0.00377575
-0.00357515 -0.00380313
-0.00418619 -0.00604927
-0.00292055 -0.00382841
-0.00229783 -0.00669437
0.00471779 0.00455317
-0.00250301 0.00515408
-0.01428904 -0.00231020
-0.00377735 -0.00623426
-0.01526359 -0.00449715
0.00162603 -0.01150714
0.00183967 0.00652814
-0.02530425 0.00057894
0.01975056 0.01309890
-0.00492940 -0.00836380
0.01389211 -0.00714277
0.00683851 0.02303342
-0.00091807 -0.00542434
0.01276618 0.00040716
-0.01829405 0.00020067
-0.00097990 0.00785547
0.00668303 -0.00072002
0.00356467 -0.02363755
-0.00061969 -0.00087077
-0.00916905 0.00864506
-0.01955079 0.00622934
-0.01128971 0.00563616
0.01010374 -0.00416202
-0.00904750 0.00888854
0.00045710 0.00800202
-0.01076837 -0.00740958
0.00357163 0.01619147
-0.00643697 -0.00394992
-0.00309310 -0.00222996
0.00296498 0.00881293
-0.00190171 0.00087687
-0.01543674 0.01906504
-0.00454061 0.00338291
0.01737263 -0.00455145
0.03178521 -0.00161766
-0.00894665 0.01170881
-0.00026164 -0.00125276
0.01863518 -0.00653037
0.00085736 -0.01310881
0.00331852 0.00542071
0.00047261 0.00695675
0.00733666 0.02007003
-0.01390179 0.00156168
-0.01284095 -0.00911500
-0.01650123 -0.02538653
-0.00701472 0.00745487
0.02537300 -0.01673256
0.01335661 -0.01049241
-0.01183195 0.00635676
0.01337226 -0.00738761
-0.01329017 0.01665031
-0.00870392 0.00163726
0.02440255 -0.00451901
-0.00836676 -0.01622979
-0.00090513 -0.00654624
-0.00969700 -0.00073870
-0.00419192 -0.00848212
0.00131075 -0.00256901
-0.00857448 0.00052686
-0.00725500 -0.01125073
0.00143887 -0.01015610
-0.01188737 -0.00368336
0.01196689 0.02347220
-0.00000255 -0.01537641
-0.00941387 -0.00366540
-0.02079948 -0.00859153
0.00381530 0.02209478
0.01910674 0.00310359
0.00119771 -0.00746846
0.00833388 -0.01775968
-0.02157023 0.01235223
0.01804363 0.01423398
0.01747227 0.00633151
0.00261910 -0.00907511
0.00117213 -0.01569851
0.00312530 0.00009086
-0.03693650 0.00375508
0.00329512 -0.00394477
0.01030252 -0.00954505
-0.03006875 0.00820592
0.01874756 0.02024485
0.00698282 0.01098501
-0.00592907 -0.00058443
0.00928334 -0.01368223
-0.01947802 -0.00256162
-0.00472941 -0.00275504
-0.00425585 0.01045276
-0.00469155 -0.01238352
-0.00503358 0.00789772
0.00500599 -0.00989010
0.01069341 0.00968228
0.01490199 -0.01993220
-0.00262037 -0.00216013
-0.00128709 -0.00318793
-0.01516996 0.00620782
0.01415787 0.00703096
0.01332015 -0.01034850
-0.01212964 0.00058555
0.00423997 -0.00258131
0.00722989 -0.01990534
-0.01552352 0.02511156
0.00806439 -0.02112808
-0.00785288 0.00060130
-0.02296382 -0.00721937
-0.00292431 -0.00462637
-0.00565669 -0.00776061
-0.00117753 -0.00343147
-0.00471472 -0.00667150
0.01805891 0.00765244
0.01136740 0.01128726
0.00413034 -0.00807704
-0.00456923 0.00973508
-0.00958616 -0.00464898
0.00014062 -0.02957636
0.01923505 0.00452339
-0.00911474 0.02392711
0.00170896 -0.01062623
0.00086777 0.00382241
0.00351380 0.00073119
-0.00546504 0.02953291
0.01433591 -0.01965208
-0.00072082 0.00155933
-0.01978012 -0.02040587
0.00402494 0.00811260
-0.01362146 -0.01060593
-0.00507402 -0.00574474
0.01605961 0.00155708
0.01997059 0.01326911
0.01179287 -0.01877528
-0.02646139 0.01952781
0.00812294 -0.01645311
0.01212272 0.01193780
-0.01412902 -0.02008684
0.03179093 0.01035458
-0.03234591 0.01295334
0.00474504 -0.00142670
0.01039715 0.01020276
0.01472010 -0.00388206
-0.00221163 0.01636938
-0.00161019 0.01627544
-0.01299338 0.00211733
0.04491147 -0.01555031
-0.00062511 0.02291004
-0.01712475 -0.02410810
-0.00503370 0.00565185
-0.00463927 -0.01480332
0.00869763 0.00511287
-0.01780836 -0.01483539
0.01448942 -0.00101440
0.00434709 -0.00375874
0.00200803 -0.01822357
-0.00105334 -0.00973964
-0.01844224 -0.00869705
-0.02796963 0.01133398
0.03169201 -0.02540278
-0.00943406 0.01670611
-0.00858135 -0.03105105
0.01731642 -0.00425338
0.00754541 0.01834384
0.00861858 0.00684628
0.00374530 -0.00366994
-0.00294460 -0.01023663
-0.00640993 -0.00775622
-0.01191915 -0.01101410
-0.00823130 -0.00714424
-0.00827957 -0.00583119
-0.00340363 -0.02604422
-0.02042550 0.02574919
0.00181547 -0.02319998
0.00516085 0.02020766
-0.00409437 0.00694402
0.00504044 -0.01851237
-0.01740324 0.00374924
0.01845508 0.01564581
0.00541327 0.00935488
0.00752010 0.01037679
0.00267146 -0.01950051
-0.00980601 0.01431162
-0.00638704 0.00110777
0.00092866 0.00801245
0.01608274 -0.01658370
-0.00723702 0.00281831
-0.00000161 -0.01782679
0.00691657 -0.00047687
-0.01817668 0.00056476
0.01777290 -0.00922179
-0.02941360 0.00789571
0.01930762 -0.00218969
-0.00878319 0.00901501
0.00287289 -0.00789472
-0.03394730 0.02299882
0.00070225 -0.01313880
0.00613615 -0.00986816
-0.00244169 0.00038778
-0.00328085 -0.03069538
-0.01105080 0.00771043
0.01136484 0.00330605
-0.00489134 0.00070463
0.00999671 0.00504017
0.00333919 -0.01237218
-0.00904403 -0.01470522
-0.01046983 0.00214366
-0.00380156 0.03957012
0.00002396 -0.00983354
0.00731265 0.00152561
-0.01531608 -0.01652277
0.01351305 0.00295694
-0.01034141 0.00455928
-0.00483802 -0.00576124
0.00171999 0.00352627
-0.00264452 0.01706889
-0.02974058 -0.00072297
0.00078697 -0.00258872
-0.00166034 -0.00019152
-0.00162449 -0.00007759
-0.00308938 0.00380969
0.01643187 0.00655428
0.00456293 -0.00168002
-0.01946810 -0.00787777
0.00984201 -0.01292423
-0.01880414 -0.00536979
-0.04481348 0.00543192
-0.01271025 0.03456736
-0.03174031 0.01082236
-0.00780424 0.03192075
-0.01588489 0.02310788
-0.00108584 0.01891357
0.00177381 0.02051350
0.00512369 0.01659436
-0.00324111 0.00259065
0.00245891 0.00005638
-0.01312157 -0.00949451
0.01778799 -0.01568709
0.01066766 -0.01268270
0.00727868 -0.03358337
0.00591955 0.02398264
-0.00251167 -0.01026638
0.02413001 -0.00362072
0.01982891 -0.02372389
0.00614283 -0.00702279
0.01012138 0.00944807
-0.00331669 0.00349164
0.01504338 -0.00069294
-0.00202929 0.00582991
0.00208621 -0.00438220
-0.01209806 0.00754794
-0.00151646 0.00320049
-0.01743311 -0.00494605
-0.00494163 0.00979903
0.01479839 0.01211136
0.04062410 -0.00077061
-0.01146334 0.00153743
0.00243666 0.01955714
-0.01243391 -0.01774507
-0.00286031 -0.02028501
0.00634763 0.00624956
-0.00958733 -0.00090435
0.02366834 0.00203017
-0.00155874 0.01285936
-0.01640644 0.00467166
-0.00798569 -0.01745993
-0.00439373 0.02797242
-0.00203412 -0.00535955
0.00169081 -0.02062696
0.01143007 0.02117398
-0.00352880 -0.00914275
0.00728029 -0.00313210
0.00553796 -0.00978126
0.02930497 0.00608130
0.01755666 -0.00683412
-0.00619549 -0.00783926
-0.00764050 -0.00980421
-0.00438216 -0.00559486
-0.00634884 -0.00569352
-0.00260289 -0.01739009
-0.01945057 0.00323140
0.00083509 0.00078238
0.00575187 0.01420989
0.00192167 0.02109512
-0.01037743 -0.02526546
-0.00661732 0.01517795
-0.00026125 -0.00077511
0.01012162 0.00301312
0.03007999 0.01351286
-0.01820998 -0.01137318
0.00290403 0.00178899
-0.02340600 0.00600614
0.01361675 0.03277222
0.01260836 0.00264253
-0.00573778 0.00668695
-0.00437260 0.00158554
-0.00765177 0.01169225
-0.02718205 -0.01103463
-0.00965139 0.00122571
0.00390422 0.00172600
-0.02482546 0.01039374
-0.00646709 0.03228680
0.01345870 -0.00086171
0.00294283 -0.00014654
0.02303761 -0.00493786
-0.00474744 0.02157853
-0.00375325 -0.03095881
-0.00534513 0.00703595
-0.00110823 -0.01124716
-0.00302812 0.00945708
0.00955632 -0.00140025
0.02441178 0.00974811
0.00794121 -0.00544317
-0.01441466 -0.00124682
-0.00537272 0.00039769
-0.02088782 0.00871843
-0.02158101 -0.00168811
0.00193511 0.00131935
-0.02948271 -0.00727830
-0.00447097 0.00074948
-0.00880410 -0.01292922
0.01018661 -0.01877814
0.00138146 -0.01232679
0.00008447 -0.00957934
-0.01815472 -0.00540887
-0.00059773 0.00238068
-0.00158956 -0.00618682
0.00021781 -0.00460988
-0.00564559 -0.00848648
-0.02082875 0.00413537
-0.01225626 -0.00999891
-0.03101672 0.00040327
0.00122770 -0.01509058
-0.01082140 0.01480004
-0.01789632 -0.01929428
0.00484454 0.00525860
0.00500012 -0.02243172
0.02038042 0.01371049
0.00693239 0.00223669
-0.00809993 -0.00279011
0.01101926 -0.00148305
0.00896808 -0.01747364
0.00138016 -0.01365750
-0.00472929 0.00392553
-0.03112402 -0.01469648
-0.01312741 0.00231177
-0.01498849 -0.01364761
-0.00605550 -0.00556636
0.00339325 -0.00205347
0.00359552 0.01388889
-0.00782427 0.02126218
-0.00264660 0.00266723
-0.01139720 -0.00500310
0.01034226 0.01442784
-0.00464898 0.01007184
-0.00651820 0.02420312
-0.01396163 -0.00264689
-0.00093297 -0.02050308
-0.02353737 -0.01033247
0.00399225 -0.01851406
-0.00984747 0.01692810
0.02190050 0.00721746
0.00449299 0.02268259
0.01450458 -0.01370205
-0.01259666 -0.02688582
-0.01177974 -0.01923633
-0.01382598 -0.00208799
-0.01000369 -0.01887631
0.00813360 -0.00120930
0.00555490 -0.00760279
-0.01153936 0.00595245
0.00933129 0.00149223
-0.00459584 0.01444619
-0.01355354 0.00198580
-0.00145594 -0.03225406
-0.00618303 0.00565835
-0.00359650 -0.03794281
0.01244879 -0.00340685
0.03772565 -0.00641022
-0.00805360 0.00690903
-0.01230894 -0.01059438
-0.00627134 0.00585901
-0.02640806 -0.02946367
-0.00009416 0.00069207
-0.00032028 -0.00098406
-0.00269532 -0.00111563
0.00116525 -0.00385327
-0.00840768 0.00497821
-0.00420794 -0.00661274
-0.00556338 0.01101340
-0.00629240 -0.02208076
0.00086420 -0.00014086
0.01373829 -0.00338014
-0.00176530 0.00418748
0.01418881 0.01046745
-0.01020395 0.02148494
0.00823581 -0.00230921
-0.01131121 -0.00351758
0.00787641 -0.00114174
0.00884971 0.00498778
0.01370596 0.02570807
-0.00219849 -0.00989715
-0.00475038 -0.01539142
-0.02187982 -0.01128898
0.00480949 -0.02418560
-0.00976301 -0.00080628
-0.01561500 -0.00946893
0.00950931 0.01167320
0.02068114 0.00767535
0.00848144 0.02955962
0.01579488 0.01194113
-0.01335019 0.01631432
0.02099470 0.01161717
-0.00108539 -0.00347217
0.00711677 -0.00983505
-0.00909602 -0.00437831
-0.00880057 -0.01745524
-0.00159294 0.00743464
0.00664105 -0.00922582
-0.00473812 -0.00595054
-0.00731273 -0.01531903
-0.03358552 -0.01023034
0.00782063 -0.01915257
-0.01709854 0.00008560
0.00080640 0.00182335
0.01235238 -0.00903704
0.00654806 -0.00766599
0.00215270 0.01157012
-0.00318875 0.01530044
0.01122518 0.00068566
-0.02607472 0.00638414
-0.00790991 0.01126041
-0.00141109 -0.00054633
-0.00536588 -0.00800219
-0.00022601 -0.00401710
-0.00497885 0.00319293
0.00154579 -0.00408159
0.00047849 0.01612060
0.01038813 -0.00219194
-0.02337567 -0.00747904
0.01532974 -0.00379227
0.00568243 0.01553060
-0.03595056 -0.01641492
-0.00871903 0.01447477
0.01451326 -0.00567282
-0.01606884 -0.00204937
-0.00087573 0.02131098
-0.00114083 -0.00672270
0.01060507 0.00628638
-0.00596375 0.00627104
0.01597881 -0.00439029
0.01358645 0.01116929
-0.00271549 -0.02701175
0.00880429 -0.00914678
-0.00057117 -0.00691746
0.00845228 -0.02997848
-0.01480295 0.01644556
-0.01237233 0.02519239
0.00751088 -0.00818575
0.02300117 -0.00520760
-0.00769221 -0.01375203
0.00231921 0.02146509
-0.00900398 -0.01532437
0.01581494 0.01470286
0.00034771 0.02724116
0.01134452 -0.00800715
-0.01673876 -0.00645721
0.00636739 0.00536479
0.00577930 0.00498179
0.02022591 0.02310089
-0.01438686 0.03673086
0.03832564 -0.00295224
-0.00848082 0.00900796
-0.01571541 0.00363283
-0.00319771 -0.00812780
0.00767219 -0.01723007
-0.00427023 0.00477966
0.00331605 0.00778372
0.01220489 -0.00733753
-0.01079250 0.00548118
-0.01169208 -0.02485532
0.00753393 0.00691155
0.00854187 0.00317062
-0.00001279 -0.00435616
0.01527776 -0.03011389
-0.00274364 -0.00394619
0.00806793 0.00279920
0.02781172 0.03752584
-0.02412919 -0.00173946
-0.01317767 0.00019658
0.00723234 0.00440970
-0.00577691 -0.00390613
-0.00233634 -0.00579555
-0.00550856 -0.00360159
-0.00672809 -0.00478720
-0.00591665 -0.00520801
0.00097750 -0.01010582
0.00104776 0.00984417
0.00697296 0.00209715
0.00074594 0.00725953
0.03260705 -0.01366177
-0.02311870 -0.00102504
0.00495653 0.01803399
-0.00434938 -0.00935711
0.01136985 0.00945347
-0.01984331 -0.01015606
0.00766203 -0.00661664
0.01817224 -0.01411093
-0.00618576 0.00455831
0.01390622 0.01839525
0.01162202 0.00839881
-0.03858547 -0.01322739
-0.01157022 0.00832902
-0.00809079 0.00721627
-0.01300914 -0.02317738
0.00632600 0.01319408
0.00479318 -0.01134840
-0.01110849 0.00468194
0.01816102 0.00646797
0.01330972 -0.00795737
-0.00323584 0.01116687
-0.02239741 -0.00624220
0.00382101 0.00647383
-0.01500686 0.01864517
0.00973714 0.00090213
-0.01490298 -0.01102178
-0.00072386 -0.00104002
0.00440488 0.00557115
0.00739498 0.01603418
-0.03242532 -0.00717245
-0.00019953 -0.00256986
-0.00586798 0.00863163
-0.02456666 -0.00769778
0.01354532 -0.00759054
0.01046103 -0.00665591
-0.01188003 -0.00256143
-0.00958283 -0.00410823
0.00866175 0.02049581
0.01284100 0.01617651
0.00117963 0.01083074
0.02454839 -0.00140372
0.00018688 -0.00113032
-0.00224254 -0.00037986
0.00307298 -0.00688065
0.00124344 0.00268914
0.00150240 0.00340270
0.00078174 0.00340970
-0.00300986 -0.01321816
-0.00346376 -0.00341389
-0.01428197 0.01053892
0.00676676 -0.00515905
0.00963849 0.00091682
0.00909660 0.01532298
0.00173939 0.01930163
-0.01235094 0.00460006
-0.00667668 -0.00024891
-0.00432840 0.01433035
-0.01366881 -0.00724956
0.00166140 -0.01205723
0.00095120 0.00782516
0.00518814 0.00726890
0.01724585 -0.00804093
0.00308598 0.00966368
0.00621141 -0.00735828
0.00484041 -0.00782750
-0.01301843 -0.00921400
-0.00432287 -0.01080856
0.00895122 -0.00357806
0.00687772 -0.00275749
-0.00085045 -0.00599330
0.00047579 -0.00367066
-0.01320082 0.00015851
-0.00068929 0.00207775
0.00380481 -0.00296293
-0.00825120 0.00664515
-0.00489829 -0.00200047
0.01388317 -0.00169538
-0.00520046 0.00693497
-0.00101628 0.00020596
-0.00424939 -0.00782586
0.00033945 -0.00504277
-0.00154247 -0.00097191
-0.00710357 -0.00326275
0.00200858 0.00135446
-0.00518883 -0.00436693
0.00520922 0.01151596
0.01533431 0.01442298
0.00663179 0.00799445
0.03285980 -0.00406042
-0.00368638 0.01683470
-0.00724911 0.00368893
-0.00417771 -0.01556728
-0.01168125 0.00325639
-0.00066035 -0.00451758
0.00909238 -0.00135278
-0.00698983 0.00057511
0.00246232 -0.00245856
0.00603274 0.00101361
-0.00226080 0.01259094
-0.00997216 -0.00163051
0.00317372 -0.00516930
0.00294058 0.00222258
-0.00656336 0.00228742
0.00827328 -0.01608155
-0.00780703 -0.00396624
-0.00422142 0.01218601
-0.01066708 -0.00698369
-0.01027457 -0.00398612
0.01322242 -0.00507561
-0.01599821 0.00742626
0.00613484 0.01377459
0.00834491 0.00869892
0.01875406 0.00619375
-0.01023559 -0.00021785
0.01214156 -0.00550197
-0.00541565 0.01516626
-0.00114620 0.01450890
0.00646377 0.00207277
0.01919078 0.00055730
-0.01001131 0.00920231
-0.00850606 0.00259970
0.01174537 -0.01163116
-0.00566578 0.00180857
0.00189177 0.00453608
0.01002434 0.01662004
-0.00170321 0.00317344
-0.00966331 -0.00153324
0.01525678 0.00910213
0.01822188 0.01574786
-0.00640138 0.01650906
0.02731970 0.00160654
0.00244928 -0.00124604
-0.00316362 0.00330206
0.01317630 0.00019866
-0.00370174 0.01032015
-0.00157748 -0.01450392
0.01238003 -0.01048418
-0.00677999 0.02645909
-0.00307428 -0.01058192
0.00633014 0.01001944
-0.00834301 -0.00957294
0.00326257 0.00611988
-0.00466030 0.00056986
-0.00496046 0.00029224
0.00241095 0.01957860
-0.00135772 -0.02469477
-0.01324482 -0.00311148
0.00121151 0.00504636
-0.00086789 -0.00420292
-0.00310416 -0.00357365
-0.00268141 -0.00481863
0.00042139 0.00186077
-0.00185613 -0.00452605
-0.02359097 -0.00207446
0.00334641 -0.00301430
-0.00158342 0.01172557
-0.00388974 -0.00236717
0.00087373 -0.00011336
0.01974527 0.00354079
0.00132054 0.00677703
-0.00045279 -0.00184077
-0.00470214 0.01524318
0.02005098 0.00597098
0.00241706 0.01405647
-0.01636579 -0.01974721
0.00989086 -0.00824338
-0.00455499 0.00526384
0.00531243 -0.00750862
-0.02219433 -0.00647012
0.00020989 -0.00318734
-0.00124224 -0.00028458
-0.01063607 0.01792534
0.00916533 0.02381095
0.00059456 -0.00907754
-0.00146453 0.00673167
-0.01102354 0.00965112
-0.01287945 0.00563447
0.01244325 0.00646543
0.00025401 -0.00068066
0.00717857 0.00269705
-0.00803596 0.00302697
-0.00544342 -0.01704427
0.00155541 0.00890369
0.00472782 0.00702672
0.00109644 0.05579905
0.04185883 0.03450177
0.02852786 -0.01523418
-0.02905406 0.01207617
-0.02192027 -0.01995982
-0.02492944 -0.01633938
-0.01344381 0.00463559
0.00211491 0.00319441
-0.01693082 0.01041498
0.00708175 -0.00497555
-0.00553615 0.00701471
-0.01524800 -0.00771237
0.00388886 -0.01136223
0.00330357 0.00390253
-0.01423780 -0.04136733
-0.00455036 0.00144114
0.01396438 -0.00716673
0.00034287 0.01764056
0.01707691 0.01733885
-0.00319888 -0.00565514
-0.00656182 -0.02039647
0.00500275 0.00531859
-0.00649368 0.00514642
-0.00420956 -0.00542034
-0.00765511 -0.00117073
-0.00466576 -0.00675620
0.00526723 -0.00118445
-0.00623987 0.02081200
0.00419678 0.01187025
0.01535749 0.00095239
0.00271295 0.00251049
-0.00702577 -0.00017922
0.01860745 0.04270447
-0.01025130 0.00859289
0.00836055 -0.00284039
0.00414958 0.01344198
-0.00093182 -0.00145463
0.00282692 0.00745139
0.00948396 0.01015347
-0.00783461 0.00017776
0.00649634 -0.01346039
0.00522848 0.00168623
-0.00586370 -0.02408163
0.00322856 0.00150944
-0.00003107 0.00619412
-0.00607668 -0.01063824
0.00821642 0.00866812
0.01603659 0.00883999
0.00980750 -0.00553935
0.00462387 0.01411944
0.01195293 0.00153542
-0.00575314 -0.00380937
-0.01194871 -0.02106309
0.00992558 -0.02514163
-0.01634759 -0.01904305
0.00386457 -0.00937808
-0.00223408 -0.01632589
-0.01725451 0.01346394
-0.00607712 -0.00491124
-0.02570100 -0.00960058
-0.00760877 -0.01900645
0.00335604 -0.00219535
-0.01518457 0.01365577
-0.00964565 -0.00409137
0.01532557 0.01437894
0.02034109 -0.00513932
0.00003626 -0.00812806
-0.00364990 -0.01648379
