3.128868768e-16 4.425900674e-16
1.729425550e-16 6.504894868e-16
4.867597122e-16 8.476677984e-16
4.637731438e-16 9.028830175e-16
8.576768162e-16 2.031895061e-29
-1.568136698e-29 -1.392729619e-29
-1.633615307e-29 4.812102679e-29
-5.266003291e-30 -4.320452374e-31
-2.847708303e-29 -5.122460873e-29
-1.147094782e-19 -3.375008375e-20
-6.480070234e-20 -5.703777385e-20
1.897685062e-19 8.049870336e-20
-5.809555044e-20 9.697519766e-20
6.541506489e-20 6.071707528e-17
2.063302776e-16 2.267885982e-16
4.484992340e-16 -4.286304615e-16
-1.091571690e-16 2.630185003e-16
3.525007284e-16 3.256171203e-16
1.074064776e-16 -2.304711534e-16
-1.309611536e-16 3.167517757e-17
-3.199615607e-16 -1.265268038e-16
-3.208922778e-17 2.644713206e-16
1.309078435e-16 -4.531454214e-16
-8.500619503e-17 1.553218129e-18
4.591996953e-16 6.659672669e-16
3.987723996e-18 -3.558506114e-16
-4.682353465e-17 -1.897300465e-16
3.364207608e-16 3.702344749e-16
1.134831995e-17 -2.832558379e-16
2.773982113e-17 2.730410441e-16
-1.351672810e-16 1.139346797e-16
-9.884977065e-17 2.589714562e-16
3.244210965e-17 -3.080992018e-17
3.640970330e-16 2.159894443e-16
7.992235490e-16 8.315127890e-17
1.747768710e-16 4.163238139e-16
3.468166476e-18 2.658927213e-16
-1.529853338e-16 6.607863370e-16
9.127272345e-16 3.047552017e-16
-6.105211784e-16 -3.898278822e-16
-1.494250558e-16 -4.240057410e-16
2.349048679e-16 1.282067216e-16
-1.705367696e-16 5.197831975e-16
8.026422004e-17 1.533787541e-16
2.607438727e-17 -2.520551940e-16
2.155500063e-16 -2.935294476e-16
-3.867150097e-17 2.441109514e-16
-2.396630755e-16 -1.307611745e-16
1.694921133e-16 5.160627640e-16
1.416338879e-16 2.827763643e-16
8.062339510e-17 -6.659188405e-17
5.237412765e-16 4.709425895e-16
7.009540687e-16 4.470203144e-16
8.112888451e-16 5.332402216e-16
-2.755958179e-17 -1.652377845e-16
-3.329109474e-17 -1.922145794e-16
-2.642313720e-16 -2.852104194e-17
1.887022779e-16 1.590664480e-16
-8.313672714e-17 1.624121090e-16
-4.739522895e-17 -1.566941072e-16
-3.016578669e-16 -3.886625237e-16
-2.372102534e-17 -1.178136009e-16
-2.147260020e-16 -2.709394230e-16
-7.461110230e-17 -3.088680165e-17
-1.674285690e-16 1.766564636e-16
-1.385294195e-16 -2.219181720e-16
2.077322098e-16 1.283795560e-16
1.725894812e-17 -3.083344453e-16
-1.751996860e-16 2.691367516e-16
2.562511835e-16 5.101216750e-16
1.829204840e-16 2.107335652e-16
2.346712457e-16 -9.818634533e-17
-2.998588483e-16 2.311484886e-16
-2.393751637e-16 2.418627671e-16
2.697234807e-16 -3.762475353e-17
5.489506182e-16 1.689822656e-16
1.693046014e-16 -4.002306115e-16
-1.427932510e-16 6.067504127e-17
-3.208098907e-17 3.567299904e-16
1.629951059e-16 5.935778725e-16
4.351906523e-16 -3.273895632e-16
5.643476125e-16 5.777669437e-16
-2.127050226e-19 5.030924662e-16
1.933124930e-16 8.673999604e-16
3.923151217e-17 3.956346901e-16
6.392434833e-16 -1.059923032e-16
2.814937182e-16 3.506495048e-17
1.812078495e-16 1.876926544e-16
6.875057398e-17 1.061910383e-16
2.682665179e-17 1.086504382e-16
4.045537882e-16 1.584257470e-16
-4.023139486e-17 5.321664486e-16
8.115059502e-16 7.746427587e-16
2.382026584e-16 8.059468730e-16
4.949932165e-17 4.725142194e-17
-4.065034198e-17 -1.798336180e-16
4.967376081e-17 -4.785174993e-16
-1.163780388e-16 2.263152656e-16
6.879771790e-19 3.344405037e-17
3.956111585e-16 3.509601872e-16
-2.792752595e-16 8.357247265e-17
4.692181694e-17 5.249302990e-16
7.640649451e-17 4.846648938e-16
2.836755163e-16 -2.679401058e-16
2.400837597e-16 1.114722622e-16
-4.724934009e-16 1.305272875e-16
4.474903598e-18 1.941877692e-16
1.872017458e-16 -3.132628271e-16
-1.010306001e-21 8.686388503e-23
2.041215331e-22 -7.412080520e-22
-6.736221857e-22 -4.457206993e-22
7.219994278e-22 2.052951057e-22
-1.294677508e-21 6.339301931e-29
2.675561462e-29 -2.131919587e-29
4.882604655e-29 8.692913508e-29
1.693960710e-29 -5.433429346e-29
8.406998976e-29 1.033033072e-28
4.762144521e-22 2.811132215e-22
1.968562126e-22 9.424796137e-22
4.734287760e-22 6.103026180e-23
1.072425730e-21 -3.137302029e-23
-1.810831470e-22 -2.035853097e-22
7.425046616e-22 1.559409029e-21
5.083997246e-22 1.084763161e-21
9.773819503e-22 6.216258769e-22
1.264752290e-21 5.113964367e-22
1.002025612e-21 1.155426115e-21
1.294234433e-21 1.129493114e-21
9.110681569e-22 1.855452472e-22
9.701937993e-22 3.549115757e-22
1.108225326e-23 1.322534648e-22
-1.738117932e-22 -3.388278252e-22
1.512385668e-23 -3.431042086e-22
-4.671923067e-22 6.565206405e-22
4.266192592e-22 2.829740245e-22
5.137940059e-23 1.444052675e-22
-2.783928757e-22 1.058751097e-21
1.048856939e-21 6.332425038e-22
1.446509579e-21 5.609818351e-22
1.536549203e-22 -7.451444300e-22
-5.769540344e-22 -1.213080260e-22
-5.982431309e-22 -2.713419486e-22
9.802376142e-23 8.503025927e-22
5.071244205e-22 -6.221671491e-22
-2.215717170e-22 -6.823222739e-22
-4.338292712e-22 -3.675037900e-23
-5.656722885e-22 -3.479444319e-22
4.458663546e-22 1.487280864e-22
4.081657200e-22 -3.158282574e-23
-1.346352693e-22 -2.891029562e-22
1.455426282e-22 -5.754307882e-22
-3.026626295e-22 6.408249591e-22
1.659688750e-22 5.120512544e-22
3.601350466e-22 1.021862295e-21
1.663487273e-21 5.969658578e-22
9.905184913e-22 5.820156184e-22
8.971933937e-22 5.175110302e-22
-2.246236620e-22 -4.727874888e-22
-2.961360867e-22 -1.185465080e-22
-1.017536965e-21 -1.046987906e-21
-8.603467989e-22 1.947977652e-22
-4.388129899e-24 -8.530655496e-22
1.051202771e-21 1.013977826e-21
9.657848620e-22 1.019058747e-21
3.910780083e-22 -5.935761162e-23
7.274804081e-22 -5.693799852e-23
-2.346939953e-22 5.904776094e-22
5.850752375e-22 5.054228538e-22
1.121010373e-21 1.317691951e-21
8.256041024e-22 1.110157868e-21
4.918853948e-22 4.040294636e-22
2.178636416e-22 9.397403857e-22
8.452150078e-22 4.310552071e-22
-8.429253296e-23 5.129541657e-22
3.601608455e-22 1.236303694e-22
-8.700574747e-23 4.437470577e-22
5.157632173e-22 3.456757437e-22
1.969873654e-22 -4.764869309e-22
-9.456254648e-22 -3.301765581e-22
-1.201519472e-22 -9.027986101e-23
8.595875739e-22 9.629724277e-22
7.510311752e-22 6.013563168e-22
-8.738334173e-22 9.723538645e-23
6.670431615e-22 1.975063349e-22
3.753833871e-22 8.248240768e-22
7.103433200e-22 5.881805601e-23
4.450122139e-22 -5.264619382e-22
-4.032560012e-22 5.840197542e-22
-2.808040638e-22 -2.654003871e-23
-9.310113684e-22 -6.809377662e-22
-5.871217320e-22 -5.444419084e-22
-5.574350155e-22 4.898222901e-23
8.343622508e-22 2.380785998e-22
-7.864964430e-22 8.438372528e-23
6.719758519e-22 7.535218047e-22
7.882133577e-22 4.014710551e-22
8.561326408e-22 1.123814830e-21
8.216437935e-22 3.505708465e-22
-8.594063252e-22 -1.162399595e-21
-8.239728643e-22 -1.531217741e-21
-1.990519469e-21 -1.816048176e-21
6.047465255e-22 -2.100871265e-22
-7.819313491e-22 6.949850439e-22
8.491377544e-22 6.439200201e-22
5.423195318e-22 -1.516293780e-22
1.571966660e-22 5.305976393e-22
-2.369688682e-22 -3.690271372e-22
-1.474450704e-22 1.623081439e-22
1.620855841e-22 2.210914080e-22
-7.455453102e-23 -2.832765684e-22
8.635964514e-22 -1.292304236e-22
-7.859082178e-22 9.421478125e-22
8.349105407e-22 -7.376642111e-23
1.153225079e-21 1.670681432e-22
-3.330191331e-22 1.201833754e-21
-1.545497915e-22 7.751356721e-23
3.009933792e-02 -2.219808660e-02
9.452409111e-03 -2.835030109e-02
1.373156160e-02 -1.294005755e-02
2.108366042e-02 -1.112120692e-03
3.403977305e-02 -7.124379587e-29
-1.475737500e-29 3.652967298e-29
-2.262920740e-29 1.193090249e-28
9.924431957e-29 2.406344141e-29
1.129948395e-28 7.218984275e-29
9.572872307e-19 4.788128772e-19
2.476992086e-19 2.310599794e-18
4.229719820e-19 8.317517160e-19
-1.858922163e-18 -5.928986612e-19
1.293410728e-18 -3.777086502e-03
6.467207521e-02 -1.275124121e-02
-2.204591595e-02 5.329675972e-02
-1.106870268e-02 1.234125160e-02
-2.869601548e-02 -1.868587546e-02
2.307727560e-02 7.236173004e-02
8.175680414e-03 3.505986556e-02
-8.273504674e-03 -2.920405380e-02
-2.075425722e-02 -3.419318795e-02
-1.223190036e-02 -3.480423987e-02
9.076865390e-03 2.573996596e-02
-5.085334554e-02 -3.373126686e-02
5.839869380e-03 3.170279041e-02
3.744975850e-02 -9.757899679e-03
9.645123966e-03 -3.503925353e-02
1.513049565e-02 6.220852956e-02
6.501924363e-04 -2.287525916e-03
-3.563566133e-02 -2.950819023e-02
-1.308138296e-02 1.800516504e-03
-5.047115032e-03 2.559561282e-03
2.997212112e-02 7.216801494e-02
1.607936434e-02 2.664641477e-02
-2.762706392e-02 3.927856684e-02
-8.283556998e-02 -1.888741367e-02
1.844143495e-02 -3.732472658e-02
9.451707825e-03 9.983137250e-03
9.796636179e-03 7.087696344e-02
-7.875709794e-03 9.051973000e-03
-2.622149140e-02 1.663405797e-03
-5.435003899e-03 -3.392143175e-03
2.264131606e-02 -1.844040677e-02
4.138377681e-02 1.134392060e-02
2.799255308e-03 5.492484570e-02
-1.793381386e-02 9.873895906e-03
2.319301851e-02 -3.842016682e-03
-4.295813851e-03 -4.101448134e-02
-3.851485625e-02 -1.478972752e-02
7.311226800e-03 5.518581020e-04
9.704439901e-03 1.833681203e-02
3.158202628e-03 2.250202186e-02
-1.562299486e-02 5.416211858e-02
7.629877329e-02 5.096789449e-02
-1.287795231e-02 3.883996606e-02
5.957859103e-03 -1.579041593e-02
-5.428835284e-03 -4.012027010e-02
-3.496836498e-02 1.870903559e-02
7.156621665e-03 -2.272188850e-02
4.816039279e-02 4.052077979e-02
-1.042709220e-02 -4.043560848e-02
-4.381844401e-02 -2.234286442e-02
4.247165471e-02 8.492517518e-04
-2.073956281e-02 -3.455008194e-02
3.415828198e-02 1.116321981e-02
2.342437021e-02 1.093124505e-02
-3.862857446e-02 1.334362477e-02
1.734431460e-02 -2.291374095e-02
-4.333875328e-02 -3.498868644e-02
1.853216626e-02 3.394621238e-02
5.818076432e-02 -1.502436213e-02
4.174585640e-02 -2.567524090e-02
-1.560422778e-02 -4.086210206e-02
1.374817267e-02 1.750545949e-02
2.356103063e-02 3.179664165e-02
-4.886345938e-02 2.427777089e-02
-4.741807934e-03 -3.764401481e-04
-9.830272757e-03 -3.660006821e-02
-3.527391236e-03 2.070496557e-03
8.716009557e-03 -3.724492854e-05
-1.817653701e-02 -5.859508738e-02
1.982211322e-02 2.153442614e-02
6.281524152e-02 -2.629078552e-02
1.291176770e-02 -2.412468567e-02
3.796906676e-03 2.857257053e-02
-2.069856972e-03 4.788475577e-03
-3.016740270e-02 1.036063395e-02
-1.754175406e-03 3.024052829e-03
2.960207174e-03 -3.734974936e-02
-2.340711281e-02 -1.058255788e-02
9.731722996e-03 -8.176643401e-03
8.207530715e-03 2.591087669e-02
2.303906158e-02 7.698528934e-03
6.212574989e-02 6.457533687e-02
6.528178696e-03 -2.233534120e-02
-9.217087179e-03 4.213815555e-03
-5.335801747e-03 -2.202034369e-02
-2.187239751e-02 -5.793436989e-02
3.455704451e-02 7.839169353e-03
1.462617423e-02 4.280857369e-02
1.670966484e-02 -8.940896951e-03
1.792765781e-02 -2.565264888e-02
3.486475348e-02 5.044244230e-02
-1.536596008e-02 -1.082760748e-02
2.097504959e-02 -2.949288487e-02
3.305833414e-02 -1.247785706e-02
-1.087332796e-02 -2.345175250e-03
-6.565563846e-03 -5.351308733e-03
-1.009898074e-02 -5.323427264e-03
1.277338807e-02 -1.391336508e-02
-1.076511014e-02 2.115044743e-02
4.434129689e-03 2.818966808e-29
6.043099924e-29 3.230617782e-29
4.785699083e-29 1.816609346e-28
3.129092084e-29 2.181154331e-29
6.801379469e-29 -3.838677500e-29
1.232968538e-19 1.182461536e-19
-2.623839133e-19 2.136194320e-19
1.814007342e-19 -9.116162368e-20
2.226898850e-21 3.589762556e-20
-1.457689664e-20 -7.605285849e-03
1.257676817e-02 1.047392283e-02
-9.813257493e-03 1.015490107e-02
1.307469234e-02 -4.682525992e-03
-7.325244369e-04 4.369356204e-03
-2.299158601e-03 4.020813853e-03
-2.737981034e-03 -5.402631941e-04
5.517722573e-03 2.717910093e-06
2.161602024e-03 -8.371199947e-04
-2.206482226e-03 4.398368299e-03
4.491062835e-03 7.546240930e-03
3.228270682e-03 6.128984969e-03
1.029881765e-03 -1.123638824e-02
-1.287907246e-03 -3.195893019e-03
-3.444054164e-03 5.301086348e-04
-1.405295543e-02 6.841382943e-03
3.187227063e-03 -9.001718834e-03
6.780376658e-03 1.508327108e-02
-3.086951096e-03 -4.936682992e-03
7.765847258e-03 -3.147290787e-03
-7.225042209e-03 1.956385374e-02
1.494658878e-03 -6.218820345e-03
1.273203362e-02 6.367932074e-03
6.746252620e-05 1.543818391e-03
7.367807906e-03 -8.412069874e-04
9.128246456e-04 3.504358698e-03
-2.178226830e-03 5.310032982e-03
3.150699195e-03 8.804136887e-03
3.944874741e-03 3.572017187e-03
7.114665117e-03 8.304347284e-03
-3.560044104e-03 -8.153037168e-03
-3.247008659e-03 -5.581411999e-03
-6.012070458e-03 -1.283714548e-03
-3.153902711e-03 -4.349411465e-03
8.847736754e-03 6.690039765e-03
3.269786946e-03 3.323880490e-03
-2.721730852e-03 -1.288375352e-02
3.583459184e-04 -1.197039522e-02
-5.363643169e-03 1.718745939e-02
-8.603047580e-03 -5.028304178e-03
7.810043171e-03 9.424324380e-04
6.197917392e-04 1.920855953e-03
-4.298012704e-03 -1.261915429e-03
3.830927424e-03 -1.928070327e-03
9.067135979e-04 -2.775731962e-03
-6.020532455e-03 -3.441494191e-03
1.650164020e-03 -6.172896363e-03
4.948634189e-03 6.927966606e-03
9.412729414e-04 5.290548783e-03
1.017978508e-02 -5.606731283e-04
6.308589131e-03 1.359696500e-03
-8.532864973e-03 3.602838842e-03
3.977218177e-03 -4.601182882e-03
-1.067236438e-02 3.180416999e-03
6.862488110e-03 1.269572787e-02
7.143119350e-03 -1.565741841e-03
8.908856660e-03 1.538666710e-02
2.264030743e-03 -4.827678204e-03
-2.085501561e-03 -5.697616376e-03
1.517578587e-02 6.333856378e-03
-6.523809861e-03 5.692241713e-03
6.833939813e-03 -1.405018498e-03
-2.240569144e-02 -5.301957484e-03
-2.268568613e-03 9.631465189e-03
3.655648325e-03 -7.480567321e-03
9.914808907e-03 1.755462587e-02
2.264590330e-05 -3.378219437e-03
-8.068531752e-03 -5.907503888e-03
-6.215776782e-03 -6.059779320e-03
-5.448213313e-03 -2.523155650e-03
1.312819123e-02 -6.595796440e-03
1.692628837e-03 2.587816119e-02
1.025912445e-02 9.577509947e-03
3.408858785e-03 -8.382382803e-03
-1.350849052e-03 7.868393324e-03
-3.085951786e-03 -1.278215088e-02
-3.665826749e-03 1.785230590e-03
-1.262537949e-02 -3.108355450e-03
-6.436532363e-03 -1.892191009e-03
1.201705541e-02 -1.166768558e-02
-1.069305278e-02 -5.954540800e-03
-1.109558251e-02 9.159205947e-04
2.235917840e-03 -4.396807868e-03
-1.719933120e-03 6.435158197e-03
1.073048450e-03 -5.043303594e-03
2.874312049e-04 3.180102678e-03
-4.955902230e-03 -3.022692399e-03
-1.158279646e-02 -6.969220121e-04
1.087051723e-02 -1.351389755e-02
1.239123871e-03 2.128697373e-02
-6.246247329e-03 2.725763945e-03
7.177660242e-03 -3.481532680e-03
1.494473778e-02 1.086523850e-02
-4.163020290e-03 9.118749877e-04
2.719247015e-03 -7.123765070e-03
-2.203767347e-24 -2.386346245e-24
-1.017891878e-24 2.755245547e-26
-2.687027137e-25 -1.614786687e-25
-1.234170914e-24 1.522760984e-24
8.893962972e-25 -4.592253262e-29
5.452825868e-29 5.686117975e-29
-9.491664064e-29 7.165995924e-29
-4.650122040e-29 -3.411904063e-29
-6.378114234e-29 -9.834524281e-30
-1.584267877e-25 -1.611184797e-24
-1.543036385e-24 8.577673136e-25
-1.123695382e-24 -1.327907410e-24
2.092458235e-25 -3.117897786e-25
-3.530673199e-25 -1.497569845e-26
-6.896631255e-25 -9.424728311e-25
1.911240171e-24 6.577595567e-26
-6.639392095e-25 -4.874166614e-26
-8.454096104e-25 -1.546442785e-24
-1.552938956e-24 -1.415817182e-24
-6.497122017e-25 2.461012078e-25
-2.638031972e-25 -7.419626314e-25
-5.027905559e-25 -7.350156757e-25
-1.250564923e-24 1.043148443e-24
2.749247308e-25 2.134101709e-25
7.239130008e-25 -5.593087913e-25
-5.103390180e-25 -3.521609187e-25
-6.549177962e-25 -1.306602249e-24
5.447073211e-25 -8.835554725e-25
-1.424617615e-24 1.655345921e-24
7.817321295e-26 -1.684833936e-24
2.875597926e-25 -3.224149461e-25
-9.207000729e-25 4.629839937e-25
2.154331801e-25 -6.699428848e-25
2.250795881e-24 1.040862817e-24
-4.641113745e-25 1.006885789e-24
9.075649471e-25 -2.836624993e-25
-2.001030858e-25 -4.012179598e-25
-7.287770186e-25 5.914188321e-25
3.812510521e-25 -5.915128052e-25
1.058404076e-25 1.501176541e-25
-2.210838647e-25 1.477351783e-24
1.125768015e-24 4.449834697e-25
7.014812479e-25 2.315163529e-25
-2.539093284e-25 -7.529630502e-25
-4.976973248e-25 -1.089162207e-24
3.268015798e-25 3.498493098e-25
-7.589778188e-25 1.111483716e-24
5.621734411e-25 -8.610375365e-25
-1.336997750e-24 -7.042595667e-25
-1.473809798e-24 1.441901163e-24
1.445145945e-24 6.005851986e-26
1.321972218e-24 3.707555782e-25
-3.532605908e-25 -2.134074050e-24
1.011965462e-24 -6.155745912e-25
-8.524271197e-25 -1.165760995e-24
-9.100597198e-25 -3.579604762e-25
-1.911805513e-25 -5.098632363e-25
-1.371817873e-24 -1.263952385e-24
-7.919924365e-25 -6.297822719e-25
-7.160991856e-25 -1.307648476e-24
1.311653917e-24 -4.717327077e-25
-3.399704539e-25 -1.656080843e-25
-1.555636663e-24 -5.673719358e-25
7.218135831e-26 -4.984207595e-25
-1.042738827e-24 4.433069431e-25
-5.848006342e-25 -9.136091008e-25
-1.546824988e-24 -5.753000865e-25
-4.011595347e-25 1.025934808e-24
-4.558383437e-25 -5.617021460e-25
8.029021363e-25 -1.080593106e-24
-5.622325070e-25 -5.746660889e-25
-1.195489218e-24 -1.690068817e-24
-2.123488079e-25 -6.411864889e-25
-6.549679382e-25 -1.369692287e-24
-1.628988796e-24 -5.594652323e-25
-2.632494513e-24 -2.222121182e-24
-1.987413763e-24 1.627431190e-24
3.298420223e-25 4.313286326e-25
7.882981516e-25 -1.293581212e-24
1.220354262e-25 -1.046282686e-24
-2.994274013e-24 -2.003380505e-24
-2.083249714e-24 -1.601621436e-24
-1.024474626e-24 5.950954663e-25
-3.150521622e-25 -1.943878305e-24
1.006814101e-24 1.985378502e-24
1.590744795e-25 9.786247856e-26
-1.323331030e-24 -2.040291110e-24
1.019077240e-24 -2.241443492e-25
-1.808787453e-24 -2.157660300e-25
-2.605461138e-25 -8.199459692e-25
1.343434756e-24 2.946035366e-24
-1.691587411e-26 1.375053386e-24
1.118735320e-24 -4.292752277e-25
-1.316769088e-24 5.035215835e-25
-9.395646953e-25 -7.846221091e-25
-8.488261669e-25 -2.553938906e-25
-8.206567329e-25 -7.136377917e-25
2.552872465e-25 -1.710205280e-24
-1.155565165e-24 -7.564068225e-25
-7.549273631e-25 -1.268595423e-24
-1.447938414e-24 6.410380351e-25
-6.394787036e-25 -1.335212853e-24
-4.765646779e-25 4.340872299e-25
-5.235864578e-25 4.424637987e-25
-8.869362345e-25 -6.522820147e-25
7.694805156e-25 -9.564440507e-25
-3.225109407e-25 -8.032046645e-25
-2.390235329e-24 -4.189393749e-25
-1.620169444e-21 -2.194550555e-20
-2.605071569e-20 8.925093825e-21
-3.272299442e-21 1.809771216e-21
-1.452128465e-22 -5.830037519e-22
6.523951883e-22 9.306683909e-29
-6.251381423e-29 3.536888491e-29
-2.443269484e-29 8.960253047e-29
9.268944710e-29 -1.365228663e-28
-5.482819218e-29 6.676334856e-29
-1.229948424e-20 -8.981039992e-21
-1.354328600e-20 -3.750071371e-21
4.526962391e-21 -6.578410700e-21
-7.214143429e-21 1.220943727e-21
-5.994210757e-21 -1.821432645e-20
-9.203083056e-21 5.248212186e-21
-1.663825011e-20 -1.765316720e-22
1.670766382e-20 -8.352062840e-21
-1.242558081e-20 -4.462746841e-21
-1.798195817e-20 -7.304127593e-21
-3.175776795e-21 -1.262654047e-20
-5.636026204e-21 -8.222450746e-21
-1.697165075e-20 -1.139080614e-20
-1.411269968e-20 3.409912731e-21
2.736906387e-20 -7.211366235e-21
5.706589799e-21 1.403768474e-20
-9.520660635e-21 -6.155055381e-21
-5.116567684e-21 -4.454140609e-21
-1.022240464e-20 -1.121551655e-20
-1.344103549e-20 -2.774440111e-21
5.719255194e-21 8.025899627e-22
-6.205626489e-21 2.486680616e-21
-3.790969151e-21 -1.558649643e-20
-1.296012690e-20 -4.821194331e-21
-2.602913831e-21 1.376895282e-20
1.090567521e-20 -5.214332213e-22
-7.519892486e-21 -5.885029782e-21
1.703136407e-21 1.756991802e-21
3.945625269e-21 2.800882628e-21
9.224969415e-21 9.844422681e-21
-1.412985136e-21 8.182230705e-21
8.756013745e-21 6.117419875e-21
1.831966596e-20 3.567347658e-21
4.929441901e-21 1.793709816e-20
1.017241009e-21 -2.867761473e-21
-4.466344350e-21 -1.025784416e-20
-2.698680141e-20 -1.156930994e-20
4.011161561e-21 -1.628940608e-20
-6.661872739e-21 2.701984057e-21
-1.451777261e-20 -8.570437714e-21
-1.744804539e-20 -1.628860313e-20
-7.152247055e-21 -4.108818552e-21
-7.450799479e-21 1.200029285e-20
1.279652931e-20 -2.927892616e-21
-1.214349365e-20 -1.425770994e-20
-1.482383429e-20 -4.215292611e-21
-4.954876089e-21 -1.146009221e-20
-5.314034437e-21 -1.229229084e-20
-1.728680818e-20 -1.344342171e-20
-1.742595709e-20 -1.992554988e-20
-1.282052967e-20 -1.058526066e-20
-9.919608875e-21 -2.332630142e-22
-2.958335326e-21 -1.145440130e-20
-1.031597117e-21 -1.080799277e-20
-8.589730247e-21 4.521785242e-21
-7.992555121e-21 -9.169716335e-21
5.080366012e-21 -9.714773429e-21
-1.362081156e-20 -6.430687067e-21
-6.617052313e-21 -6.399567627e-21
6.236941415e-21 -4.344955999e-21
-3.436054546e-21 8.382495655e-21
4.018406661e-21 -7.538267367e-21
-6.595607413e-21 -8.893028459e-21
-2.446011845e-21 2.972084821e-20
-3.682145625e-21 -5.746961706e-21
7.953325434e-21 -1.274681285e-20
-1.803544541e-20 -2.008388873e-20
-2.113149843e-20 -1.554473350e-20
1.353830353e-20 -1.090024522e-20
-1.774759625e-20 -5.018959766e-22
-1.887204166e-20 -2.128267377e-20
-2.353700912e-20 -2.354005774e-20
-6.702989734e-22 -2.125066252e-20
-3.688025797e-20 -6.802486981e-21
5.594310128e-21 -2.140345587e-21
-2.553853700e-21 1.188617747e-20
7.403499935e-21 -4.946112942e-22
8.252231672e-21 -1.199037234e-20
-6.052867879e-21 6.139394687e-21
-2.544676963e-21 -1.270428979e-20
-1.530930691e-20 -4.165551510e-21
-1.747803231e-20 -8.752074944e-21
1.086201235e-21 -1.520892624e-21
6.896651477e-21 9.621210739e-21
3.158290487e-21 -1.261265934e-20
-1.677365893e-20 -1.569506873e-20
-3.193009253e-21 -9.985844716e-21
-1.691230054e-20 -1.097033989e-20
-2.310016083e-20 -2.157933272e-20
-1.876386357e-20 -1.974030827e-20
-1.247247969e-20 -1.870798848e-20
-2.906838365e-20 -7.431346195e-21
-6.864443939e-21 -6.293286228e-21
-1.109096286e-20 -3.984589191e-22
-2.257799175e-21 -6.526967174e-21
9.070125082e-21 -7.762489050e-21
-2.811610328e-21 1.044245972e-20
-1.901629259e-20 -1.399340958e-20
-7.427429204e-21 -2.086163722e-20
3.688977368e-25 1.896728656e-25
3.571469634e-25 -2.045595213e-25
2.534261264e-25 5.945572166e-25
-2.178334126e-25 -7.983248942e-26
2.717936679e-25 2.541190233e-29
-6.658403846e-29 4.932382120e-29
-2.193549646e-29 1.804895027e-29
7.454771666e-29 -1.028225951e-28
5.692888823e-29 -7.861540107e-29
2.832522916e-25 3.379899693e-25
3.304788795e-25 1.178060101e-25
9.636060758e-27 2.451127805e-26
-1.440034521e-25 -3.522396076e-25
-2.906455207e-25 1.565325478e-25
1.766091934e-25 1.877768754e-25
-3.112103726e-26 2.565673952e-25
3.265394807e-26 -4.644845366e-26
1.776443761e-25 -1.305788268e-25
3.651870830e-25 2.465447448e-25
-4.986294564e-26 1.510265082e-25
3.382446666e-26 -1.864450316e-25
-8.487949823e-26 -2.669763902e-25
-4.610160816e-25 -1.369570014e-25
-1.864806413e-25 -1.650948933e-25
-2.004010657e-25 -1.505411738e-25
-1.187808819e-25 -6.077487952e-26
2.909502429e-25 1.937605825e-25
2.290575474e-25 2.784740872e-25
3.440517737e-25 2.165609307e-25
2.053508105e-25 2.439286602e-25
7.670640005e-27 -8.564071202e-26
1.770236073e-26 -1.896025583e-25
-5.213926233e-26 1.902839616e-25
-6.927224883e-27 3.587753695e-25
2.418949521e-25 -8.897907277e-27
1.978509219e-26 4.331158956e-25
-2.617987016e-25 -1.349418069e-25
-3.552839081e-26 4.332966433e-26
1.569430143e-25 2.422477948e-25
-6.519193359e-26 1.498288817e-25
2.634458432e-25 -2.288353105e-25
-2.533677260e-25 -2.210513242e-25
-1.159866380e-25 -1.361673023e-25
-1.283180377e-25 1.443523382e-25
3.500122835e-25 1.064666029e-25
3.888885568e-25 3.390358263e-25
2.150799429e-25 8.029238916e-26
3.654889702e-25 -1.730876813e-25
-2.060266639e-26 -5.590929639e-26
-3.527589492e-25 -3.077229788e-25
-1.616942372e-25 3.514960815e-26
-2.824743022e-25 -8.086478324e-27
2.612144269e-25 -1.546519034e-25
1.094946085e-25 6.227272916e-25
4.194802869e-25 2.688665009e-25
-2.731984628e-26 1.826004194e-25
-1.070350389e-25 -2.924547239e-25
-4.107372552e-26 -3.503385268e-25
-5.579000336e-25 2.090443681e-25
2.294456917e-25 -2.801152938e-26
2.506146015e-25 1.454890128e-25
-3.484634352e-26 -9.466239651e-26
-3.306834657e-25 -4.127019996e-25
3.993224503e-25 1.357319250e-25
1.019491232e-25 -6.831932335e-26
-1.428777630e-26 -2.642744923e-25
-1.279255671e-25 -2.563520916e-26
-5.923011730e-25 1.567288139e-25
5.383769218e-26 -1.446430950e-25
-3.453606850e-26 -2.649098458e-25
-3.915925995e-25 -2.872013910e-26
6.860849017e-26 -3.645459363e-25
2.730275203e-25 -3.193240535e-26
2.054006813e-25 -1.152395127e-25
-1.484585810e-25 -1.447173712e-25
6.518655332e-26 2.820829779e-25
-4.254314536e-25 2.887126143e-25
5.071197876e-26 2.180070606e-25
5.138924358e-26 -2.784340525e-25
-7.986449375e-26 -8.742750663e-26
-1.968013702e-25 -5.280829157e-25
3.438636797e-25 2.994009400e-26
2.926529991e-25 1.863376849e-25
3.258469348e-25 3.861270753e-25
-4.824822132e-26 1.580630858e-25
4.646585975e-25 2.702964839e-25
1.375949064e-25 1.426005123e-25
8.778654465e-27 6.048535524e-26
-2.357524682e-26 -1.795687653e-25
-4.188311761e-27 -2.209691594e-25
-5.363610741e-25 -2.802239039e-25
-1.301210502e-26 -4.823221792e-25
-1.877204965e-25 2.094082795e-25
-4.760451144e-25 4.793742861e-26
5.150692745e-25 3.831615499e-25
4.807410801e-26 -4.544983587e-27
-8.681408715e-26 -1.152423477e-25
-1.772077046e-25 -1.084848296e-25
-1.477521684e-25 -5.394308770e-25
3.440750944e-25 3.416962597e-25
4.188746883e-25 1.095275435e-25
8.956194237e-26 1.903966085e-25
-1.130125707e-25 -2.168309676e-25
5.863853479e-27 3.004347175e-25
2.191976243e-25 2.291740277e-25
3.659650848e-26 -2.123317241e-25
9.910761538e-26 -6.976023942e-26
-2.442745510e-25 -4.469402392e-25
2.877915395e-14 2.243262237e-14
-1.469216658e-15 4.967363733e-14
9.298046680e-14 5.510906130e-14
6.472211276e-14 1.333339228e-13
6.733475539e-14 -2.388674185e-29
9.082535154e-29 8.400882945e-29
-8.395722657e-29 2.600142347e-29
1.057045206e-28 2.172830703e-29
6.722304246e-30 9.008417546e-29
1.473508395e-19 -1.322617468e-19
1.474054851e-19 3.627693893e-19
-1.742018795e-18 -2.000769370e-18
-5.075981938e-19 -3.674738239e-19
-1.850544168e-19 8.126341261e-14
1.183912587e-13 9.517838855e-14
1.006725492e-13 1.597127649e-13
1.515600118e-13 6.101030597e-14
1.336924278e-13 1.689476602e-13
6.466646608e-14 7.438080913e-14
4.678827380e-14 7.805765718e-14
8.931797766e-14 7.191259578e-14
4.933716874e-14 7.428030359e-14
7.224825122e-14 5.038276315e-14
4.060104710e-14 1.971298762e-14
7.414361958e-14 8.029206233e-14
3.278486085e-14 2.352364655e-14
3.133956514e-14 8.381154691e-15
8.755074167e-14 6.496243295e-14
1.214881738e-14 1.263428110e-13
1.432672882e-13 9.403376922e-14
9.642975437e-14 1.403727666e-13
1.098872715e-13 4.302682410e-14
6.037852103e-14 4.461175149e-14
6.918620001e-14 1.170069494e-13
8.603636873e-14 6.972185009e-14
1.153532023e-13 9.908981052e-14
-4.669755996e-14 -4.043571643e-14
-3.189271831e-14 -1.955890894e-14
-6.483512898e-15 -1.015834226e-15
-3.589074093e-14 -3.087444918e-14
-3.071099554e-14 5.731412523e-14
5.122899311e-14 1.865040511e-14
7.296688752e-14 8.948648978e-14
3.716025019e-14 4.004407212e-14
5.694990107e-14 2.577908014e-14
9.599889921e-14 1.061096062e-13
7.787822172e-14 1.158821032e-13
1.485000003e-13 1.302787088e-13
9.454921926e-14 1.342553049e-13
1.220980917e-13 2.479841419e-14
5.333798995e-14 3.653749124e-14
4.908415322e-14 8.289258901e-14
4.579399265e-14 4.735018868e-14
8.197682442e-14 4.722751460e-14
1.183674876e-13 1.102356596e-13
7.161320012e-14 1.238646094e-13
1.366327163e-13 1.202263251e-13
9.774775119e-14 1.255318549e-13
1.188911572e-13 1.025903334e-13
8.335639714e-14 4.372111329e-14
1.306868838e-13 1.336688870e-13
1.074558059e-13 1.062774949e-13
1.374934644e-13 1.169326409e-13
7.886710897e-14 6.614468088e-14
4.021883873e-14 8.341200994e-14
1.000848913e-13 6.596308379e-14
4.487887858e-14 7.111177017e-14
6.170557094e-14 8.069197708e-14
9.083714141e-14 6.217240129e-14
8.311908562e-14 1.167269677e-13
7.971930543e-14 4.605715901e-14
7.187172136e-14 5.732077952e-14
1.264283003e-13 1.012497920e-13
6.161653083e-14 1.252114731e-13
1.294310389e-13 7.020147403e-14
5.676797872e-14 7.874101626e-14
6.688275151e-14 1.205944931e-13
1.049628456e-13 5.578044333e-14
1.373453217e-13 1.560059184e-13
1.049914618e-13 9.427698964e-14
1.176823667e-13 9.217622596e-14
4.612204173e-14 2.928136317e-14
-7.467321337e-15 7.558890850e-14
1.132203055e-13 7.057269130e-14
4.949390032e-14 1.177640342e-13
8.219643634e-14 9.032875901e-14
7.187050163e-14 2.357451087e-14
9.582493897e-14 1.216328199e-13
6.479306702e-14 5.066604823e-14
8.571447588e-14 7.968608819e-14
8.775245240e-15 5.829194007e-14
5.582453309e-14 5.036733021e-14
1.031779507e-13 7.403590409e-14
5.910164936e-14 8.292346844e-14
4.634652240e-14 1.135189761e-13
9.531471342e-14 6.974640727e-14
1.196271272e-13 1.192213781e-13
1.008018064e-13 8.171580952e-14
1.043680591e-13 1.067222889e-13
9.111131581e-14 6.975484372e-14
2.097860392e-14 1.038663106e-13
1.259012561e-13 9.367604348e-14
9.536175425e-14 1.526417474e-13
1.275447033e-13 9.401919347e-14
8.247999587e-14 2.758662304e-14
1.193827074e-13 1.330686592e-13
8.263879083e-14 1.098454484e-13
1.345378480e-13 9.025455893e-14
1.029871122e-08 -2.714228620e-09
-3.853900310e-09 -5.920825635e-11
1.775038427e-08 2.506587826e-08
-7.147300973e-09 2.027791624e-08
2.459649018e-08 2.034544569e-29
3.469498397e-29 5.437159030e-29
-8.264693517e-30 5.726109911e-29
1.772320480e-29 4.643082767e-29
-4.094666090e-29 -6.609378547e-30
6.286272257e-22 8.445911489e-21
5.921550533e-21 1.698337911e-21
6.703970093e-21 6.486677662e-21
-1.563168097e-21 4.088688034e-22
1.237766230e-21 -9.725360961e-09
-1.121732485e-08 -5.895071098e-09
-2.839336322e-09 -1.683871265e-09
1.054228349e-08 6.797587826e-09
3.387776948e-09 1.082988632e-08
-1.445122422e-08 -1.011177186e-08
-1.043002129e-08 -9.238131149e-09
-1.134992433e-09 -9.756243813e-09
-3.602356857e-09 3.218353584e-09
-6.147095277e-09 -1.981510778e-08
1.874950328e-08 -2.859216197e-09
-4.719902691e-09 1.698591312e-08
-1.312700948e-09 -2.049247705e-08
-8.699522880e-09 -1.225081814e-08
-2.246787467e-08 -1.661975269e-08
-2.286033229e-08 -2.747144556e-08
-1.880376033e-08 -1.934986038e-08
-2.318256698e-08 -1.741992151e-08
-1.768706426e-08 7.953715020e-09
9.429450998e-09 1.934731131e-08
6.194888158e-09 1.202926292e-08
2.309105795e-08 -6.849254053e-09
-6.298405353e-09 9.596377915e-09
-9.411718516e-09 -4.632868311e-09
-1.013154094e-08 -1.241611169e-08
-4.509504770e-09 -1.025258101e-08
-2.852404712e-08 -1.922189163e-08
-1.401371996e-08 -1.006040851e-08
4.914300078e-09 6.547999920e-10
2.034811486e-10 7.631474119e-09
4.061231795e-09 -1.688812978e-09
-2.791644693e-09 -2.412195554e-09
-1.822518847e-08 -1.815198836e-08
-1.500444391e-08 -1.502562341e-08
-2.231828500e-09 -7.971030946e-09
-3.951253547e-09 8.480559366e-09
1.787783144e-09 1.527558702e-08
1.037883823e-08 1.877716649e-08
8.454799527e-09 1.926962057e-08
2.646235586e-08 1.902206170e-09
1.393919291e-08 1.797092608e-08
-2.497942653e-08 -2.445032798e-08
-2.170370372e-08 -1.503037161e-08
-9.213582786e-09 -1.805936378e-08
2.527117404e-09 3.858304787e-09
-1.348235479e-08 -1.214278900e-08
-7.198099894e-09 -1.122395688e-08
-1.134133765e-08 -8.027616794e-09
-1.337233968e-08 -9.552921121e-09
-2.760372375e-09 -7.492777065e-09
-1.686263751e-08 2.155604362e-09
-1.580072606e-08 -3.330676623e-09
6.369432981e-09 -4.564358225e-09
-1.014381645e-08 -2.911076269e-09
-8.566169996e-09 -1.730355237e-08
4.252437069e-09 -6.450088463e-09
-3.549745831e-09 6.201807956e-09
-3.134643212e-09 -3.977932650e-09
-3.507389934e-09 -1.511288517e-08
-1.920844817e-08 1.218370560e-08
-9.796069733e-09 -1.124508753e-08
1.120336002e-08 -9.510694454e-10
-1.651391912e-08 -9.410436874e-09
-1.513097914e-08 -2.633785456e-08
2.945964139e-09 -9.704848480e-09
-8.950859609e-09 9.075918683e-09
4.003998910e-09 -3.522220293e-09
5.690748317e-09 -7.853918405e-09
-8.237915239e-09 -1.638065905e-09
-1.176867936e-09 -1.869666377e-08
6.185431722e-09 1.331775312e-08
-2.626953233e-08 -3.965730411e-09
3.228410206e-09 -2.096372143e-08
1.531634930e-09 -1.790727566e-08
-1.672599304e-08 -1.862684451e-09
-4.443680091e-09 -1.056275778e-08
-1.210913858e-08 -1.220789958e-08
5.596106689e-09 1.273372252e-08
2.340305372e-08 1.224107748e-08
2.603383820e-08 2.868333837e-08
1.332172239e-08 1.170365227e-08
2.114185094e-08 -1.726166765e-08
-1.510475656e-08 -2.410047450e-08
-1.095236879e-08 -1.151186080e-08
-1.526437643e-08 -5.770247835e-09
-5.750488086e-09 -1.626174040e-08
-1.084897949e-08 -1.297606556e-08
-1.330543498e-08 -1.433812180e-08
1.811265693e-09 6.310515999e-10
-6.690066279e-09 5.290187843e-09
2.977620817e-09 -2.859721171e-08
-1.783865144e-08 -1.208085720e-08
-1.652121284e-08 -1.839429581e-10
-4.048743563e-09 2.601117099e-09
8.955263198e-09 -5.576341611e-09
-2.644118813e-23 -2.349721603e-23
-4.675953136e-23 -6.279007006e-24
1.596931362e-23 7.121655800e-25
-2.281839964e-23 3.718505714e-23
3.987706075e-23 -4.650508129e-29
-7.580312055e-30 8.074299995e-29
1.583662552e-29 -2.368544155e-29
4.762380585e-29 4.335606546e-29
6.865316130e-29 1.104401656e-28
-1.821649909e-23 -2.121709404e-23
-1.926777299e-23 -1.597450433e-23
-1.970402885e-23 -1.190644725e-23
-3.374854238e-23 -1.720826070e-23
-2.993601706e-24 -8.169386736e-24
-1.892628931e-23 -2.839729496e-23
-4.249024139e-24 -8.472919114e-24
-6.424582609e-24 -3.392147646e-23
-1.536001955e-23 1.889008099e-24
-9.533366685e-24 -2.336662484e-23
-2.302223341e-23 -2.066355192e-23
-3.245889364e-23 -1.565193910e-23
-2.983887515e-23 -2.372364435e-23
-1.704262199e-23 -1.650524521e-23
-7.503003981e-27 -1.951042345e-23
-1.620935138e-23 1.592572117e-23
-1.898570789e-23 -4.835354867e-24
1.305104261e-23 -2.921508300e-24
-2.734875051e-23 -2.356244851e-23
-1.713655955e-23 -1.436162930e-23
-9.429376674e-24 2.475110846e-24
-3.204374770e-23 -1.642765759e-23
5.761185692e-24 -1.147882863e-23
-8.767414300e-24 -2.333042085e-23
1.234429108e-23 1.199906188e-23
-1.702914825e-23 -1.672848812e-23
5.268826441e-24 3.980376769e-24
-2.235315788e-23 -1.092550976e-23
-1.020561580e-23 -2.215926849e-23
-7.570048875e-24 -1.042876957e-23
-2.028652690e-23 -7.940985472e-24
-1.264290491e-23 -2.394601951e-23
-1.475052944e-24 -1.092861471e-23
-2.030153261e-23 1.950900350e-24
-2.536296989e-23 -6.147191899e-24
7.943982650e-25 -7.415924387e-24
-5.756677352e-24 -2.075426146e-23
-2.672576812e-23 -6.932932465e-24
-2.746681459e-23 -5.162745061e-25
-2.655167599e-23 -9.938613209e-24
-4.296509227e-24 -7.679044208e-24
-1.161937998e-23 -2.795368061e-23
3.216062454e-24 4.050523464e-24
-1.376067506e-23 -1.342398607e-23
-4.831037037e-24 3.878046915e-24
-5.679835594e-24 -2.140543616e-23
-2.322872248e-23 -1.937788535e-23
-2.827719878e-23 -1.511633410e-23
-2.484785318e-23 -1.388415072e-23
-2.649651252e-23 -1.718184017e-23
-2.308234461e-23 -3.651410254e-23
-1.902076171e-23 -9.261645124e-24
-5.433664054e-24 -3.349871013e-23
6.498919733e-24 -6.740055973e-24
-1.321535760e-23 -1.771370912e-23
-2.225371407e-23 -1.117987164e-23
4.230275676e-24 -1.447696550e-23
-3.207270205e-23 2.247555438e-24
-7.449199329e-24 -2.281132040e-23
-1.826222462e-23 -5.776916761e-24
-2.926560047e-23 -1.666197452e-23
-2.169895395e-23 -1.994616182e-23
2.994729580e-24 -4.381961598e-25
-1.803370739e-23 -2.328438530e-24
-2.514324688e-23 -9.506520959e-24
3.624129866e-23 -6.902697793e-24
-1.639596747e-23 8.663242062e-24
-4.352719510e-24 -3.422185892e-23
-6.893670857e-24 -5.373328422e-24
-3.826573978e-23 1.216149150e-23
-8.570900371e-24 -2.172274126e-23
1.911113677e-23 -9.765758796e-25
-1.559609091e-23 -2.432480054e-23
-3.851993285e-23 -6.122323059e-24
-1.664024456e-23 -1.230555643e-23
-2.435343303e-23 -3.693520122e-24
2.780642236e-23 -1.211945705e-23
-5.435847621e-24 -1.263661927e-23
-1.373045695e-23 7.392200184e-24
-8.048282388e-24 -2.302001829e-23
-6.346113332e-25 3.316413055e-24
1.755357509e-24 -6.638009715e-24
-1.173401488e-23 -7.646251261e-24
6.177079866e-24 -8.101786879e-24
2.088621462e-24 1.072034833e-23
-1.199713075e-24 -6.500373603e-24
-1.430236376e-23 -1.460895612e-23
-6.685493620e-24 5.725765936e-25
-1.041051454e-23 -1.660004263e-23
-1.652217693e-24 -1.388355435e-23
-1.328400586e-23 -3.031164896e-23
-3.101850304e-23 -9.541014691e-24
-2.132092707e-23 -1.039539523e-23
-2.660505347e-23 -8.008719436e-24
1.035837083e-23 -4.852119029e-23
-2.502177492e-23 -1.276386095e-23
-5.019049570e-23 -1.138781932e-23
-4.081807715e-24 -3.965298955e-23
1.261303588e-24 -1.641303842e-23
-1.796307991e-08 -2.238239993e-08
-1.636361091e-08 -1.895664070e-08
6.218690451e-09 -2.395878607e-09
1.098822633e-08 3.134769244e-08
8.707786492e-09 -2.304374125e-29
-1.404765628e-29 3.192717588e-29
-5.075773322e-29 7.349037510e-29
1.071145661e-28 -3.148602658e-29
8.570196863e-29 -1.413095726e-29
6.812426234e-20 3.210813734e-19
-3.645042714e-19 4.840187901e-19
3.990922858e-19 -2.670238021e-19
1.654523947e-19 5.771139872e-19
1.631907537e-19 -1.218583634e-08
-1.599559241e-08 -1.658879434e-08
-1.327132892e-08 -7.357338294e-09
-1.204719169e-08 -9.510471521e-09
-1.020777418e-08 -2.198694915e-08
-1.661144111e-08 -1.153325346e-08
-1.152642426e-08 -9.669030909e-09
-1.201125599e-08 -4.712601420e-09
3.652476099e-10 -8.050241362e-09
-2.770402574e-09 1.029243979e-08
-7.310715588e-09 -9.818428737e-09
1.980041731e-08 1.025744645e-08
9.120493250e-10 -6.968952082e-09
4.487521743e-10 -2.823413947e-09
-2.057898385e-08 -8.517472949e-09
-1.743227251e-08 -1.367793789e-08
-6.925191531e-10 -7.111720990e-09
-3.865547438e-09 -3.188854292e-09
-4.184775637e-09 -1.316730724e-08
4.037386814e-10 -8.734390988e-09
-4.051917912e-09 1.999266352e-08
-1.435574415e-08 5.226695965e-09
1.969355168e-08 -4.903287554e-09
-5.995524077e-09 1.230765800e-08
5.199101150e-09 3.671975390e-09
2.077483430e-08 5.238192990e-09
-1.021230744e-08 1.347879408e-08
-4.052986002e-10 -8.522119899e-09
1.198539268e-09 -1.605926836e-09
5.424358740e-10 1.529710048e-08
9.407208346e-09 -8.667494278e-09
5.358160138e-09 2.138955013e-09
-2.931719401e-08 -1.680176709e-08
-9.545118473e-09 -9.033639614e-09
-1.098974911e-09 3.747057331e-09
8.687269570e-09 -6.301016930e-10
-8.930038931e-09 -1.636267299e-08
-4.179870672e-09 -1.654698245e-08
1.602999178e-09 3.475246757e-08
-8.726628309e-09 1.793660509e-08
2.035947944e-08 -1.488396850e-09
-2.914845609e-08 -2.491687567e-08
-1.384262394e-08 -2.114190600e-08
-2.329393034e-08 -5.521359814e-09
-1.130728311e-08 -2.030082058e-08
-3.643735313e-09 -1.760344759e-08
-1.503994262e-08 -1.546857220e-08
-1.117654591e-08 -1.452489684e-08
-7.870727181e-09 1.509505299e-09
-9.619207653e-09 -6.844500966e-09
-6.082314208e-09 -1.414627260e-08
-3.790944780e-10 9.127814948e-09
6.442309797e-09 -3.722790076e-09
-7.332614516e-09 -5.200850306e-10
-1.147255535e-08 -2.318893688e-10
-1.731601307e-09 -1.353284773e-08
9.910961829e-09 8.266652252e-09
-3.825652684e-09 -6.010898446e-09
1.847642005e-11 4.419831445e-10
1.589570253e-09 -1.337338862e-08
-2.746020744e-09 1.035100894e-08
4.692096489e-09 3.020052874e-09
-2.335868032e-08 -6.016116494e-09
-3.864956355e-09 -1.516941950e-08
-1.285403162e-08 -1.084178169e-08
6.554493392e-09 1.175281816e-10
-3.131945814e-09 -6.360840299e-09
-1.697818952e-08 -3.782619107e-09
-2.464290105e-09 -5.270640813e-09
-1.006750061e-08 -4.046444069e-09
2.209324279e-08 -6.810731090e-09
1.070097255e-08 3.785925173e-08
2.970413249e-09 -1.648988723e-09
-1.461083343e-08 -4.960851285e-09
3.990590969e-09 4.536565790e-09
-1.262956140e-08 -1.336003574e-08
1.037442465e-09 5.410667026e-09
-3.088197786e-08 3.826394479e-10
-4.364201445e-09 -4.759909134e-10
2.826838852e-08 2.937359245e-09
1.849056019e-08 1.085566126e-08
-1.135565242e-08 -2.416944334e-08
-2.207761263e-08 -3.619204936e-09
-1.444643161e-08 -1.617097034e-08
-1.398923644e-09 -1.242829217e-08
-1.286258033e-08 -8.744272861e-09
-1.973921115e-08 -2.337678318e-08
-2.036675895e-08 -1.518394477e-08
-3.689482275e-09 -9.350154428e-09
-3.828966921e-09 8.904941673e-09
1.868626261e-11 -2.343537631e-08
-3.463302090e-09 -5.334941822e-09
-1.026640550e-08 -3.750419086e-09
5.738984843e-09 -2.220942541e-09
-1.051445864e-08 -1.540236966e-10
2.689956917e-24 -2.306004825e-23
-8.879008141e-24 7.425117298e-23
1.705138151e-23 6.117694417e-24
4.944709843e-23 3.685115756e-23
1.991299337e-23 5.167696755e-29
-4.009177671e-29 -2.072546816e-30
7.835205422e-29 9.149048951e-30
-1.835282741e-29 6.430779390e-29
4.085913509e-31 3.026175504e-29
2.866070824e-23 7.614267684e-24
-1.394730851e-23 3.516037305e-23
1.949309376e-23 -1.554210916e-23
1.420620792e-23 3.855552941e-24
-1.856937392e-23 3.565508981e-23
5.143862590e-24 -5.357663617e-24
5.679101796e-23 4.261264736e-23
1.033530138e-23 1.645111042e-23
4.550839481e-23 -8.909100227e-25
1.946912501e-23 9.226426428e-24
1.467989681e-24 2.583279966e-23
1.899737199e-23 -7.305584045e-24
5.817451196e-24 -8.829776910e-24
-2.655107330e-23 2.527037655e-23
-8.112875897e-24 -1.979002889e-23
4.861739030e-23 -5.313703456e-25
-9.626055474e-24 5.281748377e-24
-5.471532533e-24 1.983710456e-24
5.342454458e-23 1.724055666e-23
-2.645158531e-23 5.930788183e-23
3.122082693e-23 -9.901997441e-24
2.106440686e-23 6.534856291e-24
-1.066684305e-23 4.909993021e-23
9.524943228e-24 -6.026973047e-24
5.320473006e-23 2.512896061e-23
8.986743861e-25 3.729035429e-23
2.728477074e-23 1.020280273e-23
1.590422629e-23 2.639558171e-24
-1.288954385e-23 2.690751221e-23
2.115774173e-23 7.429562214e-24
1.479454492e-24 1.450500003e-23
2.562309204e-23 2.138839835e-23
8.163807912e-24 -2.163198439e-23
3.723708094e-23 3.640399412e-24
-1.377271150e-23 -2.697110505e-24
-4.385806309e-24 -1.831077112e-24
3.100685630e-23 1.079607661e-23
-2.016349970e-24 6.015427909e-23
3.959533328e-23 1.210464855e-24
1.454493060e-23 1.150718897e-23
-2.451911275e-23 4.663869050e-23
1.334037313e-23 -2.140057560e-24
5.273860162e-23 1.653582619e-23
-4.155668959e-25 1.926136271e-23
2.205802924e-23 8.112790700e-24
1.673642721e-23 1.229040636e-23
1.600230773e-24 2.157037278e-23
1.449443245e-23 -9.863278570e-24
6.423512124e-24 -1.105875152e-23
-2.870130617e-23 2.468181374e-23
1.438415601e-23 -2.009495163e-24
3.935694898e-23 2.102976640e-23
9.384379259e-24 1.804545826e-23
-3.685444553e-24 -1.850795479e-23
2.199009096e-23 1.985721262e-24
-1.584440539e-23 4.352597474e-23
3.732089899e-24 -1.471791044e-23
-6.828701062e-24 -4.712530802e-24
-1.155456164e-23 3.202741512e-23
2.202789475e-23 -2.170060583e-23
3.927101994e-23 5.689046728e-24
-3.560385803e-23 -1.318640404e-23
-2.402453325e-23 -2.303642502e-23
3.373495504e-23 1.795748568e-24
-2.441373356e-23 5.016205253e-23
-8.929993800e-24 -2.651857223e-23
-1.443925479e-23 -2.122604288e-23
-1.389841806e-23 1.016863164e-23
1.287114130e-23 -9.918434147e-24
3.750695025e-23 -2.031484069e-24
-3.698046133e-23 7.356225760e-24
-2.146318551e-23 -3.525211757e-23
4.395409586e-23 2.438089604e-24
-4.283002745e-24 7.985211696e-23
3.629208553e-23 4.220642501e-24
5.787021754e-23 4.057578326e-23
1.109184187e-23 4.718600219e-23
1.629193210e-24 -2.058048172e-23
5.158049070e-23 1.092150076e-23
-1.390631614e-23 4.795952843e-24
1.206326727e-23 8.505869834e-24
3.714185280e-23 1.696228598e-23
-1.950013355e-23 6.222733613e-23
1.844403813e-23 -8.942658961e-24
1.443035328e-23 2.168553977e-24
-3.233725247e-24 1.481990226e-23
9.226738817e-24 -4.011336404e-24
3.031283856e-23 1.585822150e-23
-2.993023077e-24 1.557684941e-24
1.057693559e-24 -5.471787335e-24
2.764248129e-23 -7.103087001e-25
-7.595974789e-24 5.542769592e-23
2.146632676e-23 -1.437461395e-23
2.810892843e-23 2.694169828e-23
-3.087491537e-24 2.243831068e-23
1.292369364e-23 -1.618649492e-23
4.101335809e-23 -6.310705015e-24
-3.092661337e-23 6.213312248e-24
-2.739862545e-23 -2.791221492e-23
-3.508455306e-02 -1.952770166e-02
-1.091098133e-02 -5.491232127e-02
2.084586397e-02 -4.144064337e-02
-1.827203855e-02 -1.345686428e-02
-1.850109175e-02 -4.891580091e-29
-5.098105684e-29 -4.156329853e-30
-2.994793679e-29 7.760192858e-29
9.066876140e-29 -2.123566016e-29
5.006730539e-29 3.602974069e-30
-6.615839007e-21 1.374306466e-20
-4.238964597e-20 -1.310549662e-20
1.199861151e-19 4.672219507e-20
-3.433391170e-20 1.600869652e-19
1.106066107e-19 -4.850019235e-03
3.427034244e-02 2.305068821e-02
-9.918387979e-03 1.950222254e-02
-2.096506068e-03 1.145448722e-02
-1.796734333e-02 3.501501307e-02
-6.888484117e-03 4.307973012e-02
-3.595100949e-03 2.182258526e-03
-1.807333529e-02 3.464202862e-03
5.400775932e-03 -6.815534551e-03
1.520025358e-02 3.340841085e-02
-6.896074396e-03 -4.695606418e-03
1.486991439e-02 -7.057022303e-03
5.456945673e-02 1.549322437e-02
-2.155684307e-02 -2.301741857e-03
6.794841029e-03 -2.088708105e-03
2.032335661e-02 2.476256900e-02
-2.510292642e-02 -3.032756783e-02
1.229639165e-02 2.244990133e-02
-7.237898535e-05 -2.264191024e-02
7.655682508e-03 9.351557121e-03
-4.424349964e-02 8.755640127e-03
-4.048023000e-02 -1.333586685e-02
-3.677462926e-03 1.615308970e-02
-2.906664833e-02 -3.165741265e-02
3.378119692e-02 -2.350772917e-02
-5.691531301e-02 2.115920931e-02
6.538196653e-02 -1.980360225e-02
-3.432827443e-02 1.978442445e-02
-3.210302070e-02 1.603500359e-02
2.824785747e-02 -2.250841632e-02
1.900204085e-02 4.492399283e-03
7.932962850e-03 -5.782129709e-03
6.170534063e-03 2.784462646e-02
-3.008455737e-03 4.418367054e-03
1.533668023e-02 -8.606825024e-03
-5.842735991e-03 -6.253690459e-03
1.081419829e-02 -3.811632097e-02
8.713991381e-03 -1.152535621e-02
-4.295735434e-02 -2.188119479e-02
-3.048453294e-02 -1.152346190e-02
-9.987227619e-03 -5.264444277e-03
2.751488984e-02 2.010613307e-02
-2.478515916e-02 6.520431489e-04
3.083529882e-03 -2.026438527e-02
-3.738795640e-03 3.651155625e-03
1.597945392e-02 1.198918559e-02
5.044886842e-03 2.875526901e-03
1.754030026e-02 4.066792782e-03
-3.051677160e-02 -8.106157184e-03
2.406237833e-02 2.690724470e-02
3.494449705e-02 -1.056803949e-02
4.374491982e-03 -2.470488474e-02
2.657114714e-02 -2.751572523e-03
-1.032654475e-02 6.794698071e-03
-1.990708522e-02 8.597691543e-03
-1.349493582e-02 -3.590943664e-02
-1.416181028e-02 1.821466722e-02
4.273693264e-02 -9.545614012e-03
-6.947724149e-03 -2.058920823e-02
3.656529635e-02 -3.415748477e-02
1.322804112e-02 -4.286946729e-03
3.466102108e-02 1.478542387e-02
-4.194788635e-03 -3.773641540e-03
-3.029958531e-02 2.848009393e-02
-9.465733543e-03 -3.331016377e-02
1.652303152e-02 -1.563296095e-02
2.135096304e-02 1.793173258e-03
-2.506378852e-02 2.699024044e-03
-4.322747886e-02 -1.653027348e-02
4.887621850e-02 -2.665053681e-02
-1.356045017e-03 -6.261184067e-02
1.340610068e-02 1.634417567e-04
-3.585665254e-03 1.631725021e-02
-7.117846981e-03 1.112636551e-02
-1.268400624e-02 1.690472104e-02
5.985892378e-03 1.618075185e-03
-2.010783367e-02 -1.338265929e-02
-7.249657996e-03 -2.514340449e-03
-2.144035138e-02 -3.086039796e-02
-2.099105343e-02 -7.129253354e-03
-1.728302427e-02 -2.299423516e-02
-4.172490444e-03 3.143204004e-02
-9.422748350e-03 -1.246185601e-02
1.872192021e-03 1.385029871e-02
-7.533390075e-03 -2.171804896e-03
8.853142150e-03 -6.844821852e-03
-2.698008902e-02 -2.239559311e-03
-1.735358499e-02 -3.801526502e-02
-1.754828542e-02 -6.593236327e-02
-4.007012770e-02 -5.807262845e-03
-1.016638614e-02 1.600136422e-02
-2.050249837e-02 -2.063328400e-02
2.643451653e-02 -1.284946501e-02
5.498942919e-03 1.259852294e-02
-4.482536111e-03 -6.247096462e-04
6.778706331e-03 -7.572780363e-03
-3.057894995e-03 -1.361680217e-03
6.431227084e-03 1.010633726e-02
-1.515315659e-02 7.763242815e-03
1.030890085e-02 4.312520364e-29
-3.024701867e-29 -1.002963227e-29
6.110523571e-30 2.317723378e-29
7.830844996e-29 -3.990729669e-29
-2.388674185e-29 -5.561456743e-29
2.681518890e-20 4.394484569e-20
1.575263048e-20 5.030798102e-20
4.543801656e-20 2.874791256e-20
1.093884160e-20 5.306720028e-20
3.598615004e-20 -2.315956866e-03
3.532281844e-03 6.760402583e-03
-3.316303191e-04 2.898421139e-03
2.050056681e-02 -4.462381359e-03
-4.578637425e-03 1.447591279e-02
-4.542149603e-03 -2.076690085e-03
-3.486477537e-03 -1.909005456e-03
9.324472630e-04 -1.075944747e-03
-2.052924130e-03 -2.653596690e-03
-4.092017189e-03 -1.457419829e-03
6.506172474e-03 9.176024236e-03
5.551109207e-04 9.537708946e-03
7.196021732e-03 -1.016543340e-02
-4.744351376e-03 -1.877537812e-03
-1.332858391e-02 -9.031605907e-03
-8.561544120e-03 -3.393020248e-03
3.973623738e-03 -5.485230591e-03
-3.980178386e-03 1.950388250e-04
-6.253592670e-03 -1.107592368e-03
-2.370549599e-03 7.130443119e-03
1.293871901e-03 8.824897930e-03
1.255622692e-02 -6.013861857e-03
2.085247252e-04 1.276103314e-02
-4.986227956e-03 -4.086820874e-03
3.567597887e-04 -6.408507470e-03
-5.529728718e-03 -3.904861864e-03
-1.100720000e-02 -5.398233887e-03
-2.387830289e-03 5.348973908e-03
6.248738151e-03 4.645458888e-03
2.632436575e-03 5.771895405e-03
1.412922051e-03 -4.407836124e-03
-5.867823027e-03 -1.199058257e-03
-3.839213401e-03 -5.530990195e-03
-5.198058672e-03 2.057291567e-04
2.864521695e-03 4.936512094e-03
-5.709790858e-04 8.883075498e-05
1.263798913e-03 4.113797098e-03
-3.733163234e-03 8.946858346e-03
-1.995501079e-04 8.172433823e-03
1.401041914e-02 -1.146606449e-02
2.839163411e-03 1.497644093e-02
-4.771278240e-03 -2.657210454e-03
-3.678882727e-03 -2.280078596e-03
-9.156545857e-04 -1.084710937e-03
1.057765476e-04 -3.739603329e-03
-7.067382801e-03 -6.769239902e-03
-4.437006079e-03 -2.883942332e-03
2.583191032e-03 4.565727431e-03
1.980052097e-03 2.047395799e-03
3.127669916e-03 1.611651503e-03
6.577314809e-03 4.202301148e-03
-6.902669556e-03 4.171222914e-03
1.019562036e-02 4.660630599e-03
-2.995235147e-03 -1.469346025e-04
4.103945568e-03 5.446995609e-03
9.508681484e-03 3.149683587e-03
3.579007694e-03 7.093693130e-03
2.599235857e-03 -1.031066524e-03
-3.071567509e-03 -6.725933868e-03
9.763695300e-03 9.875969030e-03
-2.652156167e-03 -8.297156310e-04
1.134177763e-02 1.492716488e-03
-9.177123196e-03 -5.666254088e-03
1.229469432e-03 5.192420445e-03
1.203050185e-02 2.649722854e-03
8.048356511e-03 1.460150257e-02
8.426025510e-03 2.715678886e-03
1.465073437e-03 -1.619164366e-03
-5.802948028e-03 -1.753507555e-02
-6.395686418e-03 -4.720750265e-03
2.383810235e-03 1.174465008e-02
-5.576980766e-03 1.038696710e-02
5.370413885e-03 4.427264503e-04
3.322512144e-03 -7.527175359e-03
-3.044108860e-03 2.257375047e-03
-1.549478155e-03 -9.452079423e-03
-6.952537689e-03 -2.735144459e-03
5.037569441e-03 -3.144940361e-03
7.275459357e-03 1.394635881e-03
6.358370651e-03 4.955482204e-03
-7.753127255e-03 -4.105000757e-03
2.982279751e-03 5.980872083e-04
8.141689468e-04 -5.595121998e-03
1.227963599e-03 4.324751906e-03
3.612465225e-03 1.039469964e-03
-2.285167808e-03 2.148888540e-03
-3.114697989e-03 -1.002309378e-02
-3.727019997e-03 2.281151479e-03
8.124100976e-03 1.926952391e-03
-4.574836232e-03 6.498682778e-03
1.879481017e-03 1.396548003e-03
5.849116016e-03 5.964466371e-03
7.906599902e-03 1.539252885e-02
4.282738548e-03 4.896137398e-03
7.048959378e-03 3.901122182e-05
-3.168385942e-03 2.737895818e-03
-8.348952979e-03 -3.001275240e-03
4.670116119e-03 -6.290536374e-03
-1.592144952e-03 7.839912549e-03
2.312741475e-03 1.268440689e-30
7.577104328e-29 4.712704833e-29
-3.445953602e-29 1.662254968e-28
6.063624920e-29 2.424600603e-29
1.412114224e-28 5.642047977e-31
5.494891016e-20 9.354672789e-20
-4.299183863e-19 3.214954290e-19
1.530308044e-19 -2.282110692e-20
2.099683214e-19 1.555678320e-19
3.414313865e-19 -5.744719412e-03
4.375820979e-03 -3.558612429e-03
-4.259755835e-03 6.445241626e-03
2.619582461e-03 1.781605068e-03
6.566669792e-03 1.475690282e-03
-2.104922896e-03 -5.890974353e-05
-2.333263867e-03 8.340680506e-04
2.039202023e-03 -1.389987185e-03
1.538838609e-03 -1.065303804e-03
-4.030182958e-03 7.800306194e-04
2.927826950e-03 1.213821932e-03
6.371286232e-03 6.502657197e-03
2.027216367e-03 -3.042797791e-03
-5.340695498e-04 -1.595192938e-03
5.438327789e-04 -1.213742435e-04
-8.980174549e-03 1.599428942e-04
4.541915841e-03 -2.927539870e-03
-3.611147404e-03 -1.656302193e-04
-4.137051757e-03 -2.245414071e-03
4.849508870e-03 -1.633818261e-03
1.732017961e-03 8.054561913e-03
2.105218824e-03 3.863241291e-03
9.567612782e-03 3.716215724e-03
-3.548420966e-03 -2.039225539e-03
-4.019350279e-03 -1.553381328e-03
-3.993463906e-05 -2.517079469e-03
-6.881643552e-03 -2.211777726e-03
-2.739405492e-03 2.451696666e-03
3.758184379e-03 -1.984969131e-04
3.851499408e-03 5.682317074e-03
1.268368331e-03 -1.535192947e-03
2.911169722e-04 -9.699950460e-04
-9.751868783e-04 1.778147634e-05
-3.154622624e-03 1.122046611e-03
5.567705724e-03 1.425916795e-03
1.787845744e-03 2.040923806e-03
-2.356888959e-03 1.730440708e-04
7.479561027e-03 -1.166839269e-03
4.045708105e-03 8.522615768e-03
-2.577930689e-03 2.837909851e-03
8.797278628e-03 2.742754761e-03
-1.858772361e-03 -1.108871074e-04
-1.686181873e-03 -1.538086100e-03
7.220038096e-04 -8.035865030e-04
1.846718369e-03 -1.682298491e-03
-5.657346454e-03 1.263691462e-03
1.929846476e-03 -2.768005244e-03
4.514047876e-03 6.532867439e-03
1.492531621e-03 2.508075675e-03
1.731004799e-03 -2.782694763e-03
1.480643405e-03 3.583224723e-03
-4.952298943e-03 3.922748845e-03
5.683852825e-03 1.926542260e-03
-4.649216309e-03 2.508145117e-04
1.172516262e-03 2.622881671e-03
5.441837944e-03 -3.288342617e-03
5.016626790e-03 5.626408383e-03
4.873997532e-04 -1.538176788e-03
-5.295003764e-03 -7.788947783e-03
4.200690426e-03 4.980358761e-03
-5.076682661e-03 4.741322715e-03
5.611024797e-03 1.745287445e-03
-7.868229412e-03 -4.962747917e-03
-1.662597060e-03 2.633854281e-03
5.077667534e-03 -2.488994505e-04
5.471646320e-03 6.951847114e-03
3.014415503e-03 3.250280570e-04
-1.579259057e-03 -2.782371361e-03
-1.772051328e-03 1.381954527e-03
-5.012393929e-03 -2.589617856e-03
8.383799344e-03 -7.968658610e-05
-6.441056728e-03 1.606930280e-03
6.739407545e-04 1.898913411e-03
3.302177647e-03 -4.766240716e-03
-9.583290666e-04 2.988292603e-03
1.391378231e-03 -5.802307278e-03
-3.746341215e-03 -2.511210972e-03
-6.106714252e-03 5.877304822e-03
-2.450038912e-03 1.308227074e-03
8.216478862e-03 -3.714361228e-03
1.188824768e-03 6.943366956e-03
3.922180331e-04 -8.720684564e-04
1.915344619e-03 -2.593718236e-03
-1.768326852e-03 2.192478394e-03
4.848458921e-04 -1.701939618e-03
2.890706237e-04 -8.084000438e-04
-1.028958010e-03 2.000316512e-03
-5.960682407e-03 1.486626425e-04
6.357749458e-03 -3.097902751e-03
-8.223775076e-04 5.485387519e-03
-1.004501246e-03 3.691554768e-03
3.439181251e-03 -2.629830735e-03
5.109779071e-03 7.032751571e-03
-1.226596360e-04 3.314678790e-03
3.509938717e-03 -1.474410383e-04
5.293969880e-04 4.865572322e-03
-5.203768145e-03 1.557943760e-03
4.723123740e-03 -9.054023772e-03
6.090702023e-03 4.045677371e-03
-1.322512748e-03 -5.649461510e-29
4.346085110e-29 5.208181608e-29
1.127014632e-29 8.697210138e-29
6.967685325e-29 2.420314845e-30
1.137246706e-28 3.825482774e-29
2.288055245e-19 2.885086035e-19
-3.474916606e-20 3.643079711e-19
2.851912215e-19 6.168163689e-20
1.332053531e-19 7.578173177e-20
9.487816556e-20 -5.486200564e-03
1.315262914e-02 -1.601325581e-03
2.144563769e-05 1.696178131e-02
1.868888037e-03 5.711330101e-03
1.595449634e-02 -1.011076965e-03
-1.642493648e-03 4.969771253e-04
-1.753303688e-03 -9.239633800e-04
1.869485364e-03 -2.693573013e-03
1.973311184e-03 -4.352925811e-03
-4.846738186e-03 8.405419998e-03
6.941907108e-03 9.699066286e-04
9.459475055e-03 2.826141426e-03
-5.007200525e-05 -3.906074911e-03
-6.722226273e-03 -5.245851353e-03
4.734589253e-03 -4.041160922e-03
-3.173569450e-03 2.382994397e-03
-1.264085760e-03 -8.319769986e-03
-7.982010953e-03 -7.979021408e-03
-7.434089202e-03 1.706347335e-03
7.228200790e-03 -3.355498658e-03
1.279927045e-02 5.534808151e-03
-2.133864211e-03 1.484452747e-03
4.980448633e-03 2.092899056e-03
-8.541070856e-03 -7.085804362e-03
-7.714034058e-03 -1.399795990e-02
-9.636202827e-03 -8.136822842e-03
-1.032724418e-02 -7.802376989e-03
-7.122383453e-03 5.971544888e-03
4.831566475e-03 2.599030733e-03
6.511089858e-03 1.301496988e-03
-7.471544668e-04 -2.371510724e-03
-3.937242087e-03 -2.298466861e-03
-2.324535017e-04 1.945138909e-03
7.336601266e-04 1.641688170e-03
7.000058424e-03 -2.717721276e-03
1.415164792e-03 2.628058428e-03
-6.152185146e-03 1.402639598e-02
9.291674942e-03 -2.459914889e-03
1.799001172e-02 7.215205580e-03
-1.356487395e-03 6.289892830e-03
1.761388499e-03 7.071638014e-03
-9.651041473e-04 7.665749290e-04
7.518586703e-03 -2.427386586e-03
7.033318980e-04 -2.080916893e-04
3.672346706e-03 -3.703091061e-03
-6.204331294e-03 3.801725106e-03
2.878946951e-03 4.258329980e-03
9.245577268e-03 5.927176215e-03
-5.501565174e-04 4.981655162e-03
-6.097412552e-04 -3.667342011e-03
6.264864933e-03 2.845477778e-03
-5.040006363e-04 8.429505862e-03
7.654736284e-03 3.128746757e-03
2.054005396e-03 -7.283246377e-04
3.814428346e-03 1.242085919e-02
6.486281753e-03 -3.506884212e-03
7.245683577e-03 2.393702976e-03
-2.254561987e-03 -5.595190451e-03
-1.072612219e-02 -1.214745827e-02
1.188982185e-02 6.641299464e-03
4.138165154e-03 1.363627985e-02
2.963370353e-04 3.757750615e-03
-2.887787530e-03 -1.158954576e-02
2.790449187e-03 1.374824438e-02
1.019228250e-02 5.217317492e-03
9.988358244e-03 4.112707917e-03
6.293294951e-03 -1.553970273e-03
-4.962125327e-03 -1.784905209e-03
3.852371810e-05 3.027389525e-03
-2.236537635e-03 3.877130803e-03
8.590118960e-03 -8.951007389e-03
-3.485843074e-03 -1.449632575e-03
-3.756256541e-03 3.504840424e-03
2.723506186e-03 -4.558744375e-03
5.845409760e-05 -1.742562599e-04
-7.934785681e-04 -5.864865147e-03
-6.908071693e-03 -3.860289464e-03
6.061725071e-05 5.534720141e-03
-4.053565208e-03 5.462831818e-03
3.093488049e-03 -1.430162112e-03
5.399016198e-03 -2.822953276e-03
5.070875399e-03 -1.114616171e-03
8.332426660e-04 5.308556370e-03
-1.553206472e-03 3.446648363e-03
2.904881956e-03 3.018466668e-05
-6.146060769e-04 -6.269813166e-04
4.488416016e-03 -2.280417131e-03
-3.782309941e-04 6.743197795e-03
2.183782402e-03 -8.961509913e-03
-1.041052397e-03 -2.056751866e-03
-8.360855281e-03 1.310058963e-02
8.023663424e-03 4.848680925e-03
1.431501564e-02 4.554324318e-03
-5.292278365e-05 8.169107139e-03
2.247818047e-03 2.449248685e-03
-2.226592600e-02 5.971477833e-03
-2.054203302e-02 2.263918333e-02
1.519377809e-02 2.364851534e-03
1.676400378e-02 -1.061992720e-02
-9.222410881e-05 1.077224076e-29
-4.427569626e-30 9.749336036e-29
1.080783375e-28 5.546139581e-29
1.094906942e-28 5.419427234e-29
-3.834545703e-30 5.820142236e-29
-6.678785513e-20 4.284637375e-19
5.572253729e-20 -1.435456044e-18
-8.553755807e-19 7.103989435e-19
-4.209218665e-19 3.238918126e-18
2.036014088e-18 -1.606771909e-02
-1.912621155e-05 5.617391784e-03
2.164238691e-02 -1.806543209e-02
-6.792022381e-03 2.956443653e-02
-4.110617563e-02 6.398465484e-02
-3.304488724e-03 -2.097879536e-03
-1.340575609e-02 4.420324229e-03
-4.706002399e-02 2.822026424e-02
-1.994100632e-03 1.224322524e-02
4.442197829e-02 3.329289705e-02
3.260972211e-03 8.817897178e-03
7.703306153e-03 4.891264066e-02
5.033491924e-02 -5.112919956e-03
1.273950911e-03 -1.049877331e-02
-1.419706643e-02 2.435556985e-02
1.008114684e-02 -4.553921986e-03
-2.305275388e-02 -1.950524561e-02
-1.568690129e-02 4.689173028e-02
2.096421830e-02 -1.640278287e-02
3.631469980e-02 3.737611696e-04
2.855454199e-02 -3.260210389e-03
-1.846431568e-02 -1.411718503e-02
-7.805679459e-03 -8.929639123e-03
3.960997332e-03 1.416715607e-02
3.384347633e-02 -4.492708482e-03
1.252532657e-02 8.617633954e-03
2.415356040e-02 -3.667067364e-02
-7.623210549e-02 1.876897179e-02
-2.533776686e-03 1.069883257e-02
-8.064027876e-03 3.961200267e-02
9.837882593e-03 7.064897567e-03
4.663060233e-02 -1.185306162e-02
-1.843612641e-02 2.831255319e-03
-6.285463460e-04 1.044389233e-02
-1.736584306e-02 6.129768677e-03
-8.748542517e-03 -2.320153173e-03
7.043802738e-02 -1.686160266e-02
2.700272761e-02 -1.460011350e-03
2.574433386e-02 -9.269827977e-03
1.243834477e-02 1.299054921e-02
-6.905029062e-03 -4.693784751e-03
-5.081588402e-02 -2.042017877e-02
-3.969354555e-02 -4.114653543e-02
-1.388691552e-02 1.665630005e-02
-2.648309246e-02 3.248705715e-02
8.342096210e-02 -1.489824709e-02
2.061804011e-02 9.204663336e-03
1.125261188e-02 -1.455333456e-02
-7.073874585e-03 -1.770874485e-02
3.655629605e-02 5.271695554e-02
-2.665024251e-02 -6.649625022e-03
-4.705394618e-03 -2.297534794e-02
4.969765246e-02 -1.720593497e-02
-7.606536616e-03 -2.458659932e-02
3.696343675e-02 5.864507519e-03
-2.956975624e-02 -1.879236847e-02
-1.167313475e-02 4.332819209e-02
5.684456602e-02 9.742275812e-03
-8.363666013e-03 4.306515213e-03
-1.559610828e-03 -1.045105327e-02
5.695294123e-03 -3.074205481e-02
6.707491726e-02 -3.059584880e-03
9.624393657e-03 6.267680787e-03
2.919531055e-02 1.003240794e-02
-4.530193750e-03 -1.167408656e-02
-2.032011934e-02 3.912420571e-02
5.694828928e-02 -1.647422649e-02
4.159482569e-02 3.672673181e-02
-3.086985275e-02 3.164335713e-02
1.954364032e-02 2.682903223e-02
-1.742571406e-02 -2.718783170e-02
8.853855543e-03 -1.495711040e-02
-6.424546242e-03 -2.584867924e-02
-5.104941316e-03 1.735004596e-02
-1.808815449e-02 3.394182399e-02
2.532259794e-03 1.102941018e-02
-9.774493054e-03 3.556638956e-02
-9.861529805e-03 3.253645822e-02
-1.084065903e-02 2.434030175e-02
9.404728189e-03 1.017287746e-02
3.486674977e-03 1.542397868e-02
-2.924702317e-02 -2.121596783e-02
-9.451741353e-03 -5.321725039e-04
-2.183380909e-02 3.454603627e-02
-6.393543910e-03 -3.537441138e-03
2.422068268e-02 5.176272243e-02
-2.377805114e-02 2.971766517e-02
-1.503112912e-02 1.038958970e-02
-2.206828073e-02 -8.171791211e-03
-2.079775929e-02 1.156036556e-02
2.166928723e-02 -1.993234456e-02
-1.170946006e-02 -1.143516507e-02
-1.817508414e-02 2.921463735e-02
1.059374493e-02 -1.500904188e-02
6.412597001e-02 2.504111454e-02
-1.540399539e-23 1.166729618e-24
-2.791773695e-23 1.171830550e-23
1.774049726e-23 -4.063653501e-23
1.085830275e-23 1.006752018e-23
-3.165133988e-23 4.334574669e-29
4.026921504e-29 1.053877773e-28
1.870734297e-29 1.056537242e-28
7.133592153e-29 -6.606743183e-29
6.661363760e-29 2.618364051e-29
-5.782190297e-24 -6.901258121e-24
-3.100017070e-24 4.363963145e-24
-1.062658255e-24 -1.196991978e-23
-3.388707818e-24 -9.808694129e-24
-3.719395549e-24 -1.897918243e-23
-5.086091545e-24 -1.038456732e-23
-9.739108708e-24 4.361897907e-24
-9.122256557e-24 -1.170012383e-23
5.928719632e-24 -1.438889549e-23
-9.304029831e-24 -5.029904138e-24
-6.326453834e-24 -4.274125298e-24
-1.740081020e-24 -3.343454813e-24
-7.651428555e-24 -8.844410280e-24
-1.130163627e-23 2.046416102e-23
-7.448569029e-24 1.931215559e-25
2.049752668e-23 -7.636738387e-24
-3.602745109e-24 2.958706247e-24
-1.468084186e-23 -9.284496846e-24
1.146762365e-23 6.349946901e-24
-8.094945877e-24 8.530487816e-24
7.381940259e-24 -2.320569248e-23
-1.017910850e-23 -1.084271880e-23
-5.038249103e-24 -1.428806013e-23
1.390865274e-23 -1.326581788e-23
-3.983194185e-24 1.074644780e-23
-1.315570158e-23 3.046620062e-24
-7.189764572e-25 -1.909394434e-24
1.047886835e-24 -7.561779246e-24
-9.151873551e-24 8.732588458e-24
1.599647312e-24 -7.496873348e-24
-2.393355471e-24 -5.189557753e-24
-9.540773300e-24 9.032468409e-24
-2.533358363e-24 -4.126904526e-24
6.693644131e-24 -5.163414113e-24
-4.065476717e-24 1.393347761e-24
-1.454364475e-23 -5.885908545e-24
-9.449177082e-24 -2.072528700e-24
-7.333863920e-24 -4.710781109e-24
9.760040541e-25 -7.612846946e-24
-4.716613157e-24 -1.164191359e-24
-1.109773860e-23 -4.354029513e-25
1.633881292e-23 -1.070940131e-23
5.209308463e-24 9.945811368e-25
-2.568495766e-23 1.607144113e-23
3.114150204e-25 -1.449585083e-23
-8.059152102e-24 -8.494235713e-24
-6.610035130e-24 -6.747499665e-24
-8.752255549e-24 -4.157039605e-25
-5.952406758e-24 -1.679840959e-23
-1.439949935e-23 5.034013315e-24
-7.259841157e-24 6.088529835e-24
1.245583601e-23 -3.371618725e-24
-8.702187336e-24 1.364560994e-25
-1.134032516e-23 -7.850273568e-24
3.338799350e-24 -6.975214620e-24
-1.506534371e-23 7.173519954e-25
4.565576369e-25 -4.709356623e-25
-9.285396937e-24 -1.239833594e-23
-1.141788755e-23 2.521385082e-25
-3.036849625e-24 -1.893649086e-23
3.666699246e-24 -6.419529954e-24
-1.121198065e-23 8.095875846e-25
-2.681778086e-23 -3.137006995e-23
1.116020061e-23 -1.856497050e-23
-2.855148256e-23 5.779005665e-24
-1.623837357e-23 -1.044801698e-23
-1.139410260e-23 -3.766060458e-23
-1.804545826e-23 1.489701973e-23
-1.671583321e-23 -1.937889825e-23
9.092057384e-24 -1.740478961e-23
-1.040594624e-23 3.597176934e-24
-2.143286012e-23 -1.403121491e-23
-2.420627971e-24 3.648392151e-24
-2.001475327e-23 1.087565296e-23
2.032093543e-23 -3.183726809e-23
3.882592332e-24 1.302175536e-23
-1.871000100e-23 1.188305910e-23
4.527120485e-24 -2.015185414e-23
5.329634600e-24 7.076722875e-24
3.925108336e-25 -8.125170294e-24
-8.556550991e-24 -1.523887280e-24
-1.557854546e-24 1.925594481e-23
-1.213536048e-23 -3.782065815e-24
6.579854914e-26 -3.168317200e-23
2.059350108e-23 6.743433087e-24
-1.716708216e-23 -6.861089324e-24
-1.011655499e-23 -1.130669523e-23
-5.505632624e-24 -2.990809928e-24
3.317073578e-25 -8.051728132e-24
-7.064437155e-24 -6.226937453e-24
-1.861361009e-23 -7.719606647e-24
-1.582394076e-23 2.704571748e-24
4.400817938e-24 -1.897533279e-23
3.286921293e-24 5.685782521e-25
-7.841107004e-24 1.419624776e-23
-8.001754583e-24 -1.631725966e-23
1.042795309e-23 -1.133838299e-23
-9.021501665e-24 -6.415910759e-25
-2.047856089e-23 -3.146370143e-24
3.779817577e-19 2.955183647e-19
1.838066019e-19 5.775653176e-19
3.769502893e-19 4.167357640e-19
3.580529605e-19 2.460775985e-19
2.053950724e-19 2.066597611e-29
5.117666060e-30 -6.042177283e-29
-4.139062085e-29 -3.402490178e-29
1.745976166e-29 -1.378880227e-29
1.236081549e-29 6.556658472e-30
3.676805706e-21 -1.290262330e-20
-1.424347338e-20 -3.136441893e-21
-1.620261027e-20 -4.294985485e-21
-1.179024794e-20 5.742612545e-21
2.086801233e-20 1.362015046e-19
2.546938995e-19 -3.335950586e-20
1.998606654e-19 1.661761907e-19
-9.302504188e-20 -1.314719702e-19
2.718305744e-19 1.060951935e-19
1.930242503e-19 1.078404412e-19
7.812757075e-20 1.920524165e-19
2.822083372e-20 1.824651379e-20
5.836394955e-21 1.041677593e-19
1.000402702e-19 -7.440800449e-20
-9.887843039e-20 -1.850344223e-20
1.381116327e-19 1.774859081e-19
8.120258882e-20 -1.490973150e-19
-6.757613886e-20 -7.262030563e-20
2.292879518e-19 1.964677773e-19
7.429549500e-20 1.675789242e-20
2.600455352e-20 1.396282037e-19
2.215563721e-19 9.198615473e-20
1.414398068e-19 2.024218234e-19
2.786611993e-19 4.964160464e-21
1.295171357e-19 1.389826539e-19
1.282710398e-19 2.358706324e-20
1.271884801e-19 1.957765387e-19
-2.642705572e-19 -4.590145096e-20
-7.620664411e-20 -9.394641122e-20
2.115227488e-19 1.260443342e-19
-2.526551061e-19 -5.943827057e-21
4.383062045e-20 -8.321049221e-20
2.964228221e-20 1.405517670e-20
-4.091225939e-20 4.543830413e-20
1.149801214e-19 8.224018674e-21
-7.960722884e-20 -9.171668126e-20
2.000496116e-19 1.285721077e-19
9.428404308e-20 2.500824193e-19
9.030048989e-20 2.963659534e-20
1.660068125e-20 2.761802778e-19
1.799102452e-19 5.735985084e-20
1.650592254e-19 9.799407092e-20
1.560451927e-19 2.761722128e-19
3.148798453e-19 3.961392834e-20
2.002761557e-19 2.361199208e-19
2.599411973e-19 5.611845953e-20
2.074386092e-20 2.134030079e-19
-5.955964074e-20 -3.846815394e-20
1.437223471e-19 1.212943917e-19
5.674937216e-20 2.619997655e-19
1.456756178e-19 4.399161371e-20
1.823363142e-19 1.697632465e-20
-4.811196190e-20 4.877450772e-20
6.563846182e-20 1.519338854e-20
1.267408203e-19 2.037269076e-19
1.656244741e-19 1.226466252e-19
1.061939770e-19 6.746876654e-22
9.876109999e-20 8.658609351e-20
-1.953323847e-20 7.289074199e-20
-4.627301984e-20 2.680263579e-20
3.094869120e-19 2.752170002e-19
1.668353114e-19 -1.250392225e-20
1.464938933e-19 -4.144287314e-20
9.023800544e-20 2.456990600e-19
2.027776920e-19 3.832345097e-19
4.279483523e-19 6.274844139e-20
2.935334673e-19 8.658478811e-20
-2.240865625e-19 1.278256159e-19
1.879568255e-20 4.051707709e-20
2.265228938e-19 9.015862195e-20
1.307176203e-19 1.123174916e-19
7.112813642e-20 -7.343657779e-20
2.518246943e-19 2.812580553e-19
6.851290798e-20 2.320211116e-19
1.353014158e-19 2.876787087e-19
2.453803370e-19 1.822244768e-19
2.853250439e-19 7.813213963e-20
1.249578324e-19 7.151749292e-20
-5.702333131e-21 1.369791837e-19
5.320651559e-20 -2.505116162e-20
-1.101535278e-21 -2.941988371e-20
1.243414536e-19 1.628168551e-19
1.776098947e-19 3.224289282e-19
2.866484553e-19 4.402395841e-19
4.139165256e-20 9.266330546e-20
7.945518271e-20 1.574525759e-19
1.885401559e-19 7.358493393e-20
1.901765776e-19 6.492530288e-20
-8.768808549e-20 1.213090483e-19
4.608776370e-20 -1.094182494e-19
3.510924166e-19 1.802951297e-19
1.679372065e-19 3.227093424e-19
7.449565332e-20 2.579703619e-19
3.419902504e-19 2.530366173e-19
2.300319490e-19 7.756386655e-20
4.377134052e-21 1.115318898e-19
1.037279124e-19 1.583309117e-21
1.461990680e-19 9.130000195e-20
9.384882330e-20 5.087978254e-20
3.116141123e-09 1.831651386e-09
-4.581304225e-09 4.935144737e-09
4.061591508e-09 -5.120220692e-09
4.468479364e-09 3.956281969e-09
-5.691397575e-09 -4.693691090e-29
4.923498467e-29 9.349837981e-29
-5.063810890e-29 9.196439466e-29
-2.683501409e-29 1.669007429e-29
2.330188056e-29 3.929937089e-29
8.531613862e-20 8.753840458e-20
-3.805987245e-20 1.637238199e-19
1.176559344e-19 -1.450148750e-20
4.247153039e-20 7.359594577e-20
4.832537449e-20 -2.791005205e-09
-2.849335212e-10 5.678372217e-10
-5.710513729e-10 6.592387525e-09
7.093645671e-09 -3.207188737e-09
6.148438425e-10 -3.160369744e-10
-1.694338669e-09 -4.435602996e-10
-1.390991544e-09 -7.543404235e-10
1.577781655e-10 -2.090567719e-09
-2.084392881e-09 -1.794161708e-09
-3.199079002e-09 4.883942584e-09
2.328909954e-09 1.606016542e-09
4.262640019e-09 4.256857977e-09
3.104450697e-09 -6.202990122e-09
-5.646953571e-09 -2.186840264e-09
-2.199639138e-09 -3.052045505e-09
-4.314240520e-09 -1.489600554e-09
1.946170114e-09 -2.458747206e-09
-6.286453580e-09 -3.479387445e-09
-4.595260172e-09 1.641355829e-09
1.983227138e-09 7.511780087e-11
2.874892990e-09 5.374444889e-09
2.028514023e-09 1.182828835e-10
3.873763088e-09 8.297177945e-10
-4.899368911e-09 -2.872263760e-09
-1.777622494e-09 -3.955372918e-09
-1.709527186e-09 -2.622396966e-09
-6.122373275e-09 -5.101231881e-09
-4.494201011e-09 4.129192099e-09
1.630230173e-09 2.090819462e-10
4.046013302e-09 3.119079883e-09
1.265160532e-09 -1.353429702e-09
-3.236030111e-09 -2.650307973e-09
-2.648629982e-09 -1.323862575e-09
-2.142025002e-09 -1.896472535e-09
2.327305015e-09 1.190208154e-09
-2.273297550e-09 -2.852462710e-10
-1.783803549e-09 4.119010910e-09
6.308971123e-09 1.274196304e-09
2.788877795e-09 6.016242615e-09
2.860320647e-09 1.344720890e-09
3.435500107e-09 6.653122497e-10
-1.668449157e-09 -1.537250660e-09
-3.610253207e-09 -1.990857701e-09
2.265671678e-10 -1.905377855e-09
-2.894111395e-09 -3.115778302e-09
-4.198323467e-09 4.469225823e-10
-9.360501263e-10 -1.053920617e-09
7.995709650e-10 2.085738249e-09
7.926290180e-10 -2.416539635e-09
-4.371620288e-10 -1.133440342e-09
-9.061569550e-11 -6.112160778e-10
-4.330382275e-09 7.098615584e-10
1.064022870e-09 -4.305926171e-10
-4.539906673e-09 -3.607624421e-09
-3.705954210e-09 1.614238077e-09
3.850702868e-09 -1.928978782e-10
-1.190962107e-09 1.577552200e-09
-1.519390169e-09 -3.587496078e-09
-3.434150520e-09 -2.212596550e-09
4.262622255e-09 2.278456313e-09
-4.163676959e-09 4.835849499e-09
2.607692728e-09 -1.060749932e-09
-5.273844472e-09 -6.360302951e-09
-4.792188868e-09 4.406498277e-09
2.079208583e-09 -1.323263166e-09
5.421566751e-09 5.933824987e-09
2.192733328e-09 4.678615828e-10
-1.905088975e-09 -1.467266725e-10
-1.408541506e-09 -2.124438847e-09
-4.432735068e-09 -2.123609733e-09
2.730297544e-09 -2.556827861e-09
-5.184376040e-09 6.227637295e-10
-1.201277966e-09 -1.793776239e-09
-1.286444617e-09 -4.864130876e-09
-1.803397320e-09 4.233134676e-10
-6.426796872e-10 -6.687124632e-09
-5.311684870e-09 -2.260562182e-09
4.560980482e-09 8.094816373e-09
1.710864228e-09 5.640990342e-09
7.696372428e-09 -5.114670909e-10
1.620751311e-09 2.719618530e-09
-3.242162760e-09 -4.672436327e-10
2.498014851e-10 -2.515941233e-09
1.163866559e-09 2.008337108e-10
-1.656579207e-09 -2.256165699e-09
-3.657376402e-09 -5.036413508e-09
1.061134722e-10 -1.213120576e-10
-5.165203820e-09 5.212444365e-10
3.605274079e-09 -2.552183131e-09
-3.132518911e-09 1.587470266e-09
-3.424347472e-09 -1.267772692e-10
-1.298722685e-09 -2.327774196e-09
3.363602952e-09 2.858641768e-09
-3.176245933e-10 1.375643766e-10
-1.209690792e-09 -8.102755134e-10
-1.200221533e-17 -4.236356704e-18
-1.132968109e-17 -1.668912366e-18
1.483942828e-17 -5.611130882e-18
1.671023124e-18 2.483847355e-17
-4.110521026e-18 -5.673128781e-29
9.292481380e-29 -1.103195994e-30
-7.366911494e-30 8.752448818e-29
5.475616842e-29 6.064655895e-29
2.427484533e-29 1.477680433e-29
-9.648740667e-20 -6.552990082e-20
-5.226028882e-19 3.114340176e-19
3.401558740e-19 -1.439509785e-20
-2.112070890e-19 1.345135263e-19
5.812596226e-20 -2.303609663e-17
1.057238152e-17 3.014019711e-18
-2.279786200e-17 1.354811167e-17
4.526932018e-18 -1.768448953e-17
1.185859775e-17 -1.399919311e-17
-8.383286084e-18 -2.773275825e-18
-1.171052745e-17 -3.924937265e-18
4.009748920e-18 8.152180299e-19
-4.438332702e-18 2.036170994e-19
-5.196781637e-18 1.314891265e-17
-4.990820282e-18 4.628625602e-18
2.657290421e-17 -4.206884672e-18
-5.369309179e-18 4.116762517e-18
-3.225963444e-18 -3.858655282e-18
-3.401591672e-18 -6.335076872e-18
-1.321849343e-17 9.127667571e-18
1.027777370e-17 4.565842180e-18
1.080075286e-17 7.709836161e-18
2.084712072e-18 1.310984387e-18
2.879471340e-18 -8.278954620e-18
2.597441422e-18 2.199183736e-17
-6.298175518e-18 -3.169513537e-18
1.028982738e-17 5.676810263e-18
-1.051970563e-18 2.677982551e-18
-5.818756110e-18 3.687109190e-18
9.094151867e-18 -7.848115944e-18
-2.701203165e-18 1.444307808e-18
-9.896876885e-18 7.152926060e-18
3.268887913e-18 5.315231419e-18
2.062995892e-17 6.109570480e-18
2.356787285e-18 2.227428024e-18
7.884953916e-19 2.144265560e-18
-1.392129420e-17 6.025562017e-18
-8.360747067e-18 -3.507199475e-18
1.157035839e-17 6.876437632e-18
4.484336352e-19 6.734485270e-19
-6.148651869e-18 -3.131747158e-18
1.009755586e-17 -2.309107767e-18
1.449933463e-17 3.221229572e-17
-8.438349843e-18 1.091595678e-17
1.283849410e-17 -5.458031331e-18
-1.408871390e-18 -6.012050849e-18
-1.036565751e-17 4.415428485e-18
8.011893052e-19 5.014496673e-18
-1.718635847e-18 -7.242210281e-18
-1.769330024e-18 -7.880255219e-18
-7.714097795e-18 -1.432389128e-17
7.577024042e-18 2.395654434e-18
4.842738409e-18 5.473365605e-18
2.745523502e-18 -2.198661578e-18
7.403176320e-18 -5.827673117e-18
-1.185240051e-17 1.292325695e-17
6.957822278e-18 -7.787576249e-18
-7.497517096e-18 -1.927018980e-18
-1.002820835e-17 4.637422668e-18
4.648249635e-18 5.190779615e-18
1.292905549e-17 1.646898815e-18
5.217698967e-18 -4.090549577e-18
-4.706004213e-18 -5.255679378e-18
8.532497886e-18 -9.192231500e-18
-4.425969661e-18 2.186381958e-17
1.368593174e-18 -1.299576926e-17
-1.504741954e-17 -1.225610270e-17
-1.685012403e-17 6.251680523e-18
-4.268868210e-18 3.051868601e-18
1.856325147e-17 1.974609369e-18
5.212943919e-18 -6.952930332e-18
-1.047647490e-17 -6.741442583e-18
-5.689916940e-18 -1.269642086e-17
-1.980342847e-17 7.640927053e-18
1.425631724e-17 -1.327810585e-18
6.070149947e-18 2.688022000e-17
4.701833982e-18 2.013019790e-17
-6.033748623e-18 -1.608502022e-18
1.752138606e-17 2.033664233e-17
-2.153819703e-18 -6.293519732e-18
3.347346615e-18 6.413756224e-18
-4.766315606e-18 1.019449647e-17
-2.790015841e-19 1.921138553e-17
3.162658567e-17 -1.055414716e-17
9.923759428e-18 9.725311354e-19
-1.383030433e-17 -3.939831479e-18
-8.456703326e-18 -1.216420790e-17
-2.080850586e-18 4.046075384e-18
-6.818740957e-18 -1.293964422e-17
-4.268527826e-18 -1.321474464e-17
-1.784648375e-18 -8.548794998e-18
-1.576107954e-17 8.980096896e-18
8.539069836e-18 1.411843140e-18
5.003251152e-18 7.982992706e-18
4.028513099e-18 6.322279561e-18
-1.129022023e-18 2.052441068e-18
1.163204208e-17 5.409154469e-18
7.936022909e-18 -1.783446482e-18
-1.147543528e-17 -6.864986454e-19
3.237297750e-29 -2.914929638e-28
-2.116587861e-28 1.443699716e-28
-3.274536147e-28 -6.417288251e-29
1.220531395e-29 -1.657782718e-28
5.258355694e-29 5.987143233e-29
9.996412987e-29 6.320778096e-29
-7.124630259e-30 5.161560862e-29
2.700848621e-29 5.503038623e-30
-8.530911391e-31 1.220212037e-29
1.149299296e-29 -1.193047397e-28
-6.348274959e-29 -6.992287275e-29
-7.088987013e-29 9.993794324e-29
-1.512623693e-28 -3.953271536e-29
-4.909155104e-29 1.191075485e-28
-5.515603360e-29 3.684131252e-29
-1.006039780e-28 -4.272957249e-29
2.279102012e-29 -5.690374882e-29
-9.875976162e-29 -9.569211633e-29
-2.970231753e-29 -1.191490523e-28
-6.440507744e-29 -9.286379040e-30
-3.646046288e-29 7.764817648e-30
-1.283000603e-28 -5.682173430e-29
-1.122773102e-28 -5.363051653e-29
4.946253330e-29 5.015835072e-29
-1.914155591e-29 -2.267485044e-29
-1.110602549e-28 -3.626828893e-30
3.412303694e-29 -9.228221222e-30
2.326923154e-29 -3.656082490e-29
-9.922022138e-29 -3.156194056e-30
5.563081746e-29 2.597109910e-29
-4.471207362e-29 -7.640409044e-29
-1.065907011e-28 1.139859832e-29
-6.491959564e-29 -4.791948801e-30
8.331748681e-29 -1.059428785e-28
3.576255402e-29 -6.785253417e-29
-5.540553783e-29 1.656797033e-29
9.408728104e-29 -2.617218725e-29
-1.114612937e-28 5.348037224e-29
8.896049765e-29 1.393266171e-29
-6.122856294e-29 3.313812238e-29
1.806643712e-29 -1.467686511e-29
-1.271759853e-29 4.320391399e-29
-9.350127472e-29 6.020396821e-29
2.547405109e-31 9.638988225e-30
1.432280396e-29 -4.721352259e-29
7.025196603e-29 -4.559827222e-29
1.655632448e-29 -7.737824386e-29
-6.995719041e-29 -3.840152943e-29
-1.469284371e-28 -5.954900156e-29
-1.914740893e-29 5.154985015e-29
-1.468385203e-28 -4.862519312e-29
-8.036667324e-29 -1.716175831e-28
1.309590112e-28 -2.628896481e-29
-8.230386988e-29 -1.006557644e-29
-6.836993525e-29 -1.244127994e-28
-6.230996658e-29 -2.317098203e-29
-9.104127237e-29 3.355506214e-29
-8.470548646e-29 -3.998659987e-29
-3.368551079e-29 5.516217326e-30
-2.282746082e-29 -2.174657026e-29
-2.457989156e-29 3.198398780e-29
8.857723759e-29 -1.263838563e-28
-1.356217448e-29 -6.473172719e-29
6.549565934e-29 5.734635160e-29
-7.102383060e-29 -1.323333789e-28
6.934962572e-29 9.486523034e-29
-9.361596987e-29 -6.521008004e-29
-1.063406071e-28 1.267662700e-30
4.208078311e-30 2.266873862e-29
-8.583165594e-30 -1.688383939e-29
2.072346361e-29 -3.345092651e-29
-3.784523359e-29 -6.852333557e-29
2.251305427e-29 -8.817284647e-29
-4.231005981e-29 -5.931628302e-29
2.593508421e-29 -1.140858066e-28
1.369489362e-29 -8.042496121e-30
-2.100322179e-28 -1.047171444e-28
1.415099054e-28 7.205809109e-29
-6.541340408e-29 -3.708202969e-29
-1.416597909e-28 -4.891477174e-29
-7.800098729e-29 -2.177607581e-28
1.220668121e-28 -9.685316921e-29
-1.148455257e-28 6.740450268e-29
-7.012891716e-29 5.650388364e-29
-2.246466828e-29 -1.858962050e-29
6.663408255e-29 4.558842158e-31
1.845035921e-29 -1.798156229e-29
-1.348575990e-28 1.700182969e-29
3.753694638e-29 -1.444889218e-29
-8.901122183e-29 1.653724423e-29
1.147847386e-28 -1.614423294e-28
-1.332980501e-29 -3.688914780e-29
-1.501010697e-28 1.944768910e-28
-3.339695834e-29 -2.132215849e-29
-4.780812035e-29 -2.396788971e-29
-6.223774421e-29 -1.490258260e-29
-7.025318779e-29 -3.670387936e-29
-1.084210839e-29 -1.121934600e-28
-1.071252550e-28 -1.304817658e-28
6.002365904e-29 -1.286924083e-28
-1.387342552e-28 4.082790926e-30
-1.622468024e-28 -3.675358340e-29
-9.031872364e-29 -1.829141011e-28
-7.863954140e-30 1.442216840e-29
3.272213957e-29 -6.590623150e-29
-1.499176971e-28 9.384411432e-29
1.217213364e-28 -1.134475654e-28
-1.134602164e-28 -5.975100152e-29
-1.438921241e-25 -1.223395321e-25
-9.014029451e-26 3.717312574e-26
3.604505156e-26 7.387925815e-26
2.978060851e-25 3.469275662e-25
1.292501138e-25 -6.857812226e-30
4.761228337e-29 3.636001059e-29
2.257548298e-29 -1.003625085e-28
-3.504029418e-29 3.477737465e-29
5.492589701e-29 -4.506724820e-29
-1.985498649e-26 -3.328602441e-27
-2.234057935e-26 8.631471971e-26
2.013191766e-25 2.052783462e-25
2.412006559e-25 3.138620423e-25
2.620586559e-25 -1.781334052e-26
-8.136386873e-27 2.998026119e-26
9.963148373e-27 1.542534053e-25
1.599864890e-25 3.240505938e-26
3.507064071e-25 2.456068632e-25
-3.149629778e-26 1.155122552e-26
1.355240109e-25 4.716161781e-26
1.823090339e-25 3.094770357e-25
2.460341299e-25 3.652198947e-25
3.467704349e-25 4.512888041e-26
1.483327577e-25 1.783658880e-26
2.031480766e-25 1.195895383e-25
-1.115401495e-25 2.251714707e-25
1.949627449e-25 1.444930019e-26
4.954730960e-27 1.687110009e-26
-1.315380940e-25 1.402624272e-25
2.413344664e-25 8.250500225e-26
1.231069458e-25 2.066319822e-25
1.723973911e-25 -1.142332298e-26
-8.754037536e-26 -1.088209706e-25
4.709710378e-26 4.507987243e-26
7.016599742e-26 9.826258511e-26
2.385736505e-25 9.708586349e-26
-5.243059236e-27 1.615390381e-26
-1.853890920e-25 3.167079319e-26
-1.344863784e-26 -2.652144940e-25
-3.025621151e-26 -5.867148668e-26
-1.553231624e-25 -2.723557683e-26
9.898628488e-26 3.272410354e-27
1.153501258e-25 1.283000788e-25
-4.557244211e-26 1.369509247e-25
1.250422435e-25 5.190934019e-26
-1.850804964e-26 -3.473003276e-27
7.527461751e-26 -7.429381072e-27
2.083083609e-25 3.031951144e-25
1.817116443e-25 4.292008775e-25
3.315278920e-25 -6.679488046e-26
-7.476685609e-26 -1.282307823e-25
5.257340700e-26 2.227386514e-26
-1.394356486e-26 1.967745735e-25
2.043905818e-25 -4.424851164e-26
-3.454320215e-26 2.177732959e-26
1.185359529e-25 4.211102831e-26
1.803023073e-25 3.151773939e-25
2.417453890e-25 3.054831808e-25
3.268332821e-25 -2.215267022e-26
-1.034751392e-26 1.305340774e-26
1.007326134e-25 2.102378654e-25
2.636341098e-25 2.919307477e-25
3.097554049e-25 2.889126398e-25
7.060777186e-26 1.107298784e-25
9.828671316e-26 2.166266526e-25
2.010856737e-25 2.168467695e-25
2.877967467e-25 2.934024909e-25
3.123425236e-25 -5.415223121e-27
1.085642704e-25 2.315764543e-25
2.528869153e-25 2.567143945e-25
1.597807442e-25 3.253980730e-25
3.397213218e-25 2.362150550e-25
1.236840838e-25 2.370735082e-25
1.327362751e-25 3.817818076e-25
2.359083607e-25 1.552603370e-25
4.008893992e-25 2.713036620e-25
3.297557653e-25 6.070483422e-27
2.220758326e-25 1.640133281e-25
2.273662790e-25 3.196928090e-25
2.505075136e-25 4.102175315e-25
3.889468832e-25 2.994958251e-25
-7.528036140e-26 -6.816954455e-26
-1.197304979e-25 2.954765727e-26
6.946354760e-26 1.251128219e-25
1.288655441e-25 2.427169452e-25
1.869031256e-25 1.141955046e-25
1.096369117e-25 -9.861697317e-28
2.517391967e-25 2.203218250e-25
5.587382230e-26 2.537965213e-25
2.938141531e-25 2.238870819e-25
-4.018851265e-26 3.572976374e-27
-6.998455325e-26 7.258481136e-26
4.087627302e-26 -7.360753871e-26
3.448610711e-25 3.013458519e-25
-5.241180761e-26 1.855911452e-26
9.074314448e-26 1.157449014e-25
1.293142088e-25 1.629852821e-25
2.606612135e-25 2.586020647e-25
2.609558284e-25 3.070046716e-25
-5.820233015e-26 -1.143767824e-25
-5.743672832e-26 5.199559720e-26
1.244301490e-25 2.116665664e-25
2.468151269e-25 3.603099258e-25
2.920554616e-25 -3.362114393e-27
1.823167130e-25 6.280681265e-26
1.922022987e-25 3.316854176e-25
1.712094528e-25 3.466268623e-25
3.547805532e-25 2.452714247e-25
3.362253637e-20 4.517675027e-20
-2.467328290e-19 -4.361692997e-20
1.733075991e-19 -1.682320318e-19
-6.578445273e-20 2.496837183e-19
-1.264874057e-19 -2.391520349e-29
-3.243508874e-29 -4.254326585e-29
-6.144198005e-29 -1.628414995e-29
4.288714215e-30 8.227381935e-29
4.813043978e-29 2.789703506e-29
-3.585391101e-20 -8.447113485e-20
-1.006767921e-19 -2.059646929e-20
-1.635037511e-20 -1.495850640e-20
-7.367859921e-20 -2.381763499e-20
2.833989926e-20 -1.531160557e-19
1.417499188e-20 -2.317946354e-20
-2.343435246e-19 4.020053510e-20
2.245430402e-20 -1.247852490e-19
-6.162586036e-20 -4.535053574e-20
-9.439786443e-20 -1.062511170e-19
-6.844323094e-20 -1.478716014e-19
-9.102935879e-20 -5.450001604e-20
-7.787140971e-20 -1.082774640e-19
-5.873931022e-20 2.650439558e-21
-4.904085987e-20 -8.711373780e-20
9.230915583e-20 -1.668539295e-20
-6.752247552e-20 2.362554007e-20
2.511268156e-20 -8.350216385e-20
-4.464334479e-20 -9.511709151e-20
-1.875169335e-19 -7.271589669e-21
2.364742158e-20 -5.797354130e-20
-8.566582277e-20 3.561348256e-20
-3.451465713e-20 1.452662280e-20
4.821395068e-20 -1.647342727e-19
-9.693608753e-20 1.065810587e-19
-6.569110411e-20 -7.306621414e-20
1.287004370e-19 6.407248613e-20
-2.367155522e-20 -1.796687762e-22
-3.237731613e-20 -2.246997845e-20
6.255738852e-20 -1.819757766e-20
-2.260536465e-20 1.713094926e-20
-1.387302087e-20 -1.197091744e-20
-3.462959323e-20 -9.856779176e-20
2.887757595e-21 2.985596340e-21
-4.203579362e-20 -1.068450327e-19
-9.128371037e-21 1.739423180e-20
-1.151652806e-19 -8.396612817e-20
-1.286261200e-19 -1.535863983e-19
-5.148333035e-20 -4.439601778e-20
1.434002087e-20 -4.655580898e-20
-6.474140383e-20 -1.962005366e-20
8.216434785e-20 -1.857260487e-19
-8.884082953e-21 1.283967712e-19
-9.379921185e-20 1.958729117e-20
1.557928897e-19 -5.570343297e-21
-9.224276813e-20 -1.056473398e-19
-7.384420982e-20 -7.388936871e-20
-5.979985270e-20 -1.280031948e-20
-6.179921933e-20 -9.878029316e-20
-6.116893355e-20 -1.231903026e-19
-1.665374489e-19 -1.107179440e-19
-6.360574301e-20 -8.117004444e-20
-7.466143841e-20 -4.016527976e-20
-5.363378992e-20 -5.801734957e-20
-3.631657619e-22 -3.006095838e-20
-1.437995075e-19 -3.869767717e-20
7.302356102e-21 -2.850333205e-20
-9.421269876e-20 -6.706363585e-20
-5.027026675e-20 -4.111658270e-20
1.702212816e-20 -2.970740652e-20
-3.865503537e-20 6.118957106e-21
8.781430970e-21 2.798433115e-20
-3.747417365e-20 -7.328332320e-20
5.268797028e-20 5.243957699e-20
-1.727651883e-19 1.841199515e-20
-2.660360353e-20 -1.237265999e-19
-1.285178110e-19 -1.296661057e-19
-1.263688475e-19 1.550887615e-21
-5.917802614e-20 -1.213657102e-19
2.171084959e-21 3.691828566e-20
-7.422035566e-21 -7.566584893e-20
-5.610030680e-20 -1.017982875e-19
3.417171645e-20 -1.423279112e-20
-1.889527639e-19 1.851551066e-20
1.448360424e-19 -6.777612270e-20
-3.639278686e-20 2.013271274e-19
6.567799523e-21 2.200663775e-20
-5.927957548e-20 -2.339900599e-19
-2.891062480e-20 7.380749075e-20
-9.492839093e-20 -1.308091271e-19
-1.565367093e-20 1.187495721e-21
-7.504558626e-20 3.390854376e-20
-1.692049125e-19 -9.274847921e-20
8.847122520e-20 -1.702152877e-19
-4.905818543e-20 4.192472200e-20
-1.265835267e-19 -3.081201576e-20
-7.839580345e-20 -1.462514906e-19
-6.712591997e-20 -8.673876003e-20
-9.170115870e-20 -1.295481420e-19
-1.401826732e-19 -7.762838663e-20
-1.399570597e-19 -8.276691661e-20
-1.802463261e-19 -8.294708689e-20
7.349195366e-20 -5.617377724e-20
-1.320389250e-19 3.846523619e-20
1.427673024e-20 -6.875766297e-20
-5.607375301e-20 -1.088436432e-19
4.296013806e-21 1.696820147e-20
-6.596973473e-20 -9.838550829e-20
-4.716584822e-20 -5.361744018e-20
