0.01274285 0.00512404
0.00203505 -0.01144118
-0.00200910 -0.00472219
-0.01391613 -0.00921190
-0.00240010 -0.00024131
-0.00271141 0.00748435
0.00464485 -0.00605532
-0.00207627 0.00568977
0.00356116 0.00744964
0.00186372 0.00794172
0.01153431 -0.00870811
-0.00491411 -0.00582873
0.00795991 0.01269927
-0.00782153 0.00222620
0.00390049 0.01295205
-0.00371396 0.00821668
-0.01977845 0.01146253
-0.00557101 0.00559525
-0.00916965 -0.00736103
-0.00958345 0.00391932
0.00616797 0.00100068
0.00607721 -0.00189827
-0.01514088 0.00405941
0.00742106 0.00173972
-0.00857927 0.00573217
0.00747973 0.00473031
0.00928942 0.00033061
0.00374567 0.00691311
0.01217843 0.00896523
-0.00992318 -0.00101584
-0.00835131 -0.01727258
-0.00345556 -0.00314171
-0.00892424 -0.00631065
-0.00202862 0.00549784
0.00380326 -0.01213676
-0.01090242 0.00541703
0.00589463 -0.00319834
-0.00176986 -0.00216560
-0.00630368 0.00759184
-0.00282348 -0.00732088
0.00694098 0.00954882
-0.00060415 0.00238925
0.00370904 -0.00267663
-0.00179705 0.00567689
0.01552703 0.00357803
0.01083443 -0.00656960
0.02155701 -0.01078453
-0.00644365 -0.00241112
-0.00419496 0.00532409
-0.00840531 -0.00558340
0.00000340 0.00158835
-0.00929230 -0.00452602
0.00604007 -0.00007805
-0.00028748 -0.00153922
-0.01048837 0.00558523
-0.01425576 -0.00872700
-0.00356280 0.00259110
-0.00493244 -0.00137600
0.01264778 0.01008461
0.00045790 -0.00064865
-0.00467431 -0.00629177
0.01784630 0.00175154
0.01413243 -0.00164077
-0.00410593 0.00617905
-0.01201827 -0.00523624
-0.01141048 0.01280549
-0.00674113 -0.00119260
-0.00144681 0.00928512
-0.00530099 0.01301464
-0.00390308 -0.00233120
-0.00601234 -0.00008969
-0.00517323 -0.00452716
0.01105881 0.00400744
0.00028011 0.00476263
0.01367077 0.00502915
-0.01011448 -0.00257932
-0.00905584 -0.00501896
-0.00710997 0.01107638
-0.00538072 -0.00658064
-0.00527769 0.00234137
-0.02122596 -0.00197435
0.00704864 -0.00222503
0.00035062 0.00067351
-0.00197486 -0.00148473
0.00774761 -0.00304479
-0.01207645 -0.00661787
-0.00489659 0.00661307
-0.00602835 -0.00357333
-0.00506054 -0.00556578
0.00076786 -0.00562188
0.00479104 0.00021827
0.00180470 0.00339357
-0.00112763 -0.01026221
0.00264710 -0.00165266
0.01477672 -0.00225516
0.00298497 -0.00361327
-0.01193072 -0.00709908
0.00864070 0.01797696
0.00881310 0.00650073
-0.00196242 0.00837926
0.01018206 0.00385858
-0.01156362 -0.00443988
-0.01314392 0.00281889
0.01028282 -0.01524604
0.01182708 0.00071044
0.00022097 0.01110389
-0.00494976 -0.00908020
0.00756487 -0.00113168
0.00542540 0.00312344
0.01415079 -0.01743884
-0.00534158 0.00442079
-0.00400542 -0.00158280
0.00179762 -0.00291331
-0.00143713 -0.00720618
0.00218169 -0.00304665
0.00049237 -0.00122445
0.01276832 -0.00086440
0.00122023 0.00892599
0.01586675 0.00027289
0.00874831 -0.01078591
-0.00209227 -0.00522818
0.00858837 -0.00045703
-0.01626144 0.01053314
-0.00661688 0.00293002
-0.00782873 0.00477844
0.00406916 -0.01041574
-0.00375052 0.01533419
0.01333111 0.01745272
0.01085106 0.00893038
-0.00123041 -0.00943218
0.00226482 -0.00120940
0.00338403 0.00224155
0.00999596 -0.00024025
-0.00418529 -0.00902829
-0.00182563 0.00707492
-0.00398018 -0.01079169
0.00316280 0.01335605
-0.00080058 0.00318888
-0.01231401 0.00745793
-0.00336324 -0.00219631
-0.00433196 -0.00070470
-0.00691105 -0.00312271
-0.00591699 -0.00024796
0.00190711 -0.00887417
-0.00361265 0.00353972
0.00943012 -0.00450677
-0.00306388 0.01703654
-0.00019258 0.00313616
-0.01054344 -0.00702226
-0.00749214 0.00549300
-0.00149663 -0.01527278
-0.01179976 0.00957364
0.00261045 0.01595047
-0.01030776 0.00871674
-0.00755147 -0.00572643
0.00149115 -0.00059516
-0.00084512 0.00344653
0.00734412 -0.00090050
-0.01277538 0.00152035
-0.00909640 0.00151930
-0.01723030 -0.00850936
0.00306795 -0.01098376
-0.00175307 0.00039136
0.00693887 -0.00031874
-0.00160120 0.01762327
-0.00200514 -0.00433644
0.00358742 -0.00281684
-0.00600542 -0.01073434
-0.00346906 -0.00319691
-0.00499519 -0.01819117
-0.00073953 0.00430174
-0.01085414 0.00304133
0.00231883 0.00017297
0.00090848 0.00182888
-0.00737397 -0.00912554
0.01747039 -0.00457557
-0.01909426 0.00085454
0.00365049 0.00150328
-0.00767797 -0.00357920
0.00033149 -0.00291834
0.00400566 -0.00211286
-0.00012787 0.00011892
-0.00741233 -0.00514046
0.00607260 -0.00395709
-0.00066377 0.00841713
-0.00051112 -0.00590436
-0.00105223 0.00140246
-0.00365174 0.00345103
-0.01001780 0.00518828
0.00254769 0.00664704
0.00554765 0.01392215
0.00524990 0.00785313
0.00079557 -0.00219971
-0.00238055 0.00335663
-0.00388611 0.00707516
-0.01045255 -0.00260243
-0.01433850 -0.00953401
0.00111738 0.00125495
-0.01039164 0.00251670
0.01030977 -0.00632917
-0.00249853 0.00017706
-0.00770105 0.00900041
0.00469958 0.00504455
0.01124065 -0.00668428
-0.00386456 -0.00530042
0.00316693 -0.00319077
-0.01765648 0.00304809
0.00049249 -0.01553180
-0.00100998 -0.00404594
0.00044844 -0.00109984
-0.00126503 -0.00580985
-0.00422700 -0.00031192
0.00975208 0.00623180
0.01300532 -0.00204463
0.00217173 0.00270462
0.00446760 -0.00128330
0.00361442 0.00911767
0.01921099 0.00487145
-0.00706622 -0.00083892
0.01421570 0.00476119
0.01638251 -0.00129590
-0.00303071 0.01139690
-0.00905089 -0.00467912
-0.00906805 0.00067862
-0.00979762 -0.00949715
0.01425957 0.00509623
0.01308966 -0.00192145
-0.00488937 0.01178158
-0.02469847 -0.00195738
0.00628659 0.00380171
-0.00818984 -0.00227385
0.00021336 -0.00396604
0.00563992 -0.00111376
-0.00668000 0.01461742
0.00386034 0.00645979
-0.02589240 -0.00424949
0.01626416 -0.01726718
0.00515731 0.00413964
-0.00175851 0.01317240
-0.00638998 -0.01929260
-0.00010748 -0.01629418
-0.01469304 -0.01383804
-0.00247860 -0.01152303
-0.00714721 -0.00378374
0.00451127 -0.00162286
0.01227055 0.00468815
-0.01021365 0.00926369
0.01353239 0.00694432
-0.00941988 -0.00730742
-0.01864716 -0.01259752
-0.00593907 -0.00247468
-0.00862814 -0.00027138
-0.00859915 0.00737064
0.00262283 -0.00520088
-0.00154542 0.00507213
-0.00027290 0.00169334
-0.00715139 -0.00607803
-0.01102093 -0.00251660
-0.00638826 -0.00200206
-0.00398011 -0.01325522
-0.01160139 -0.02146965
-0.00854667 -0.00128690
0.00007904 -0.00024470
-0.00232543 0.00462818
0.01233642 0.00102028
-0.01134576 -0.00573948
0.00778800 -0.01163921
-0.00630931 0.00524999
0.00294457 0.00418129
0.00433657 0.00142545
0.00033284 -0.00860899
-0.00943105 0.00751021
0.00951145 0.01813272
0.00688188 0.00125679
0.01074365 -0.00745990
-0.00116598 0.00768366
0.01332149 0.01140878
-0.00339596 -0.01532213
-0.01218544 -0.00220516
-0.00367126 0.01923494
-0.00742854 -0.00096193
-0.00102113 0.00083102
0.00082314 -0.00806959
0.01223458 -0.00242925
0.00126042 -0.00795824
-0.00091964 -0.00793587
-0.00309999 -0.00523861
-0.00044021 -0.00184348
0.01515299 0.01345428
0.00034796 0.00769136
0.00430636 0.01545730
0.00241222 -0.01252704
0.00734780 -0.01510005
-0.01288693 -0.01361734
-0.00203047 0.00531539
-0.00812739 0.00061304
-0.00196814 -0.00016550
-0.00075761 0.00250795
-0.00261897 -0.01012189
-0.00156825 -0.00622762
0.00744125 -0.00445723
-0.00466316 -0.01473607
-0.00382637 -0.00415077
-0.00042857 -0.01033801
-0.01268949 0.00473143
-0.00264502 -0.00356363
-0.00944447 -0.00271527
-0.00663006 -0.00080104
0.00006355 0.01577409
0.01323434 0.00362820
0.00251246 -0.00028815
0.00908010 0.00353202
-0.01757468 -0.00562169
-0.00492930 0.01288614
0.00065350 0.00629565
-0.00785379 -0.01200618
0.00287115 0.00377059
-0.02300022 0.00640095
0.00866028 0.00099551
0.01258497 0.00021198
0.01672945 0.01242136
-0.00728448 -0.00191595
0.00155559 -0.00298464
-0.00512434 -0.01096064
0.00351663 0.01789031
-0.00377993 0.00665676
-0.00545958 -0.01558222
0.00864714 0.01381317
-0.01643315 -0.00223346
0.00217066 -0.00356156
-0.00432899 0.01103060
0.01162463 -0.01064277
-0.02142425 0.00071598
-0.00334277 -0.01078124
0.00161901 0.00529871
0.01184002 0.00089564
0.00500608 0.00850724
0.00819337 0.00488256
-0.01151889 -0.01005499
-0.00160017 -0.00879794
-0.02272991 0.01625829
0.02089497 -0.02123377
0.00318916 -0.00253131
-0.00089585 -0.00774769
0.00311251 -0.00333175
0.00255440 -0.01004830
-0.00876908 -0.01348484
-0.00722371 0.00110010
-0.01174409 0.01530890
0.01500985 -0.01405607
-0.00460556 0.00267262
-0.00535430 -0.00104490
0.00755315 -0.00127070
-0.00667637 -0.00052721
0.00775219 -0.00475466
-0.00468893 0.00757134
-0.01264310 -0.00203370
0.00332108 -0.00215848
0.00663913 0.01112602
-0.00566169 -0.01099758
-0.01555435 -0.00085875
0.00473849 0.00369552
-0.00236021 -0.00040637
0.01824325 -0.00040300
-0.00778493 -0.00585592
0.00282565 -0.00257029
-0.00452315 0.00487123
0.00068605 0.00016749
-0.00563895 0.00706216
-0.00220798 -0.00432026
0.01371728 -0.00448494
-0.03306512 0.00059219
-0.00442777 -0.00566462
-0.00097758 -0.00588249
-0.00052979 0.00081419
0.01061560 -0.01205827
0.01049231 -0.00793291
-0.00033320 -0.00636238
0.00619491 -0.01055727
0.00326055 0.00244733
0.00194955 -0.00533605
-0.00006707 -0.00348608
-0.01441633 0.00231896
0.00440426 0.00014422
-0.00481677 0.00541383
0.00317930 -0.00817864
-0.00666180 0.00291549
0.00222482 0.00094950
0.00464741 -0.01398967
-0.01158607 -0.00406137
-0.01404023 -0.00890875
-0.00272186 0.00109646
0.00199157 0.00029910
-0.00053101 -0.00369600
-0.00216851 -0.00219077
-0.00894342 0.00526866
0.00510387 -0.00418684
-0.00029903 0.00248800
0.00870556 -0.00677693
-0.02408484 0.00165979
-0.00975206 0.00574843
0.00460425 0.00377386
-0.01023937 -0.00509530
-0.01097215 -0.01054391
0.01282964 -0.00852873
-0.01682694 -0.00412172
-0.01134540 -0.00354011
0.00739077 -0.01612806
0.00439542 -0.01859508
-0.01499464 0.00123359
0.00687332 -0.00567274
0.00379563 0.00029090
0.00144444 -0.00282560
0.00806061 0.01838718
-0.00038510 -0.01879714
0.00133122 0.02587334
0.00287623 -0.01835327
0.00949732 0.00852589
0.00098373 -0.00039426
-0.01142635 -0.01899336
0.00502451 0.00523352
-0.00239490 -0.00007628
-0.01144634 -0.00136524
-0.00150290 0.00320331
-0.00748781 0.00140070
0.01312995 -0.00749164
0.00730710 0.00179479
0.00454734 0.00072029
-0.00403443 0.00858492
0.00188468 -0.01927450
0.02653257 -0.00007242
0.00374623 0.00439310
0.00401724 0.00351186
0.01155018 0.01291263
0.00572132 0.00689814
0.00150272 -0.01361139
0.00126439 -0.00779926
0.00338709 0.00296933
0.00057537 0.00300837
0.00601106 -0.00502290
0.00098736 0.00111928
0.00692710 -0.01178512
-0.00321245 -0.00821444
0.01013339 0.00921454
0.00461648 -0.00434278
-0.00555456 -0.00035909
-0.00740307 0.00049538
-0.01452395 0.00921235
0.01122257 -0.00293819
-0.00325935 -0.00143610
-0.00450689 -0.00446058
0.00401281 0.00570716
-0.00347402 -0.00482295
-0.01046751 0.00434514
0.00678561 0.00965670
-0.00750613 -0.00299355
-0.00122733 0.00339888
0.00141076 0.00310705
-0.00698692 0.00520987
-0.00339849 0.01139698
-0.00894457 -0.01796840
-0.00249827 0.01003339
0.00468743 -0.00449836
-0.00023418 -0.00189380
0.00304784 -0.00143940
0.00871593 -0.00175151
-0.00334077 0.00404275
-0.00583069 -0.00726685
-0.00096143 -0.00275360
0.00709631 -0.00714036
-0.00350115 0.00224478
-0.00172672 0.00028808
-0.00038936 -0.00475215
0.00195213 0.00211261
-0.00006412 -0.00208683
0.00796610 0.01101122
-0.00978522 -0.01386524
-0.00428967 -0.00809875
0.00156726 -0.00003566
-0.00776276 -0.00874354
-0.00607518 0.00155818
-0.01398168 -0.00184539
0.00414935 0.00699034
-0.00299290 -0.00579777
-0.01361846 -0.00195911
-0.00301989 -0.01385072
0.00292314 -0.00416532
0.00738603 0.00558488
0.00476313 -0.01028347
0.01096775 -0.00197972
-0.00192637 0.02184265
0.00199041 -0.01162818
-0.00693561 -0.00846677
-0.00135474 0.01063052
-0.00313562 -0.00289425
0.00849969 0.00064539
-0.01010655 -0.00797233
0.00350859 -0.00413177
0.00051786 0.00238421
-0.00055666 0.00625783
0.00418135 0.00094921
-0.00488123 -0.00413439
0.00584759 0.00510023
-0.00139026 0.00727233
0.00351075 0.00604057
0.00220351 -0.00346122
-0.01003357 0.00749733
-0.00698918 0.00403286
0.00939059 0.00450815
0.00011238 -0.00602137
-0.00342932 -0.00208189
-0.01486685 0.00247735
-0.00912199 -0.00936247
-0.01257567 -0.00108511
0.00095166 -0.00387013
-0.00437440 0.00386487
0.00156380 -0.01791984
-0.01049793 0.00982549
-0.00999608 0.00943533
-0.00239627 -0.00345192
-0.00371723 -0.00108138
-0.02045573 0.00032284
-0.01278485 0.00262396
0.00903265 0.00579160
-0.00475251 0.01365761
0.00591143 -0.00726215
-0.00314632 0.00896908
-0.00411530 0.00881342
-0.00661763 0.00337861
-0.01232537 -0.00296293
-0.00808962 -0.00268260
0.00532080 0.00492302
0.00764976 0.01052200
-0.00404722 0.00682707
0.00401664 0.01108496
-0.01064047 0.00108943
-0.00690732 0.00548435
0.00444610 -0.00999875
-0.00398454 -0.00013070
0.01539323 0.00560470
-0.00313556 0.00544832
0.00548989 0.00282179
0.00808318 -0.00405146
-0.00407757 -0.01700319
0.00562583 0.00521475
0.00709962 0.00621136
0.00075858 -0.00584113
-0.00503879 0.00021420
0.01404647 -0.00023130
0.00307895 0.00193450
0.00647573 -0.00765073
0.00453857 0.00158962
0.00194610 0.00008923
-0.00189010 0.00670537
0.00945610 0.00385938
0.00259042 -0.00579183
-0.00138344 0.00185713
0.00095675 -0.00405025
0.00401376 -0.00365717
0.00077353 0.00436829
-0.00240988 -0.01098561
-0.01193612 0.01032021
-0.02318794 0.00270885
-0.00266829 0.00433447
0.00216788 -0.00152988
0.00076929 0.00453684
0.00790938 0.00260903
0.00504443 -0.00546176
-0.00605739 0.00894161
-0.00026248 -0.00714704
-0.02456936 0.00589027
-0.01435880 0.00348595
0.00669887 -0.00055412
-0.00771577 0.00019542
-0.00260575 -0.00391706
0.00419124 -0.00905772
0.00005703 -0.00760831
-0.01175621 0.00207716
-0.01091943 -0.00587255
-0.00777161 -0.00496339
-0.00490541 0.00033394
0.00003803 -0.00129405
0.00336323 -0.00679237
0.00336232 -0.00064183
0.00853643 0.00521365
-0.01086047 -0.00075796
-0.00751567 -0.00401091
0.00236411 -0.00129273
0.00891568 0.00427998
-0.00313562 0.00059981
-0.01475693 0.00211138
0.00124515 -0.01184410
-0.00789387 -0.00092613
-0.00457742 0.00203691
0.00745349 0.00253476
-0.00682621 -0.00024064
-0.00334308 -0.00959194
-0.00333543 -0.01011722
-0.00552006 -0.00362242
-0.00631272 0.00280193
-0.00457361 -0.00725272
-0.00410742 -0.00683319
0.00238613 -0.00726467
-0.00201337 -0.00743899
-0.00801473 -0.00015212
-0.00432514 0.00013347
0.00483033 -0.00345326
-0.00600616 0.01317426
-0.00567376 0.00691711
-0.00081519 -0.01385940
0.00298346 0.00533467
-0.01329458 -0.01030117
-0.00047891 -0.00324485
0.00727981 -0.00278758
-0.00297102 0.00192302
-0.00154652 -0.00408576
-0.00874023 -0.00728754
-0.00651057 -0.00123339
-0.00298587 -0.01012892
0.00247139 -0.01509594
-0.00494034 0.00089745
-0.00774176 0.00016870
0.00780515 -0.00147967
-0.00323193 -0.00577429
-0.00401290 0.01505354
0.00689476 -0.00676922
-0.00933096 0.01289170
-0.00423591 0.00410161
0.00329652 -0.00466005
-0.01273880 -0.00581454
0.00336648 0.01471717
-0.00427046 0.00571687
-0.00302492 -0.00776124
0.00975116 0.01547102
0.00906310 -0.00859660
0.00292081 0.00364325
0.00341134 -0.01121069
-0.00839475 -0.00443188
0.00210589 -0.00184435
-0.00468256 -0.00961184
-0.01107225 -0.00140638
-0.00398029 0.00025336
-0.00476629 -0.00394465
-0.00126604 0.00342357
0.00854396 0.00323777
-0.00969893 0.00184066
-0.00201886 -0.00650856
-0.01445972 -0.00892449
0.01603493 -0.00358236
0.00909816 0.00849330
-0.00061320 0.00037018
-0.00098272 -0.01272136
-0.03189107 0.01559957
0.00022412 -0.01274709
-0.00176026 0.00097195
-0.00850508 -0.00593658
-0.00360324 -0.00006945
0.01324908 0.00254099
0.01031961 0.00240343
-0.00484652 -0.02100332
-0.01459839 0.02358323
0.00779170 0.00443533
0.01632900 -0.01225431
0.01069200 -0.00316956
-0.00837460 -0.00485885
0.00596696 0.00644580
-0.00358536 0.00818113
-0.01263590 -0.00555558
0.02409360 0.00183257
-0.01589150 -0.00898969
0.01445185 -0.00332384
0.00084493 -0.00693438
0.00021918 0.00781343
0.01653490 -0.01737906
-0.00462482 -0.00205658
0.00257237 -0.00310672
0.00101328 -0.01539788
0.01043940 0.00676994
0.00256202 0.00412048
-0.00033073 -0.00046698
0.00787309 0.00353758
0.00705226 0.01002375
-0.00507973 0.00230337
0.00003899 -0.00151449
-0.00891697 -0.00381299
-0.00416062 -0.00076872
-0.00029784 0.00602945
0.00714040 -0.00224467
-0.00698039 0.00380195
0.00456918 0.00547701
0.00154504 -0.00779903
-0.00191447 0.00459949
-0.01071451 -0.00967491
0.00109741 0.00265015
-0.00256703 0.00402356
-0.00045783 -0.00133073
0.01552141 -0.00002860
0.00522932 -0.00724779
-0.00780275 -0.00128097
-0.00236700 0.00324408
-0.00321940 -0.01060233
0.00762781 -0.00654055
-0.00172594 0.00791303
-0.00143162 -0.00263652
0.00209349 -0.00084913
-0.00821643 -0.00939231
0.00087127 -0.01534802
0.00353197 -0.00864130
-0.00135534 -0.01282307
-0.00384790 -0.00345688
0.00812648 0.00568047
-0.00823855 0.00936995
-0.00777202 -0.00796939
-0.00865637 0.00240288
0.01640240 -0.01749067
0.00404722 -0.01376553
-0.00219428 -0.00101068
0.00449585 -0.00063729
-0.00434865 0.00351927
-0.00082714 -0.00379817
-0.00798891 0.00904070
-0.01770877 0.01485874
-0.01410580 -0.01036426
0.00462402 -0.00773624
-0.00238636 -0.00249014
-0.01295675 -0.00390953
-0.00407229 -0.00548278
-0.00040636 -0.00374676
-0.00286261 -0.00521244
-0.00407050 -0.00306623
0.00143218 -0.00336538
0.00370207 -0.00034299
0.00065971 0.00342542
0.00324170 -0.00998457
0.00387423 -0.00656312
0.00261679 -0.00959387
-0.00519016 -0.00139135
-0.00820469 0.00730485
-0.00134443 -0.01768894
0.00301115 -0.00714467
-0.00188187 0.00445153
0.00842887 -0.00340363
0.00787401 -0.00783409
0.00877770 0.00081166
-0.01007348 0.01783272
-0.00308666 -0.00808174
0.01314965 -0.00253143
-0.00950977 0.01013548
0.01176485 0.00190234
0.01357692 -0.00013944
0.00886781 -0.00765952
-0.01312395 -0.00152305
-0.00629726 0.01104590
0.01904497 0.00792542
-0.00335953 -0.00459104
-0.00780987 -0.00178596
0.01274185 0.00978445
-0.00907827 0.00342144
-0.00686695 0.01570197
-0.00409498 0.00271144
0.00781652 -0.01372388
0.01135009 -0.00095814
0.01345290 -0.00533162
-0.00766048 -0.00156994
0.00015810 0.00513850
-0.01398585 -0.00773147
0.00015479 -0.00235446
0.02208879 -0.01711253
0.00708696 -0.01453988
-0.01108118 -0.00798881
-0.00805870 0.00589576
0.00668541 -0.02598006
0.01417298 -0.00010943
0.00545975 0.00352829
0.00882166 0.00596265
-0.00054241 0.00488953
-0.00426764 0.00505915
-0.00496438 -0.00923152
0.01399869 -0.00491623
-0.00727685 -0.00113498
0.00491064 0.01006293
0.00136006 0.00311885
0.00366040 -0.00554451
-0.00066827 -0.00789933
-0.02058962 -0.00379525
0.00943258 -0.00097002
0.00448179 -0.01377633
0.00117927 -0.01278030
-0.01430441 -0.00668454
-0.00458816 -0.00209328
-0.00702564 0.00383535
0.00039579 0.00512687
-0.00567166 -0.00954414
0.00100613 -0.00969448
0.00245721 -0.00354226
0.01529278 0.00006483
-0.01028665 -0.01921126
-0.01720636 0.01483019
0.00976978 0.00589780
0.00156282 -0.00917470
-0.00684339 -0.00024407
-0.00905832 -0.00875422
0.00036654 -0.00031941
0.01452605 -0.00616893
-0.00700174 -0.00816680
0.00055784 -0.00815387
-0.00294338 0.00457498
0.00420150 -0.00002938
-0.01218160 -0.00526505
-0.00385550 -0.00353862
0.00169938 0.00805441
-0.00003326 0.00496602
-0.01780790 -0.00836798
-0.00295028 -0.00386348
-0.00591755 -0.00037658
-0.00868926 -0.01237429
0.00269587 0.00189349
0.00169236 0.00037216
-0.00003126 0.00271191
-0.00856911 -0.00075760
0.00567514 -0.00995847
-0.00480899 -0.00157741
-0.00941067 0.00316938
0.00813152 -0.00629634
-0.00531274 0.00891312
0.00538523 -0.00667492
0.00395772 0.00015693
0.00021057 -0.00280604
-0.00600582 0.00618921
-0.00570355 0.00916260
-0.00579567 -0.00066689
-0.00527789 -0.00513778
-0.00521544 0.00234099
-0.00444584 -0.01878373
-0.00216469 -0.00204465
-0.00756181 -0.00576036
-0.00611369 0.00450636
0.00306185 0.00365469
0.00675480 -0.01147900
-0.00754103 0.02076531
-0.00375588 -0.00017520
0.00277773 -0.00100458
-0.00258242 -0.01269939
-0.01838441 0.00160205
0.00910058 -0.00486156
0.00499445 -0.00938265
-0.00235807 0.00170520
-0.01808515 -0.01261066
0.01278361 -0.00238269
0.00660706 -0.00610579
-0.00366947 -0.00174503
-0.00816817 -0.01368827
0.00352772 -0.00921996
-0.00047069 -0.00166616
-0.00521046 -0.00899520
-0.00795530 0.00262002
-0.00375869 -0.00447404
-0.00185214 0.00721554
0.00073841 -0.00337723
-0.00237527 0.01723881
0.00387382 -0.00181662
-0.01864863 -0.00600621
0.00010610 -0.00210022
0.00688550 -0.01453144
-0.00067811 -0.01504296
-0.00051047 0.00309276
-0.00918859 -0.01663938
0.00970007 0.00717092
0.00407346 0.01765195
0.00460616 -0.00394976
0.01779952 -0.01533250
-0.00663992 -0.00760972
-0.00242662 -0.00830087
0.00341420 -0.00157000
0.00561444 -0.01259620
-0.00327887 -0.00122698
-0.00818072 -0.00841368
0.02083746 0.01060326
-0.00683394 0.00257091
-0.00179659 0.01691056
-0.00607303 -0.00991788
-0.01741859 0.01601116
0.00736711 -0.00653208
-0.00460500 -0.01515472
-0.00615843 0.01560976
0.01611752 -0.01307106
-0.01084649 -0.00836695
-0.01640313 -0.00684535
-0.00288204 -0.01193658
-0.00569719 0.00429230
-0.00165744 0.00905565
-0.00401066 -0.00893826
0.00286227 0.00309652
-0.00116243 0.00265123
0.00150557 0.01103599
0.00151723 0.00429174
-0.01574418 -0.00878935
-0.00520140 0.00213979
0.00037309 -0.00643866
-0.00418246 0.00146390
0.00300751 0.01228491
0.00180167 -0.00948182
0.00050601 -0.00684606
-0.00014367 -0.00642358
0.00709544 0.00318399
-0.00357009 -0.00395197
0.01090940 0.00315993
0.00329149 -0.00017137
-0.00328353 -0.00311449
-0.01075083 -0.00145150
0.00442051 -0.00473030
-0.01130191 -0.01243250
0.00651305 0.01153816
-0.00308708 0.00023483
-0.00557440 -0.01149356
-0.01295032 -0.00805843
-0.00223204 -0.00343653
0.01195823 -0.01191337
-0.01007349 -0.00694059
0.00533855 -0.00272974
0.00832650 0.00209291
0.00817437 0.00560622
-0.01624260 0.00941836
0.01305941 0.00174625
-0.00460692 -0.00696123
0.00405197 -0.01429155
-0.02290821 0.00122434
-0.01543972 0.00827993
-0.00571859 -0.00453090
0.00399322 0.00348988
0.00935647 0.00432991
0.00272223 0.01156701
0.01046675 -0.00431328
-0.00048796 -0.01033943
-0.01838400 0.00612080
-0.00050519 0.01319155
0.00103493 -0.01499307
-0.00439222 0.00412224
-0.00933880 -0.01746769
0.00173471 0.00299120
0.00717508 -0.00691896
-0.01082977 -0.01386046
-0.00427995 -0.00161282
-0.00329963 0.00554457
-0.00035225 0.00156629
-0.00838360 -0.00853027
-0.00502050 0.00297889
-0.00208660 -0.00357867
-0.01058945 0.00070576
0.01414418 -0.01458192
-0.00156916 -0.00721353
0.00703491 0.01805866
0.00035802 -0.00966801
0.00218206 0.00271928
-0.00602435 -0.00569535
-0.00462428 -0.00075515
-0.00977973 0.00398823
-0.00513584 0.00042820
0.01909801 0.00316413
-0.00504065 0.00469043
-0.00225352 0.00675216
-0.00461274 0.01565295
-0.00140311 -0.00453871
-0.00120226 0.00740050
-0.00525520 0.01013314
-0.00091249 -0.00874307
-0.00549182 -0.00098464
-0.00453885 -0.00241376
-0.02047907 -0.00091366
0.00611957 -0.00570075
-0.00530298 -0.00388221
0.01760903 0.00088915
0.00088503 0.00632470
-0.00992008 -0.00542828
-0.01876328 -0.01346367
0.01142860 -0.00365479
-0.00332853 0.00038756
0.00531165 0.00621904
0.01271067 0.00274986
-0.00793702 0.01396866
-0.02371204 -0.02082864
0.00664432 -0.01496254
0.00216522 -0.00117494
0.00377552 0.00748563
-0.00875506 -0.00257223
-0.01810579 -0.00323759
-0.00421240 0.01404565
-0.00130140 0.01360772
0.00316065 -0.00147896
0.01046896 -0.00918692
-0.00086107 -0.01015340
-0.00167874 -0.00586567
-0.00368632 0.00694870
-0.00431941 -0.01062868
-0.00870430 -0.00600019
0.00599530 0.00775659
0.00741088 0.00634808
0.00292466 0.00949166
0.00469518 -0.02387253
0.00197847 0.00307974
-0.01196291 -0.00459275
-0.00173176 -0.00939726
-0.00439354 -0.01270736
-0.00534984 0.00545120
-0.00859174 -0.01170675
-0.00627979 -0.00626249
-0.01506280 -0.00432012
-0.00433706 -0.00327098
-0.00810843 -0.00108989
-0.00722420 0.00111649
-0.00328449 0.01234439
0.00737551 -0.00023806
0.00643570 0.01113545
0.00197130 0.00839746
0.00296609 0.01203209
0.01904455 0.01730944
-0.01259126 -0.02173857
-0.00988646 0.01525822
-0.00893394 -0.01940109
0.00888237 -0.00143919
0.01178785 0.02802607
0.00518953 -0.01270264
-0.00014405 0.00838186
0.00223230 0.01644595
0.00099025 -0.01812982
0.01575293 0.00570784
-0.00811104 -0.00556980
-0.01870698 0.00207940
-0.00963821 -0.00889933
0.00003814 -0.01387388
-0.01011466 -0.00978364
-0.00231425 -0.01809390
-0.00617889 0.00039294
-0.00492241 0.00759457
0.01216133 0.00443297
-0.00625230 -0.00876693
-0.01138169 -0.01385095
-0.00421031 0.00570637
-0.01169074 0.00381985
-0.00542951 0.00212475
-0.00400584 0.00121709
-0.01173843 0.00011296
-0.01280261 -0.00120492
-0.00347402 0.00731993
-0.00369154 -0.00682475
-0.01631327 -0.00301616
0.00969832 -0.00924697
0.01063947 -0.00171278
0.00442493 -0.01027562
0.00170182 -0.00412662
-0.00395146 0.00048395
-0.00107394 -0.00653977
0.00523317 0.00560999
-0.00653954 -0.00187650
-0.00739462 0.01076124
-0.00446755 0.00339730
0.00179182 -0.00806674
0.01651460 -0.00762398
-0.00266688 -0.01656049
-0.01052146 -0.00605097
-0.00045633 0.00549834
0.00663508 0.00175178
0.01432469 -0.00181202
0.00241735 -0.00349925
0.00371210 -0.00869347
0.00010010 0.00124966
0.00984408 0.00880515
-0.01441598 0.00850440
-0.00091494 -0.00121479
-0.00292944 0.01821124
-0.00088346 -0.00291673
-0.00536931 0.00133088
-0.00726578 -0.00041292
-0.00429481 0.00302258
0.00433397 -0.00166184
-0.00187382 -0.00328830
0.00023436 0.00386977
0.01425529 -0.02530434
-0.00598836 0.00062590
0.01106587 0.01556951
0.00144761 0.01421710
0.00686900 -0.00211063
0.00479779 -0.00261977
-0.00248840 -0.01263309
-0.00147095 -0.00320560
0.01358138 0.01255089
-0.00887723 0.00844084
0.01271983 0.00582715
-0.00510588 0.00199046
-0.01633235 -0.00006413
0.00877511 0.00133591
0.01289155 -0.01310504
-0.01095662 -0.00149199
0.00357277 -0.00352286
-0.00730838 0.00235706
0.00071885 0.01620382
-0.01420442 -0.00476652
0.00925728 -0.00069532
-0.00003263 -0.01266267
0.00674358 0.01150187
-0.00449231 0.00324953
-0.01745384 -0.00139564
0.00553121 -0.00014912
-0.00411746 0.00134664
0.00207003 0.01180097
0.00266647 -0.00088540
0.00312433 0.00160890
-0.01023446 0.01268742
-0.00424165 0.00525892
-0.00697337 -0.00185019
-0.00198213 -0.00064970
-0.00071971 -0.00860038
-0.00817588 -0.00469826
-0.00672903 0.00621238
-0.00509085 0.00388387
-0.00059562 0.01235666
-0.00831248 -0.00564448
-0.00438295 0.00695348
-0.00072240 -0.00929634
0.00117255 0.00132568
0.00576198 -0.00581454
0.00802297 0.00227982
0.00875417 0.00346390
0.00422847 0.01188287
-0.00922876 -0.00089085
-0.02109230 -0.00063718
-0.00241121 0.00202231
-0.01486940 -0.00534954
0.00657972 -0.01134256
-0.00190538 0.00422540
-0.00924256 -0.01075417
-0.01019012 0.00224827
-0.00828966 -0.00629431
-0.00165510 0.01023481
0.00900721 0.00014146
0.01041121 0.00064894
0.00981086 -0.00237507
0.01463580 -0.00579408
-0.00723331 -0.00509935
0.00285062 0.00365922
-0.00512552 0.00061934
0.00051507 -0.00478243
-0.00762269 0.00046322
0.01068448 -0.00637324
0.00365651 -0.00760816
0.00832206 -0.00915125
-0.00638748 0.00346315
-0.00835881 -0.01543344
0.00041115 -0.00243295
-0.00228077 0.00795037
-0.00048866 -0.00222502
-0.00140069 -0.00197716
0.00968372 -0.00051832
-0.00598766 -0.01612242
0.00330936 0.00354218
-0.01333448 0.01266487
-0.00336786 -0.00173310
-0.01872142 0.00262841
-0.00583809 -0.00914584
0.00372144 0.00326397
-0.00246779 0.01050803
-0.00137500 -0.00888510
-0.00089273 0.01025421
-0.00424490 -0.00036716
0.00750123 0.00853662
0.00712326 -0.00717389
0.00666068 -0.00646949
-0.00084123 -0.00112640
-0.00027524 0.00691035
-0.00581895 -0.00651564
-0.00336628 0.00453671
-0.00528915 0.00064513
-0.00118180 -0.00474131
-0.00016497 -0.00348147
0.00149180 -0.00322523
-0.01322616 0.00189601
0.01044494 0.00594460
0.00075012 -0.00271973
0.00389072 0.00597973
0.00479802 -0.01633536
-0.00654519 -0.00307974
0.01151063 0.01642987
0.00200178 0.00851627
-0.00990902 -0.00032379
-0.00751713 -0.00769231
0.00108893 0.00738520
0.00899763 0.00226318
-0.00352950 0.01295237
0.00316102 -0.00126394
-0.00963317 -0.00664919
-0.00205047 -0.01488092
0.01500486 -0.00599537
-0.00249337 -0.00177827
-0.01295808 0.00477226
-0.00966716 0.01395669
-0.00982963 0.00478504
0.01693216 -0.00399230
0.01470916 -0.00507128
0.00835696 0.00866313
0.00967066 0.01561375
0.01084446 -0.00712172
-0.00940095 -0.01138183
0.00431156 -0.00391600
0.00305027 -0.00479689
-0.00740411 -0.00093882
0.00089795 0.01382460
-0.01145874 0.00334774
0.00640856 -0.01051060
-0.01150013 0.00555045
-0.01478681 0.01511829
-0.00017498 0.00037866
-0.00376299 -0.00506169
0.00378528 0.00815940
0.01547176 0.00299908
0.00759367 -0.00311804
0.00487381 0.00145696
-0.00613968 -0.00416460
-0.00709519 0.00453593
-0.00774505 -0.00535458
-0.01245175 -0.00237031
-0.00125185 -0.00178816
-0.01210213 -0.01484215
-0.00481877 0.00226708
-0.00177418 0.00337811
0.00412899 -0.01222335
-0.00698651 0.00316214
-0.00034312 -0.00630475
-0.00096854 -0.00227879
0.00786057 -0.00042607
-0.00735240 -0.00268908
0.00728045 0.00933633
0.00311775 -0.00250065
0.00424597 0.00323363
-0.01147423 0.00985149
-0.01163373 -0.00627679
0.00414585 0.00693757
0.00393713 0.00693620
-0.00366591 -0.00472039
0.00228204 0.00076159
-0.00746430 -0.00448736
-0.00108016 0.00078459
0.00116549 -0.00090823
-0.01736448 -0.00122114
0.00156189 -0.01028610
-0.00500613 0.00074871
0.00751661 0.00516754
0.00262744 0.00073631
0.00576998 -0.00655437
-0.01356923 0.00067519
-0.00309573 0.01420433
-0.00624472 -0.00110742
0.00781103 0.00029837
0.00588700 -0.00011128
-0.00602724 0.00537188
0.00151938 -0.00314311
0.01091131 0.00182671
-0.00428687 0.00120361
0.00233419 -0.00450478
-0.00230033 -0.00256344
-0.00228848 0.00152521
0.00436792 -0.00515249
0.00577181 -0.01542307
-0.00330813 0.01065621
0.00722313 0.00069092
-0.00194540 -0.01473423
-0.00025131 -0.00028936
-0.00709168 -0.01431862
0.01387337 0.00816646
0.00450512 -0.00046414
0.00861494 -0.00459216
-0.00065184 -0.00299560
-0.00207192 0.00722719
-0.00358516 0.00084580
0.00724312 -0.00095234
0.00192167 0.00475916
-0.00974711 0.00721082
0.00194013 -0.00350820
-0.01136370 -0.00160151
-0.00817415 0.00223574
-0.02702545 0.00878544
-0.00421650 0.01526001
0.01307062 0.00853231
-0.00508702 -0.00083192
-0.00636250 0.00582556
-0.00374716 -0.00457168
0.00557080 0.00901476
-0.00151252 0.00681081
-0.00472467 -0.01347899
-0.00498341 -0.01071522
-0.01147316 0.00160667
-0.00171788 0.00344747
-0.00187030 -0.00438301
0.01415263 -0.00021314
0.00622274 0.00460181
-0.00478357 -0.00346196
-0.00414916 -0.00646031
0.01223463 -0.00642685
-0.01094945 0.01155568
-0.01043410 -0.00780375
0.00098881 0.00056806
-0.01419315 0.00923147
-0.02065719 0.00100538
0.00448816 -0.00007517
-0.01358597 -0.00393968
-0.00212398 0.00041723
0.00550565 -0.00133123
0.00054090 -0.00190251
-0.00897231 0.01390549
0.00100482 -0.00040762
0.00195599 -0.01059262
-0.00092746 -0.00408789
-0.00335854 0.00772781
0.00976792 0.00814618
-0.00181000 0.00667308
-0.00398723 0.00170295
0.01723127 0.00747656
0.00734165 0.00189485
-0.01272618 -0.00957691
0.00089897 0.00599101
0.00159117 0.00233375
-0.01119608 -0.00569642
-0.00190177 -0.00127850
0.00128245 -0.00327729
-0.00219400 0.00257525
0.03039252 0.00219011
-0.00716491 -0.00532145
-0.01252974 0.01954765
0.01795243 0.00708488
-0.00505666 -0.01092388
0.00443538 -0.00311820
-0.00330649 0.00178444
-0.00803401 -0.01076024
0.01264886 -0.01091398
0.01089040 -0.00343899
0.00434539 -0.01227696
0.01070420 -0.00322992
0.00282660 0.00352029
-0.00008509 -0.00060957
-0.00920653 -0.00891677
-0.00023383 -0.01406821
0.00211700 -0.00082310
-0.00246298 -0.00093136
-0.00366892 0.00847743
-0.00356319 -0.00155909
0.00167490 0.01059444
-0.00719067 -0.01139303
0.01371185 0.00471676
0.00416100 -0.00693089
-0.00686669 -0.00093677
-0.00121312 -0.00767121
-0.02398624 0.00234437
-0.00138485 -0.01418029
-0.01304455 0.01140608
0.02314450 -0.00022575
0.00213253 -0.01809711
-0.01525071 0.01003536
-0.00273379 0.00298073
-0.01157158 -0.00281283
0.01143144 0.01347092
0.00021054 0.02326997
-0.02515536 0.01668329
-0.01964461 -0.01184200
0.00268536 0.00768838
0.00230921 0.00283341
-0.00279326 -0.00267699
0.00005666 -0.00913653
0.00564855 0.00843898
0.00572716 -0.00862057
0.00280612 0.01542353
0.00700470 0.00718841
-0.01078378 -0.00482272
0.00625961 -0.00922917
-0.01379308 0.00892130
0.00794524 0.00240996
0.00262478 -0.00488508
-0.01983400 0.00205473
-0.00706702 0.00018491
0.00249812 0.00629894
-0.00615846 -0.00595141
0.00150261 -0.00299866
0.00033222 -0.01486641
-0.00909860 0.00580085
-0.01280784 -0.00341897
-0.00757065 -0.00364360
0.00282727 -0.00391769
-0.00270690 -0.00424247
0.00129702 -0.00241628
-0.00729744 -0.01247066
0.01383242 0.00007924
-0.00391131 0.00010806
-0.00644809 0.01603049
-0.00304882 -0.01882448
-0.02178602 0.00133320
0.01414665 -0.00740443
0.00370289 0.00876624
-0.00805836 0.01726998
0.01630107 -0.01567395
-0.00596749 0.00475777
0.01218311 0.00395150
-0.00517806 -0.00751204
0.02093807 0.02217726
-0.01499284 0.01172700
-0.00398395 -0.00911705
0.00728815 -0.03116936
-0.01868555 -0.01545547
0.00669983 -0.00243734
0.00428731 0.00832988
0.01326113 -0.01090562
-0.00230767 0.00587060
0.01591289 -0.00174243
-0.00516569 -0.01186909
0.01862499 -0.00365243
0.00745599 -0.00075040
-0.00793513 0.00425886
0.01837540 0.00140611
0.00379711 -0.04953396
0.00346412 0.00408208
0.01380948 0.00831777
-0.01073441 -0.00713757
0.00594920 0.01527887
-0.01100160 0.01163285
0.00656977 -0.00483893
-0.00958116 -0.00540698
0.00268443 -0.01076452
-0.00715106 0.00342149
0.00168881 0.00002735
0.00388449 0.00564713
0.00266999 -0.00851265
-0.01146513 0.01467019
-0.00343154 -0.00449804
0.00860477 -0.00016390
-0.00148781 -0.01684556
-0.01733687 -0.00667652
0.00363531 -0.00366212
-0.01403439 0.00189070
-0.00312993 -0.00561650
-0.01291751 0.00322190
0.00575455 0.00215887
-0.00395853 0.00308806
-0.00774435 -0.00762761
-0.00402041 0.00631545
-0.00619688 0.00354278
0.00060891 -0.00235697
0.01240222 0.00182367
-0.01064496 -0.02801389
0.01630509 0.00416426
-0.01821657 -0.00159806
0.00164970 0.01283260
0.00832531 -0.01085078
-0.00225188 0.00128831
0.02146649 0.01000096
-0.02575660 0.00466769
-0.00501936 -0.00288376
0.01103723 -0.01331539
-0.00448889 -0.01189651
-0.00709482 -0.00977679
-0.00182627 0.00626149
-0.00512472 -0.00583444
0.00107879 -0.00172892
-0.01642907 0.01488976
-0.01239903 -0.00432914
0.00065824 0.00653712
0.00593239 0.00481865
0.01102997 -0.01103033
-0.00066197 0.00408007
-0.01376164 -0.00723014
-0.00081236 0.01297487
-0.00556280 -0.01590731
0.00143207 -0.01907045
-0.01295817 0.00317373
0.00106398 0.00059432
0.00405123 0.00394933
0.00136391 -0.00100134
-0.00442163 -0.00688218
-0.00985134 0.00341740
0.00485749 -0.00811165
0.00488505 0.00460793
-0.00091472 0.00424236
-0.01386506 -0.00794325
-0.00109478 -0.00258976
-0.00489917 0.00143518
-0.00785882 -0.00688932
-0.00720277 -0.00290620
-0.00109558 -0.02347462
0.00010543 0.00233934
-0.00567165 -0.00966852
-0.00573627 -0.00172804
-0.00211830 0.01000412
0.00347314 0.00668547
0.00211190 0.00648007
-0.01179865 0.00671094
-0.00787321 0.00249773
0.00092954 -0.01788792
0.01812956 -0.00366091
0.02462766 -0.00834652
-0.00420844 0.01534025
-0.00213270 -0.01563314
-0.00630910 -0.01306705
0.00270713 0.00426512
-0.00426435 -0.00808291
0.00405344 -0.00663736
-0.01063675 -0.01345265
0.00726307 0.00115821
-0.00474949 0.00619590
0.00325070 -0.00541353
-0.00601124 0.00393550
0.00730494 -0.00542242
-0.00926180 0.02968805
0.00569168 -0.00778259
-0.00578848 0.00454882
-0.00466202 -0.00216806
-0.01120996 -0.01367823
0.01561225 -0.00511540
-0.00010738 0.00860735
-0.01614391 0.01008645
-0.01939210 0.00359478
-0.00799841 -0.00248322
-0.01984657 -0.01320781
0.00452086 -0.00125094
-0.01298058 -0.00112433
-0.02438121 0.01284368
0.01338569 -0.00587312
0.00943754 -0.00739216
-0.00042542 0.00789421
0.00962407 0.00319488
-0.00834809 0.02305877
0.01497457 0.01445960
0.00137856 -0.04714943
0.00117994 -0.01986825
0.01063147 0.01768498
-0.02271207 0.02450784
-0.02555558 -0.01001252
-0.01043017 -0.00849202
0.01149577 0.00966847
0.02467404 -0.00029761
-0.01277103 -0.00805950
0.00274080 -0.00586997
-0.00907890 -0.01000425
-0.02078540 0.00779938
-0.00104304 0.01111910
-0.01332717 -0.03162637
0.01684168 0.00028950
0.00719696 -0.00925805
0.00489527 -0.00629967
0.00084321 -0.01451965
-0.01485440 0.00079944
0.01025982 0.01058976
0.00545336 -0.01388661
-0.00375511 0.01769174
-0.00632803 0.00566501
-0.00113599 -0.00834351
-0.01026385 -0.00248520
0.00343413 0.01222655
0.00386159 -0.00331464
-0.00487434 -0.00805214
-0.02010770 0.00455222
-0.00797216 -0.01351882
-0.00467264 -0.00717621
0.01534583 0.00251653
0.00137465 -0.01904705
-0.00343582 -0.01928660
0.00519665 -0.01932500
-0.01837924 0.00805923
-0.00637442 -0.00686902
-0.01678971 0.00910035
0.01125917 -0.01845980
-0.01350885 -0.00124171
0.00572412 -0.00642090
0.00724048 -0.01172800
0.00144636 0.01923039
-0.00371335 -0.00944880
0.01876738 0.00902560
0.01300534 0.00511686
-0.00074766 -0.00274827
-0.01467190 -0.00825031
-0.01323192 -0.00005269
-0.00710805 -0.00453448
0.01122601 0.00390160
0.02225631 -0.00531947
-0.00899502 0.00536198
-0.00195226 -0.00326364
0.00665431 0.00695582
-0.01625110 -0.00080224
-0.00777689 0.00034324
-0.00048319 0.00599312
0.00247419 0.01140317
-0.01614555 0.01712789
-0.00067713 0.00268056
0.02140341 -0.01558262
-0.00874301 0.00327958
-0.00011570 0.00521630
0.00573432 -0.00598007
-0.00319053 -0.00578848
-0.00319956 -0.00267618
-0.00174389 -0.00840418
-0.01072462 -0.00207671
-0.00360429 0.00500321
-0.00380421 0.00048610
-0.00124469 0.00174961
-0.00131303 0.01455311
-0.00930219 0.01167127
0.00394492 0.00041879
-0.00213277 0.00379372
0.00402832 -0.00626007
-0.01180457 0.00725382
-0.01103614 0.00439446
0.00088753 -0.03546232
0.00708743 -0.00274949
0.01504891 0.00820171
0.00544310 0.00225733
-0.01688270 -0.00143128
0.03464263 -0.00796774
-0.00513500 0.00808590
-0.01857573 0.00748771
-0.01825477 -0.01318849
-0.00269257 0.01098680
0.00670573 -0.02145892
0.00846970 -0.02156072
0.01015412 0.01332599
-0.00032106 -0.00565190
-0.01311804 0.00768560
-0.00480630 -0.00357432
0.01721225 -0.00915251
0.00402765 -0.00885300
0.01112024 0.00029904
0.01517407 0.01307127
0.01573631 -0.01131094
0.01534741 -0.01915769
-0.01412282 0.01753416
0.00667788 0.01503762
0.00245713 -0.00409540
-0.03103475 0.01746292
-0.02907025 0.01139754
0.01021841 -0.00805296
0.01587833 0.00443655
-0.00562464 0.00866314
-0.00532035 0.01580282
-0.00885591 -0.01825097
0.00429710 -0.00877570
-0.00616825 -0.00423055
-0.01305898 0.00126386
0.00229257 0.01160248
-0.00937847 -0.01085903
0.02324997 0.01211445
0.01685096 0.01988375
-0.02973193 0.00533683
-0.01131682 0.00771659
-0.01433910 -0.00902649
0.00332795 -0.01889187
-0.00553577 -0.01104992
-0.02020104 -0.00728302
-0.01185894 -0.00507548
-0.01174218 -0.01738920
-0.01099649 0.00301220
0.00131633 -0.00625288
-0.00951627 0.00635609
-0.01654445 -0.00970665
0.00045584 0.01301710
-0.00985814 -0.00542767
-0.00796243 -0.01570592
0.00229163 0.00108856
0.00593497 0.00439752
-0.00570611 -0.01843021
0.00815619 0.00129729
-0.01331871 -0.00872161
0.02173729 -0.02512816
0.01323966 0.00318726
0.01502558 -0.00623700
0.00082553 -0.01130117
-0.01420814 -0.00041182
-0.00124957 -0.00538654
-0.00669809 0.00501680
-0.00294899 0.01494313
-0.00477280 -0.00112314
0.01171947 -0.00549161
0.00667534 -0.00291759
0.00465301 -0.00803160
0.00973772 -0.00613414
-0.00287419 -0.00820848
-0.01393515 0.01536986
-0.00518927 -0.01033496
-0.00363531 0.00922647
0.02247121 -0.00053518
-0.01554555 -0.00551824
-0.01070566 0.00084761
-0.00094416 -0.00189998
-0.00129527 0.00011459
-0.00520918 -0.01393956
0.00830714 -0.00921874
-0.00184570 -0.00415388
0.00471659 -0.01061317
-0.00413149 0.00027774
0.00211833 0.00133218
-0.00540275 -0.01215092
0.00601794 -0.00255137
-0.00606508 0.00583520
-0.00435350 0.01377562
0.00494783 -0.00301807
0.00321100 -0.00255363
0.00575794 0.00309069
0.00253109 -0.01086571
-0.01134278 -0.00269068
-0.02866224 -0.00714167
0.00466069 -0.01951027
-0.01825304 -0.00928033
-0.00524825 -0.00473202
-0.00550391 -0.00220098
-0.01175809 -0.00313686
-0.01164372 0.01023161
0.00037105 -0.00760402
-0.01216365 0.00535422
-0.00318749 0.00355822
0.00538638 -0.00547681
-0.00872815 -0.00444535
-0.00544424 0.00352527
-0.00376863 0.00868849
-0.00571728 -0.00192853
-0.00975670 0.00484881
0.00053332 -0.00348118
0.00949405 -0.00598553
0.00231505 -0.00463131
-0.00041069 -0.00248421
0.00523403 0.00021560
0.00185984 0.02944113
-0.03559962 0.00250917
-0.01998751 0.01100906
-0.00382495 0.00841680
0.00786782 0.02137650
-0.01029372 -0.00013920
0.02123666 0.00980753
-0.01161759 -0.00757885
-0.00693060 -0.02126459
0.00036477 -0.00553934
-0.00040047 -0.00373272
0.00040457 0.00010860
-0.01116799 -0.00751366
-0.00510730 -0.01387434
0.02240537 -0.00803738
0.01192820 0.00017297
0.00276567 -0.00910176
-0.01110911 -0.00636146
0.00913280 0.00282447
0.00618866 -0.02394234
0.00866876 0.00719310
0.00127246 0.00452190
0.00243622 0.01109686
0.01684169 -0.00003981
-0.00455826 -0.03224018
0.01255239 -0.01740218
0.02354847 -0.00840015
0.01874561 0.00202296
0.00302762 -0.01234363
0.00861071 -0.01387806
-0.01167040 -0.00395904
-0.00437522 -0.01185976
0.00870691 -0.03474621
0.00559751 0.00275181
0.03721755 -0.02968824
0.00798848 0.01593918
0.01793502 -0.00725812
-0.00143427 -0.00605171
-0.00843901 -0.00706196
-0.01511909 -0.01516696
-0.00752767 -0.01338032
-0.00711504 0.00537560
-0.00473490 0.00344403
0.00319384 -0.00556039
-0.02233601 -0.01941753
-0.00467475 -0.00439706
0.00345441 0.00340804
-0.00059038 -0.00478699
0.00125079 -0.00320888
-0.01560399 -0.02074247
0.00878218 0.01054597
0.01277267 0.00070676
-0.00966257 -0.00069369
-0.01323052 0.00368870
0.01199179 0.00089116
0.00612024 -0.01201032
0.00330889 -0.00220645
-0.00501864 -0.01595924
0.00509047 -0.01937455
-0.00146894 -0.00393417
0.00003364 0.00003432
0.00243905 -0.00333715
0.01741941 0.00183747
-0.01052090 0.01147347
-0.01060353 0.01681951
-0.00058500 0.00161236
-0.01325307 -0.01655243
-0.01132227 -0.00417296
-0.02216596 0.00657250
0.00096864 0.00341743
-0.00096238 0.01181274
0.00527400 0.01564876
-0.00468214 -0.00355250
0.00662969 -0.01261913
-0.00164198 0.00231709
-0.00217099 0.01325297
0.00095056 -0.00139692
-0.01797044 0.00714490
-0.01229612 -0.01813453
-0.00038689 0.00234054
0.01752352 0.00949953
0.00807363 -0.00788839
-0.00845964 -0.01147850
-0.00809613 0.00462244
0.00230501 -0.00039293
0.00808049 -0.00818767
-0.00211287 -0.00193064
-0.00354237 -0.00382552
-0.00685052 0.00139333
-0.00232674 -0.01004325
0.00448892 -0.00003515
0.00550845 0.00875038
-0.00677223 -0.01173102
0.00813817 -0.00371616
0.00268000 0.00316853
-0.01112884 -0.00547647
-0.01328156 -0.00136458
0.00147126 -0.00377935
0.01244384 0.00254518
-0.00519061 0.00307788
0.00303649 -0.01889764
-0.00039645 0.01430238
-0.00943812 -0.00270934
0.00610375 0.00604237
0.00130183 0.00376395
-0.00568665 0.00109732
0.00416123 -0.00180518
-0.00859643 -0.00148056
0.00665944 -0.01978290
-0.00193024 0.00754607
0.01263392 -0.02474269
-0.00593025 -0.00592616
0.00272935 0.00459914
-0.00637236 0.02341290
-0.01316300 0.01317569
0.01140365 -0.02024973
0.01730989 -0.01458991
0.01842938 -0.00235881
0.01264092 -0.01125494
-0.01399827 0.00318777
-0.01881607 0.00527703
-0.01583492 0.01721401
-0.00181656 0.00709623
-0.01162667 -0.01904968
0.00920835 0.00798406
0.00291552 -0.00130628
0.02499464 -0.01593951
0.02471726 -0.00194242
0.00621725 -0.01087804
0.01205096 -0.01247567
-0.00617311 0.01845927
-0.00207659 -0.01094719
0.01420560 -0.00971632
-0.00450244 -0.00543979
0.00477603 0.00868980
-0.01737424 -0.01179386
-0.00488519 0.00343408
-0.02584942 0.02254101
-0.01261229 0.02051678
-0.00557598 0.01528400
-0.00366557 -0.00438170
-0.01359229 -0.00297712
-0.02127226 -0.00021955
-0.01196885 -0.00790537
-0.00257099 -0.00967562
0.00373737 -0.01144466
-0.00070840 -0.00135886
0.00857754 -0.02499895
-0.00474621 -0.01803153
0.00900391 0.00376437
-0.00469631 -0.00259229
-0.00581357 -0.00027033
-0.00825762 -0.00444873
-0.00598469 -0.00056328
0.01095253 -0.00850182
0.00359938 0.00606298
-0.00659179 -0.01427951
-0.00495443 0.00874385
-0.00678022 0.00478339
0.00356351 0.01922457
0.01107119 0.00260125
-0.01278001 0.01246765
0.00285757 -0.00457972
0.01171903 -0.01420968
-0.00298361 0.01008728
-0.00570800 0.00856783
-0.00420318 0.00510544
-0.00755023 0.00909175
0.00816633 -0.00119089
-0.01019657 -0.00256239
-0.01565382 -0.00434483
-0.00915994 -0.01167682
0.00016483 0.00465504
0.00365357 -0.00176699
-0.00889632 -0.00871814
0.00012312 0.00676029
-0.00212727 -0.01278813
-0.00606654 -0.00624542
0.00751942 -0.00005207
0.00160367 -0.01104565
-0.00426173 0.01097772
0.00652217 -0.00550888
0.00439298 0.00431397
-0.01292460 -0.00260479
0.00950937 -0.01036967
-0.00030263 -0.01152266
0.00811472 -0.00782512
-0.00061310 -0.00694077
0.00631104 -0.00247676
0.00450771 -0.00087502
0.01596135 0.00189162
0.00726494 -0.00249290
0.00215094 -0.00511197
-0.00980486 0.00688092
-0.00223820 -0.01751225
0.00777226 0.00038747
-0.00744134 0.00230748
-0.01486572 -0.00521120
-0.00563784 -0.01411365
-0.00871911 0.00378756
0.00167558 -0.01115973
-0.00626824 0.00078070
-0.00485565 0.00258883
0.03376247 -0.00413102
-0.01378433 -0.00365713
0.01697697 0.01891190
-0.02022244 0.02166672
-0.00283301 -0.00645700
0.00054207 -0.00158971
0.00227830 -0.00982127
-0.00902206 0.00449465
-0.00148696 -0.02642217
0.00882487 -0.00418105
0.00078814 -0.01015749
0.00380315 -0.00661976
0.00864466 0.00288384
-0.00511024 0.01198804
0.01768570 0.02264831
0.00575292 -0.01124290
-0.00179892 -0.00305237
-0.00267072 -0.02270293
0.02174839 0.01046826
0.00367496 -0.01311347
0.00263966 -0.00289325
0.00875101 0.00586482
-0.02752862 0.00576058
-0.00735564 0.00188916
-0.01909854 0.00575519
0.00181810 -0.00043946
0.00086650 -0.00917727
0.00392123 0.02107364
-0.00351300 -0.00480849
0.00689932 -0.01426419
-0.00342666 -0.00955083
-0.00756949 -0.00533487
0.00687209 -0.02064191
0.01565764 -0.00349142
0.00383302 -0.00872099
0.01443761 0.00501556
-0.01097819 0.00314865
0.00687474 0.01402348
0.01128515 -0.00727650
0.00545953 0.00093156
0.02412408 0.00605205
0.00760084 0.00725576
-0.00341608 0.00238903
-0.00753975 -0.00260467
-0.00621659 -0.00538226
-0.01378683 -0.00952110
-0.00503190 0.00615787
-0.00308693 0.00318228
-0.00167165 -0.01336344
0.01893003 -0.00464299
-0.01503809 -0.00743302
0.01331928 -0.00612969
-0.00548177 0.00938172
0.00449399 -0.00107489
-0.00837478 0.00066157
-0.00433348 0.00471598
-0.00217482 -0.00313585
-0.00141615 -0.00605685
0.00179174 -0.01373854
-0.00228766 -0.00476501
-0.01012815 0.00076162
-0.00312113 -0.00245355
-0.00772312 -0.01055123
-0.00647457 0.00202418
0.00802825 0.00402074
-0.00384276 -0.00804742
-0.01433764 -0.00430471
-0.00937400 0.00713044
0.00604354 0.00442519
0.00838024 0.00351796
-0.00961817 0.00486143
-0.01259752 -0.00155457
-0.00122293 0.00480284
0.00767767 -0.01621713
0.01351727 -0.00611277
-0.02079739 0.00259215
0.00065899 0.00085391
0.00054976 0.00899689
-0.00027458 -0.00393218
0.00338928 -0.02215547
-0.01026610 0.01447190
-0.00807987 -0.00319535
0.02369575 0.00294544
-0.00449603 -0.00365815
-0.00054688 0.00790444
0.01243293 -0.00450575
0.00536525 0.00127387
-0.00107594 0.00058207
-0.00754452 0.00503236
-0.00937048 -0.00271349
-0.01611793 0.02362670
-0.00798825 0.00817534
-0.02315002 0.00324546
-0.00213059 0.00150272
0.02084224 -0.00869618
-0.00149560 -0.00164702
-0.00409726 -0.01605596
0.00913763 0.00146366
-0.01139279 -0.00532181
-0.00891110 -0.00184615
0.00451809 -0.00803731
-0.00930378 0.00150559
-0.01073905 -0.00823671
-0.00247831 -0.00126341
-0.00676089 0.00383334
-0.01228462 -0.00747350
0.00782631 -0.00061135
0.00132798 -0.00519913
-0.00427475 -0.00634550
0.01162312 0.01193035
-0.00498693 0.00287722
-0.00919011 0.00064677
-0.01221626 -0.01565270
-0.00756791 -0.00323012
0.00346454 0.00967401
-0.01243362 0.01458794
-0.00353708 0.01177429
0.01058673 -0.00710812
-0.03844723 -0.00223566
0.01982551 0.02971664
-0.00576613 0.00025142
-0.01097862 -0.01785643
-0.00310171 0.00006758
0.02524391 0.01148469
0.02488151 -0.00456882
-0.00900103 0.00513808
0.00229303 -0.01383402
0.00579078 -0.00339542
0.01816483 -0.01120963
0.00045232 -0.01281094
0.00126703 -0.02462281
-0.00539416 -0.00734800
-0.00397433 0.00885426
0.00173867 0.00012938
0.00578298 -0.00050414
0.00135617 -0.01396819
-0.00472759 0.01087633
0.00276202 0.01080360
0.01098150 0.01574913
0.01437052 0.00304264
-0.00195317 -0.01124234
0.01864522 0.01186940
0.00519065 0.00911724
-0.00926362 0.02074255
0.00718199 -0.00085213
0.00009391 -0.00718993
-0.00597053 0.00119471
-0.00285061 -0.01016902
0.00419555 -0.00808142
-0.00355429 0.00076890
-0.01669374 0.00539191
0.00965491 0.00013434
0.00101188 -0.00125119
0.00618791 0.00135999
0.00106264 -0.01328292
-0.00938376 -0.00670984
-0.00951834 -0.00662198
0.00394444 -0.00153663
-0.01447239 0.00042365
0.00908788 0.00783775
-0.00695124 0.00740100
0.00268323 -0.00521786
-0.00582291 0.00736725
0.00988296 -0.00304787
-0.01601081 -0.00613583
0.01466568 0.00309553
-0.01241311 -0.01329349
-0.00332122 -0.01532860
-0.00362858 0.01591041
-0.00428239 -0.01292126
0.01980198 0.00597401
0.00426553 -0.01735251
-0.00077277 -0.01748882
0.00989196 -0.00051788
0.00524472 -0.00384640
0.00237466 -0.01483675
-0.00128458 0.00453831
-0.00610951 -0.00400258
-0.00119077 0.00280866
0.00644254 -0.00279603
0.00925447 -0.01022234
0.01435121 0.00308678
-0.00658350 0.00495644
-0.00426565 0.00989155
-0.01114617 0.00562237
-0.00186388 0.01003180
-0.00556080 0.00086852
-0.01667163 -0.00223107
-0.00330559 0.01111362
-0.00331880 -0.00992801
-0.00879642 -0.01335391
-0.00536400 -0.00678198
-0.01513584 0.00152296
0.00360386 -0.00126625
-0.00508395 0.00119003
-0.00705951 -0.00432499
-0.00000373 -0.00089286
-0.00216700 -0.02191249
-0.00699506 -0.00849311
0.00701219 -0.00827366
-0.00398312 -0.00423627
0.00332517 -0.01134491
0.00225693 -0.00220925
0.00112107 0.00123723
-0.00216442 -0.00783372
0.00011304 -0.00658453
-0.00661176 0.00395527
-0.00323162 -0.00590851
0.00015645 -0.00162969
-0.00995836 -0.00554433
0.00755452 -0.00545010
0.00167987 -0.00258660
0.00542427 0.01661381
-0.00305357 0.00690108
0.00710910 -0.01090975
0.00275463 -0.01029767
0.01206963 0.00217542
-0.00985505 -0.00795541
0.01215547 0.01112958
-0.01262168 -0.00773790
-0.01164024 0.00569085
-0.00649484 0.00130760
0.00286352 -0.00815388
0.00191924 0.00169536
0.00408571 -0.00232197
0.00369210 0.00916679
-0.00184258 0.00174664
0.00083519 0.00486869
-0.00808996 0.00321058
-0.01191614 0.02905578
0.01271020 0.00142830
-0.01436442 -0.00772810
0.00941295 0.00715575
-0.01054424 -0.01824627
0.01732637 0.00786006
-0.00961673 -0.00557979
-0.00004360 -0.00891151
0.00157379 0.00188160
-0.00450210 -0.00541068
-0.00732602 -0.00823834
-0.00409582 -0.00247692
-0.00955185 0.00103123
0.00237209 -0.00464014
0.00021476 0.00067667
0.00173034 -0.00279436
-0.00072154 -0.01290269
-0.00805655 -0.00115929
0.00465519 0.01370198
0.00083057 -0.00778465
0.00203868 -0.00801148
-0.00860494 -0.00570954
-0.00823755 0.00170585
0.00245710 -0.00149565
-0.00803952 -0.00292104
0.00677306 -0.00760435
-0.01191693 0.00472794
0.00605475 -0.00057604
0.00725653 0.00084108
0.00545481 -0.00442010
-0.00134691 -0.00394180
-0.00746872 -0.01102308
0.00442035 -0.00589246
0.00656696 -0.00732741
-0.00197259 0.00171588
-0.00368666 -0.01194948
0.00994394 0.00041292
0.00011085 0.00334836
-0.00187776 0.00064766
0.01204249 0.00174340
-0.00648200 -0.00254137
-0.00591274 -0.00679887
0.00094315 -0.00696741
-0.00705356 0.01136923
-0.00066041 -0.00188998
-0.00436582 0.00530753
-0.00293195 0.00474930
-0.00211434 -0.00681344
-0.00245631 0.00070257
-0.00923216 -0.01066970
0.00490631 0.00135247
0.00675799 -0.00757090
-0.00704553 -0.01124350
-0.00385557 -0.00399570
-0.00687544 -0.00008803
0.00404955 0.00479984
-0.00650059 -0.00393465
-0.00526090 -0.00762774
-0.00691526 -0.00495682
-0.00559751 -0.00346375
0.02213304 0.00331208
-0.00136688 0.00415715
-0.00962857 0.00845386
-0.00422662 -0.00888840
-0.02936256 -0.00024629
-0.00017386 0.00304609
0.01699843 -0.01142347
-0.00355926 0.01385810
-0.00863905 -0.00891810
0.00475123 0.01221698
-0.01169675 0.00028150
-0.01446295 -0.00658488
0.01172188 -0.00036653
-0.00246002 0.00492732
-0.00424282 -0.00180399
0.00536038 -0.00122207
-0.00758496 -0.00416321
0.00349443 0.00867322
-0.00449452 0.01117236
-0.01222432 -0.00919862
0.00214370 -0.00083267
-0.00046482 -0.00017190
-0.00575745 -0.00562046
-0.00218237 -0.01248895
-0.00328204 0.00333731
-0.00769877 -0.00479456
-0.00555552 -0.00801227
-0.00066018 -0.00709132
-0.00554216 -0.00207347
0.00066490 -0.00553557
0.00149808 0.00124141
-0.00527431 0.00415209
0.00143554 -0.00360264
0.00868869 0.00491694
0.00214965 0.00101110
-0.00967326 -0.00324752
-0.00418920 0.00653696
0.00373933 -0.00155435
0.00384074 0.00104507
-0.00821224 -0.00867909
0.00347384 -0.00437102
-0.00762445 -0.00320250
0.00946692 0.00732259
0.00573902 -0.00755780
0.01432934 -0.00467077
0.00038143 -0.00090782
0.00014934 0.00594075
0.00306463 0.00399167
-0.00961267 -0.00972498
-0.01245414 -0.00634211
0.01573448 -0.00181226
0.00515524 0.01126406
-0.00859332 0.00089150
0.01133455 0.00059506
-0.00363550 -0.01012739
0.01355863 -0.01024326
-0.01444220 0.00347223
0.00535909 0.00276406
0.00253430 -0.00397578
-0.00273504 -0.00118738
0.00188148 -0.00141227
0.00825421 0.00441131
0.01074819 -0.01787858
-0.00508948 0.00423772
0.00328514 -0.00113319
-0.00315777 -0.00210077
-0.00569489 0.00326251
0.00584949 0.00352715
-0.00264259 0.01115467
-0.00439224 0.01040286
0.00335053 -0.00422092
-0.00950840 -0.00640976
-0.00152515 0.00809634
-0.00177710 -0.00991393
0.00749869 -0.00102379
-0.00619577 -0.00173987
0.00959356 -0.00319049
0.00012097 0.00067439
0.01256287 -0.00240143
0.00348932 0.00123735
-0.00047759 0.00377559
-0.00669059 -0.00384831
0.00362973 -0.00772248
-0.01057553 -0.00558242
0.00342907 -0.00621521
-0.00723006 -0.01585333
-0.00962313 0.00022622
-0.00402105 -0.00857692
-0.00374016 -0.00519723
0.00187064 -0.00249297
-0.00340407 -0.01337060
-0.00470252 -0.00975075
0.00416947 -0.00298936
-0.02230122 -0.00028826
-0.00817489 -0.00227634
-0.00535696 -0.00145906
0.00045340 -0.00584037
0.00389389 0.00601841
0.00144331 -0.00541505
0.01502338 0.00252243
-0.00089546 -0.00431171
-0.00047270 -0.00344698
-0.00817234 0.00074379
0.00512792 -0.00878843
-0.00202734 -0.00319237
-0.00093552 -0.00317830
0.00380836 -0.00792912
-0.01059409 -0.00182901
0.00036318 0.00177314
-0.00589704 -0.00833040
0.00013821 -0.00146885
-0.00955201 -0.00732509
0.00330716 0.00044595
0.00224580 -0.00124319
-0.01068996 -0.00449317
-0.00304013 0.00117651
-0.00599264 -0.00155537
0.00000379 -0.00217287
-0.00237748 0.00998465
-0.00531348 0.00490642
-0.00403229 0.00001849
0.00494298 -0.00796562
-0.00449036 0.00466466
-0.00390101 -0.00346406
-0.01177057 -0.01131909
-0.00009715 0.00179349
0.00105553 -0.00194893
0.00294217 -0.00120648
-0.00859575 0.00498052
-0.00073883 -0.00219314
0.00553631 0.00038777
-0.00480279 -0.00820422
0.00458484 -0.00990276
-0.00125741 -0.00223714
-0.00854037 0.00221638
0.01204140 0.00285047
0.00293713 -0.00772564
-0.00267380 -0.00125981
-0.00586726 0.00345810
-0.00891731 0.00664629
-0.00263780 -0.01262583
0.00641196 -0.00167231
0.00314383 0.00058767
0.00792783 0.00300561
0.00901192 0.00668663
-0.00440684 -0.00510499
0.00146153 0.00267784
0.00657679 -0.00997721
0.00065925 0.00709423
0.00117518 -0.01073662
-0.00703384 -0.00357177
0.00346024 -0.00757344
-0.01103157 -0.00127338
-0.00589284 0.00293099
0.00047528 0.00054588
0.00347133 -0.00389536
0.00003926 0.01485195
0.00191527 -0.00928104
-0.00034036 -0.01252901
-0.00599942 0.00600341
-0.00668545 0.00194843
-0.00681242 -0.01671673
-0.00048731 -0.00086583
-0.00182081 0.01907776
0.00682650 -0.01109458
0.00692742 0.00288753
0.00093102 -0.00226224
0.00073587 -0.00664977
0.00577971 -0.00402393
-0.00038201 -0.00083161
-0.00037989 -0.00938672
-0.00469042 -0.01321271
0.00387286 -0.00013588
-0.00075029 -0.00225576
0.00182693 0.00156551
-0.00742181 -0.00324399
-0.00908721 -0.00016499
0.01175439 0.01374284
-0.00205032 -0.00273403
-0.00433227 -0.00183758
0.00168038 0.00821748
-0.00448157 -0.00247406
0.00196827 -0.00420463
-0.00929968 0.00214842
0.00207807 0.00570691
-0.00993178 0.00284225
-0.00165603 0.00519967
-0.00902080 0.01161379
-0.01187937 0.00705187
-0.01104339 -0.01352105
0.01138435 0.01208372
-0.00278114 0.00914866
-0.01041488 -0.00298928
0.00478670 0.00282217
0.00301058 0.00490532
0.00161815 0.00448006
-0.00329110 -0.00989578
-0.00949568 0.00474302
-0.00052632 -0.00113169
0.00354476 0.00213746
-0.01131921 -0.00032785
-0.00667634 -0.00260849
-0.01012056 -0.00422710
0.00314253 0.00572499
0.00126373 -0.01044282
0.00554685 -0.00101225
-0.00794086 0.00024140
-0.01876759 -0.00780299
0.00840954 -0.00262116
-0.00020158 -0.00314118
0.00324486 -0.00311802
-0.00836107 0.00601390
0.00890557 -0.00117548
0.00134801 0.00008273
0.00006100 0.00163673
0.00498249 -0.00644465
-0.00316500 -0.00081598
-0.01577553 0.01525106
0.00506023 0.00114933
-0.00121047 0.00151966
0.02048519 -0.00393456
0.00115128 -0.00325496
-0.01903395 0.00007545
-0.00698860 -0.00033638
0.00058042 0.01754907
-0.00717203 -0.00823871
-0.01123575 -0.01070748
-0.00700475 0.00132786
0.00774001 0.00658474
0.00525857 -0.00427591
-0.00584647 -0.00841297
-0.01123552 -0.00033179
0.00403720 0.00336697
0.00889286 -0.00086944
-0.00206425 -0.01389167
0.00111821 -0.00091859
-0.00679497 0.00381044
0.00120643 -0.00493993
-0.00794488 -0.00060252
-0.00052655 0.00230855
-0.00742040 -0.01042605
0.00081359 -0.01366968
-0.00504225 -0.00395700
-0.00233715 -0.00465090
-0.00066987 -0.00576100
0.00259271 0.00528533
-0.01212147 -0.00818543
-0.00716821 0.00327240
-0.00383644 -0.01230681
-0.00135793 0.00145661
-0.01363773 -0.00982850
-0.01212314 -0.00480929
0.00268015 0.00165147
-0.01370993 0.00056277
0.00247128 -0.00633796
-0.00223075 0.00360629
0.00162655 0.00786625
-0.01100045 -0.00643501
-0.00137258 -0.00741098
-0.00230996 -0.00095580
-0.00599421 -0.00900608
0.01520811 0.01485870
-0.00310969 -0.00196901
-0.00215348 -0.00443743
-0.00050575 0.00433338
0.00202749 -0.00085977
0.00104701 -0.00167061
0.00739009 0.00030994
-0.01053283 0.00523149
-0.00477959 0.00183199
0.00336736 -0.00067286
-0.00910616 0.01122836
-0.01463578 0.00039693
0.00856037 0.00022623
-0.00139392 -0.00323036
0.00088035 -0.00247010
0.00209768 0.00834333
0.00693722 0.00337615
-0.00066208 0.00004250
0.00201573 -0.00068097
-0.00488651 -0.00130444
-0.00900371 0.01864870
0.00922679 0.00541767
-0.00802300 0.00606122
-0.00339896 -0.01058274
-0.00372991 -0.00012113
0.00063060 -0.00147176
0.00510969 -0.00477455
0.00375969 -0.00154857
-0.00627306 -0.00366069
-0.00311294 0.00040033
-0.01067119 0.00343943
-0.00349092 -0.00096545
0.00610148 0.00420844
-0.00370316 0.00611512
0.00565371 0.01343321
-0.00064203 -0.00813604
-0.00375665 0.00277422
0.00724426 0.00222913
0.01005491 -0.00268679
-0.00786662 -0.00072120
0.00860674 -0.00058427
-0.01482256 0.00297289
-0.00201334 0.00011825
-0.00272326 -0.00445934
0.00147805 -0.00003750
-0.00514608 0.00199432
0.00081511 -0.00568395
0.00166844 -0.01553773
-0.00544356 0.00835378
-0.00459693 -0.00162690
-0.00008856 -0.01010722
-0.00710160 -0.00189847
-0.00519431 -0.01495399
-0.00262361 0.00198266
0.00264310 0.00072633
-0.01702311 0.01325935
-0.00214787 0.00307070
0.01530245 -0.00238467
-0.01156534 0.00036395
-0.00548744 -0.00256943
-0.01075579 -0.00030439
0.00253532 -0.00204581
0.00911902 0.00503666
-0.00292461 -0.00045724
-0.00091053 0.00143908
0.00262962 -0.01209588
0.00014120 -0.00560868
-0.00767038 0.00462858
-0.00518506 -0.00263517
0.00446736 0.00003941
0.00016966 -0.00281322
0.00023146 -0.00406426
0.00019951 0.00741683
-0.01269072 0.00725476
-0.00019073 -0.00960550
-0.00422835 -0.00514937
-0.00478642 0.00915699
0.00576249 -0.00366914
-0.00899289 0.00419570
-0.00079874 0.00424992
0.01867811 -0.00016346
0.00467872 0.00071212
0.00187581 -0.00250772
-0.00952658 0.00590270
-0.00868938 -0.00513286
-0.00117281 -0.01025761
-0.01055790 -0.00465736
-0.00029537 -0.01105827
-0.00417208 -0.01163813
0.00668339 -0.00751212
-0.00700421 0.00255775
0.00411457 -0.00296476
0.00678785 0.00260592
-0.00176986 0.00052465
0.00122890 0.00228267
-0.00772523 0.00980760
0.00070171 -0.00272461
-0.00857922 -0.01637981
0.00668464 -0.00831156
-0.00148588 0.00326918
-0.00846484 -0.00068909
-0.00901293 0.00354598
0.01408505 0.00004317
0.00589774 0.00694714
0.01038576 0.00047321
-0.00200838 -0.00383942
-0.00639988 -0.00695663
0.00829326 -0.00679909
-0.01216515 0.00490511
-0.00570586 -0.00191222
-0.01003653 -0.01675997
-0.00609310 -0.00127204
-0.00755334 0.00163146
-0.01089595 0.00032603
0.00044002 -0.00413972
0.00061416 -0.00763782
-0.00794522 0.00702681
0.01749844 -0.00661836
-0.00560561 0.00501904
-0.02267797 0.01250808
0.01915499 0.00095410
-0.00194647 -0.00405893
0.00474640 0.00779404
-0.00570961 -0.00850324
0.00367983 -0.01625452
0.00216505 -0.00509154
-0.01299158 -0.00019228
0.01901622 0.00350184
0.00012472 0.00083732
0.00537282 -0.00006118
0.00825245 0.00510363
-0.00520896 0.00723407
-0.00531611 -0.01516690
-0.00103884 -0.00857815
0.01413446 0.00161131
-0.01091594 -0.00432596
-0.00296944 -0.00648866
0.01797451 0.00454495
-0.01345858 0.00640457
-0.00548543 -0.01298357
-0.00462780 0.00169191
0.00285706 0.00650546
-0.00943678 -0.00678704
-0.00367928 0.00210065
0.00155765 0.00720792
0.00285006 -0.01530452
0.02475307 -0.00254385
-0.01686713 -0.01644659
-0.00192844 -0.00748736
-0.01139537 0.00589775
0.00255438 -0.00391149
-0.00332858 -0.00217678
-0.00116076 0.00785797
-0.00050195 -0.01256295
-0.01516331 -0.00672713
-0.00158158 0.00450644
-0.01367552 -0.01059185
-0.00479878 -0.01302489
0.01265251 0.00649201
-0.00689515 -0.00441234
-0.01597286 -0.00081812
0.00015712 0.00564075
0.01365623 -0.00018699
0.00691993 -0.01153438
-0.01402605 -0.00980645
-0.00922621 0.00229000
0.00246190 -0.00434048
-0.00795365 -0.00071585
0.00835440 -0.00180210
-0.01123292 -0.00957987
0.00505824 -0.02259230
-0.00381706 0.01505152
-0.00561347 0.01652209
-0.00764872 -0.00083773
0.00258421 0.01395314
0.00257437 0.01580224
-0.01037998 0.01880383
0.00174573 0.01522432
-0.01592521 0.00758695
0.00468333 -0.01197034
0.01413630 -0.01541671
0.00960219 -0.00238123
0.00356886 0.00145361
0.00533286 -0.00776641
0.00603317 -0.01158768
0.01426752 -0.00822219
-0.00365419 -0.00976776
-0.00417273 0.01295825
0.00215257 -0.00914633
0.00491586 -0.00709915
0.01031136 -0.00281137
0.00941194 -0.01734683
0.00653554 -0.01237013
-0.01269477 0.00970796
-0.00358868 -0.00205583
0.00512671 -0.00616040
0.02695131 -0.00124718
-0.00825032 -0.00266320
-0.00796430 -0.00444386
-0.01110482 -0.00588621
-0.01104922 0.00359054
0.00652421 0.00011332
0.00577406 -0.00161724
-0.00744321 -0.00499916
-0.00310912 -0.00474111
-0.00600925 0.01056451
-0.00458835 -0.00904734
-0.01017418 -0.01476540
-0.00048929 -0.00256823
-0.00037887 -0.00091119
-0.01259179 0.01051793
-0.01842103 -0.00660806
0.01804920 0.00768288
-0.01489091 0.00816126
0.00134415 0.01457045
0.00782021 0.00296305
-0.00371474 0.00150295
0.01448785 0.00413701
-0.02292101 0.00020478
-0.00321280 0.00234769
-0.02345976 -0.01454264
0.01475641 -0.00989050
-0.00034858 0.02242143
0.00182445 0.00870371
0.00292699 -0.00328039
0.00303907 0.00836479
-0.00689632 0.01596845
0.02210754 0.01224669
-0.01004167 0.00882852
-0.01767428 0.02019565
0.01349549 -0.00530612
0.00471740 -0.01771558
-0.00648932 -0.00606235
0.00847415 0.02157896
-0.00105209 -0.02408738
-0.00515401 0.02628594
-0.01280617 -0.01344982
-0.00719054 -0.01775205
0.00817669 0.03403585
-0.02112799 -0.00257994
-0.00417930 0.00957530
-0.00452363 0.00637267
-0.00764801 -0.00905596
0.00751117 -0.00174120
0.00302942 -0.00814719
-0.00295103 0.00506702
0.00191933 0.00420276
-0.00527460 0.00962069
0.03130609 -0.01386856
0.00582495 -0.01298596
-0.01323895 -0.00148833
-0.01046221 -0.00699839
-0.01387583 -0.00210728
0.00592469 0.00891874
-0.01565236 -0.01166264
-0.00517870 0.00157308
0.00224072 -0.00185774
-0.01578372 0.00181147
-0.01907872 0.01710717
-0.01619586 -0.01035936
-0.00303294 -0.00221347
-0.01149276 -0.00042278
-0.00373779 -0.00169509
-0.02309359 -0.00259852
0.00845848 0.02534311
-0.00168002 -0.00263271
-0.00032270 0.01343331
0.01296542 -0.00577217
-0.01490498 -0.00808753
0.01691027 0.00722336
-0.01260135 -0.00318981
0.00942295 0.01462558
-0.00941558 0.00486130
-0.02307504 -0.01533851
-0.00334051 0.01099209
-0.00284676 0.00043646
0.00326445 -0.00714599
-0.00084821 0.00453471
0.00516666 0.00027131
-0.00667838 -0.00322866
-0.00499999 0.00639440
-0.00608990 -0.00613595
0.00576568 -0.01182002
-0.00219785 -0.00172456
0.01615884 -0.02653734
-0.00772992 -0.00844390
-0.00252698 0.00058592
-0.00448899 -0.00187247
-0.00769299 0.00293199
0.00660857 0.00598369
-0.00109130 0.00516813
-0.01088654 -0.00269584
0.00074791 -0.01134647
0.00150151 0.00288308
-0.00393768 0.00007373
-0.00890254 -0.00031449
0.00558435 0.00172215
0.00370014 -0.01288107
0.00737683 -0.00345113
0.00573960 -0.01017948
-0.00239403 -0.00885540
0.00096925 0.00452874
-0.00237808 -0.00649021
-0.00612230 0.00043106
0.00417919 0.00316443
0.00980780 0.01566301
-0.00518707 0.02202511
0.00390327 -0.01651152
0.00028438 -0.01411451
-0.00152616 -0.00464340
-0.01092673 0.00605929
-0.00412713 -0.00095804
-0.00774339 -0.00608127
-0.00742717 -0.00502495
-0.00504788 0.01780125
-0.00253911 -0.00952663
-0.01252575 0.01738000
-0.00445577 0.02222890
0.00894384 -0.01743080
-0.00246802 0.00270607
-0.00249815 0.00201814
-0.01165688 0.00348345
-0.00190379 0.01516375
-0.01008866 -0.00872219
0.02033416 0.00121118
0.00793023 0.00016859
0.00116161 0.00329522
0.00907873 -0.01724540
-0.00558552 -0.00082942
0.02241226 0.01456417
-0.02273197 0.01402064
0.01105774 0.01109728
-0.01482525 -0.00872284
-0.00312558 0.00671278
-0.00130230 -0.00586386
-0.00390770 0.00725308
-0.01099633 0.01239622
0.00417601 -0.00874321
-0.00433179 0.00583132
0.00801160 0.00630514
-0.00661431 -0.00966738
-0.02280681 0.00789498
0.01109959 -0.00098523
-0.00374821 -0.00061642
-0.00181349 -0.00218634
0.01284359 -0.01939197
0.00423526 -0.00639386
0.00991218 0.01342539
-0.00063540 0.01132557
0.01257371 0.00563476
0.01486400 -0.00720145
0.01027112 -0.00901381
0.00274649 0.00824519
0.00107820 -0.00666086
0.00240889 -0.00907371
-0.01515191 0.00715994
0.00076672 -0.00729009
0.01290280 -0.00250842
-0.00253057 0.00405499
-0.01061973 -0.00173015
-0.00636678 0.01120369
0.00455641 -0.00743639
-0.00828244 0.01160937
0.01652632 -0.00886221
0.00248554 -0.00755301
0.00478659 0.00669955
0.00073935 -0.00498069
-0.00808297 -0.00354012
-0.00001884 0.00287716
-0.00291436 -0.00222184
-0.01067409 -0.00598030
-0.00406848 -0.00838965
-0.00592107 -0.00668193
0.00271845 -0.01325598
0.00476523 0.00899697
0.00946822 0.00566179
-0.00437272 -0.01324507
0.00174877 -0.00729978
-0.01250303 0.00235965
-0.00246601 0.00775113
0.00060359 -0.00563492
-0.00385856 -0.00615886
-0.00139169 -0.00316810
-0.00583835 -0.00330440
-0.00941816 0.00077134
-0.00760009 -0.00793446
-0.01131761 -0.01411580
0.01585370 -0.00645933
0.00246480 -0.00074352
-0.00686510 0.00986529
-0.00236855 0.00532370
-0.00325581 -0.00472112
-0.00743993 0.00947095
-0.00177237 -0.00106376
-0.01096114 0.00301553
0.01398851 -0.01493255
0.00875252 -0.00383545
-0.00786134 -0.00127256
-0.00131783 0.00847717
-0.00572566 -0.00129201
0.00457300 0.00919639
0.00505511 -0.00463498
0.00014359 -0.00082606
-0.00396852 -0.00161966
-0.01765430 -0.00027775
0.00377705 0.00059493
0.00600965 -0.00983949
0.03620884 -0.00062210
-0.00172640 0.00282249
-0.00554236 -0.00951214
-0.01089457 -0.00131994
-0.00103106 -0.00204567
-0.00817610 -0.00754302
-0.00525426 0.00129326
-0.00509929 -0.00004355
-0.00119508 0.00863077
-0.01025506 -0.00880035
-0.01129564 0.00702196
-0.01161045 0.00053259
-0.00282087 0.00505925
-0.00425683 0.00143937
-0.00231743 -0.01056726
-0.00795512 -0.00314173
-0.00510987 -0.01700681
-0.01342769 -0.00018510
-0.00193672 -0.00601953
-0.00251635 0.01784880
-0.00446056 0.01160970
0.00168770 0.02059413
-0.00431133 -0.01707107
-0.01067000 0.01310630
0.00273985 -0.00197153
-0.00377402 -0.00450193
0.02134676 -0.00624499
-0.00465871 -0.01645169
-0.02052934 -0.00036231
0.00124734 0.00556005
-0.00032293 -0.00018431
-0.00233194 0.01349183
0.00839547 -0.02208259
-0.01272675 -0.00966042
-0.00267176 0.01391552
0.01068120 0.00737865
0.00594450 -0.00093594
0.01241619 -0.00830929
0.01842883 0.00949269
-0.00537688 -0.00904395
0.00698756 0.01603826
0.00494533 -0.00567317
-0.00865949 -0.00666719
-0.00024823 0.01202090
0.02208917 -0.00885859
-0.00060356 0.01028017
-0.00177761 0.00593477
-0.00205788 0.00658899
0.01585440 0.00606476
0.00227791 -0.00543716
-0.00315576 0.01373267
0.00046031 0.00992507
0.00613528 -0.00399067
0.00070578 -0.00320234
-0.00498938 -0.00451458
-0.00160725 -0.00125461
0.01472589 -0.01994145
-0.00779300 -0.00799343
0.01229196 -0.00251066
0.00260778 -0.01087676
0.00277502 -0.00368971
-0.01375676 0.00713448
-0.00077653 -0.01357200
-0.01140235 0.00146685
-0.00190335 0.00552774
0.00362520 -0.00004274
0.00028798 -0.00951019
0.00135790 -0.01765179
-0.00333221 0.00938515
-0.00011062 -0.01949559
-0.00188763 -0.01181655
0.00606171 -0.00099787
-0.00473638 -0.00219731
-0.00559333 -0.00242903
0.01877949 0.00611086
0.01042138 -0.00068463
-0.01092140 -0.00271464
-0.01394863 -0.01172391
0.01705423 -0.00920183
-0.00709780 0.01225669
0.00527234 -0.00479645
-0.00596182 -0.00315326
-0.01932563 0.00150968
-0.00008853 0.00851448
0.00711629 -0.00623409
-0.00420339 0.00888841
0.00696871 -0.00611345
0.00250058 0.00541522
0.00008194 -0.00111855
-0.00446488 0.01004555
0.00213771 0.00101467
-0.00375183 0.00367670
0.00163945 -0.00540879
0.00371842 -0.00327276
-0.01202877 -0.00018335
0.00002658 -0.00182179
-0.00444969 0.00990991
0.00107663 0.00049229
0.00980054 -0.01175209
0.00818601 -0.00009475
0.00447476 -0.00761498
-0.00179838 0.00113368
-0.01094958 -0.00103078
0.00460751 0.00175753
0.00897581 -0.00191786
-0.01940490 0.00585696
-0.00169170 0.00018102
-0.01525487 -0.00554171
-0.00733277 -0.01078851
-0.00182784 0.00556324
-0.00718852 0.00548674
-0.00599271 -0.01019607
0.00861772 -0.00467800
-0.00416675 -0.00088233
0.00913393 0.00533222
-0.00299254 0.00187928
0.00212615 0.00325231
-0.00785412 -0.01014860
-0.01122135 -0.00661287
-0.01596399 -0.01259189
0.00402351 -0.00966931
0.01189815 0.00322545
-0.00862875 -0.01337399
0.00476071 0.00357839
0.00764545 -0.00597674
0.01512045 0.00459915
-0.00829806 -0.00270884
-0.01013272 -0.01281596
0.00183037 -0.00449457
0.01628268 -0.00609850
0.00270119 -0.00372741
0.01150024 -0.00407535
-0.00115963 0.00355975
-0.00199443 -0.00925397
0.00585560 0.00140740
-0.00556336 -0.01317833
-0.00920602 0.00288939
0.01048407 0.00344003
-0.00863657 -0.00842606
0.00328551 -0.01241638
0.00224689 -0.00630575
-0.00112841 -0.00625234
-0.00069574 -0.00529886
0.00185148 0.01075957
0.00061423 -0.00347196
0.01240082 -0.00574619
-0.00860735 0.00235879
-0.00764516 -0.00547575
-0.00129194 0.00406808
0.00561715 0.00590658
-0.00715913 -0.00524431
0.00231851 0.00587550
0.00068754 -0.00662446
0.00779164 -0.00513970
-0.00684080 -0.00850395
0.00432393 -0.00372616
0.00131725 -0.00827790
0.00878788 0.00033626
0.01272342 -0.00414095
-0.00087893 0.00475835
-0.00784719 -0.00119780
0.00073680 -0.00908437
0.00546304 -0.00133127
-0.01877861 -0.00149531
0.00679118 -0.00099396
-0.00672719 -0.00432255
0.00125588 0.00541895
-0.00443820 -0.00206316
-0.00285254 0.00062919
-0.00450760 0.00083034
-0.00899583 -0.00021184
0.00089918 0.00749564
-0.00477281 -0.00428189
0.00086484 -0.00164164
-0.00030108 -0.00241724
0.01489035 0.00336569
-0.00777958 -0.01053470
-0.00637435 -0.00353915
-0.00744793 0.00224095
-0.00782518 -0.00784198
-0.00464824 -0.00456979
-0.00712774 0.00428392
-0.00108197 -0.00146886
-0.00489021 -0.00652179
0.00006478 0.00264149
-0.00698014 0.00352051
0.00205994 -0.01322607
-0.01442096 -0.01368439
0.00070802 -0.01301347
-0.00770276 -0.01746641
-0.00784002 -0.00577360
-0.00109164 -0.00390272
0.00626393 0.00121944
-0.00463497 -0.00017548
-0.00181756 0.00646051
-0.00134907 0.00654493
0.00520508 0.00130741
-0.01177964 -0.00315061
-0.00377314 -0.00356682
0.00140187 -0.01364058
0.00249605 0.00032920
0.00095977 0.00130653
-0.00865312 0.00639392
-0.00342881 -0.00408957
-0.00995985 -0.00260230
0.00672680 0.00081380
0.00381296 0.00243186
-0.00542977 -0.01167318
0.01236387 -0.00285436
-0.00354580 -0.01385146
0.00368767 0.00248994
-0.00622345 0.00774691
-0.00628511 0.00065795
-0.00937156 -0.00793251
-0.00002148 -0.00630313
-0.00396357 -0.00131630
-0.00218602 -0.00896319
-0.00677094 -0.00471856
-0.00737936 -0.00382816
0.00407293 -0.00497150
-0.00365942 -0.01566766
-0.00700503 -0.00304226
-0.00046371 -0.00285811
-0.00577866 -0.00511764
-0.00639669 -0.01013356
-0.00581464 -0.00129591
0.00220660 -0.00085174
0.00721996 -0.00054437
-0.00413799 -0.00434800
-0.00694486 0.00390378
-0.00071908 0.00241339
0.00339954 0.00067169
-0.00047659 0.00071236
-0.00016936 -0.00081716
-0.00274026 -0.00702136
-0.00375047 -0.00058271
-0.00229809 0.00411231
-0.00139682 -0.00696007
-0.00617844 -0.00237594
0.00635335 0.00015861
-0.00231181 -0.00155028
-0.00900872 0.00007596
0.00437997 0.00997627
-0.00158419 -0.00072235
0.00916609 0.01019072
-0.00798793 -0.00269706
-0.00145873 -0.00025023
-0.00139565 -0.00227463
-0.00500530 0.00639358
-0.00750002 -0.00562945
-0.00306558 0.00313134
0.00418724 -0.00194864
-0.00048118 0.00394420
-0.00002181 0.00230598
-0.00311650 -0.00151253
-0.00259981 0.00185099
-0.00303197 0.00058632
0.00523677 -0.00067936
-0.00427163 -0.01199876
-0.01265220 0.00215580
-0.00840064 0.00549227
-0.01079959 0.00209847
0.00883953 0.00638354
-0.00654396 0.00081403
0.00254572 -0.00209355
-0.00755926 -0.00376611
-0.00650993 0.00240862
-0.00421371 -0.00050745
-0.00606097 0.00159526
0.00467592 -0.00889693
0.00123971 -0.00271972
0.00674928 0.00515421
-0.00659560 0.00736715
-0.00391674 -0.00073093
0.00172666 0.00218783
-0.00192729 -0.00804123
0.00042653 -0.01395814
-0.00211119 -0.01036753
-0.00829956 -0.00306586
0.00224336 -0.00677780
-0.00894809 0.00023476
0.00502230 -0.00456274
-0.00180499 -0.00494305
0.00565145 -0.00202643
-0.00690827 -0.00063747
0.01019512 -0.00509237
-0.00748571 -0.00148309
-0.00127130 -0.01261925
-0.00769227 -0.00144531
-0.00195004 0.00401433
-0.01121970 -0.01233248
0.00082762 0.00495870
0.00507476 0.00108572
-0.00621532 -0.00101246
0.00693125 -0.00356126
0.00596203 0.00937403
-0.00269541 0.00200894
0.01279745 0.00460440
0.00610860 -0.01272180
-0.00217000 -0.00959007
-0.00458886 -0.00998229
-0.00773633 0.00201090
0.00625516 -0.00563164
0.00435728 -0.00003220
0.00282186 0.00210116
0.00014759 -0.00629799
0.00269251 -0.01463438
-0.01070144 -0.00667275
-0.01060229 -0.00889393
-0.00150813 -0.00965810
-0.01212389 0.00188156
-0.00701172 0.00046388
-0.00160144 0.00100424
-0.00878477 0.00882374
-0.00145007 0.00610079
0.00073071 0.00127602
-0.00520980 -0.01295437
0.00351222 -0.00670741
-0.00123069 -0.00315423
0.00352475 0.00292104
-0.01170461 -0.01241882
-0.00548796 0.00690209
-0.01250475 -0.00385099
-0.00083706 0.00507399
-0.00537810 -0.00086567
0.00484604 -0.00576732
0.00609218 0.00051347
0.00214239 -0.01547149
-0.00528596 -0.00510799
0.01265915 -0.00556696
0.00867204 0.00027727
-0.00136991 0.00629417
0.00739983 -0.01365334
0.00377826 -0.00436385
0.00191222 -0.00214960
-0.00001528 -0.00214655
-0.00638401 -0.00262029
-0.00096769 -0.00480336
0.00147689 -0.00653339
-0.00767573 -0.00116689
0.00502341 -0.00326702
-0.00146841 0.00693942
0.00371176 -0.00169566
0.01047720 -0.00166168
-0.00697541 0.01383004
-0.00122798 -0.00749690
-0.00849544 -0.00053426
-0.00032494 -0.00567590
0.00322573 -0.01356423
-0.00049352 0.00107394
0.00920306 -0.00891425
-0.00664768 -0.00497700
0.00649676 -0.00396895
-0.00264729 0.00413436
0.00358474 -0.00456683
0.00086970 -0.00113648
-0.00564626 0.00903303
0.00120475 -0.00655545
0.01543532 -0.00606365
0.00118512 0.01434753
-0.00632031 0.00465667
0.00008979 -0.00393890
0.00769040 -0.00137703
0.00814338 0.00070303
0.00709460 0.00378708
0.00199889 0.00261624
0.00730228 -0.00305883
-0.00278406 -0.00518624
0.01576615 0.00131327
-0.00003745 0.00887943
0.00543937 -0.00071788
0.00334961 0.00478818
0.00702930 0.00354900
0.00607592 -0.00809296
0.00854508 -0.01261209
-0.00532457 -0.00466965
-0.00717235 -0.00941166
0.00456719 -0.00553834
0.00372995 0.00586986
-0.00641865 -0.00675610
-0.00607313 0.00150414
0.00884964 0.00039667
0.00245834 0.00845986
0.01001706 -0.00361008
0.00069380 -0.00119899
-0.01063523 -0.00303641
-0.00092342 -0.00000542
0.01611166 -0.00074716
-0.00120129 0.00819308
0.00550341 -0.00619073
0.01114374 0.00805275
0.00729988 0.00708986
0.00461177 -0.00349638
0.00187367 0.00104693
-0.00247818 -0.00504165
-0.00730660 -0.00795547
-0.00096399 0.00417118
-0.00658057 -0.00461658
0.00220864 0.00429576
0.00006905 0.00172704
0.00633016 0.00555875
-0.00915607 0.00326939
-0.01027567 -0.00983786
0.00469216 -0.00258483
-0.00764304 -0.00557427
-0.00341640 -0.00990013
-0.01084558 0.00691181
0.00663328 -0.00216434
-0.00151933 0.00473809
-0.00194355 0.00474570
0.00041175 0.00302277
-0.00105955 0.00220056
-0.00264186 0.00851788
0.00851345 -0.00056131
0.00795837 -0.00639958
-0.01010087 -0.00912048
0.00658537 -0.00191195
0.00942146 -0.00255996
0.00124789 0.00651168
-0.01057164 0.00728418
-0.01315182 -0.00599639
-0.00876279 -0.01151021
-0.00740299 -0.00765472
0.01348841 0.00462640
0.00691246 0.00357732
-0.01529939 -0.01067018
0.00318930 -0.00832064
0.00073678 -0.00111672
0.00039742 -0.00631323
-0.00735871 -0.00855649
0.00628535 -0.00889289
-0.00059044 0.00618858
0.00270537 0.00122055
0.00388432 0.00081898
-0.00553924 -0.00184393
-0.00362074 -0.00002360
0.00156151 0.01187465
0.01209505 -0.00001559
-0.01499565 -0.00785203
-0.00449854 0.00003222
-0.00506512 -0.00403701
0.00799851 0.00512598
-0.00712253 0.00601530
0.00235664 0.00396520
0.00244218 -0.00488130
0.00199577 0.00786479
0.00094571 0.00738708
0.00611974 0.00315143
0.01078177 0.00480884
0.00430603 0.00136016
0.00179566 0.00682515
0.00728819 -0.00561621
0.00087883 -0.00899063
0.00914800 -0.00323906
-0.00449329 0.00332339
-0.00281071 0.00350884
0.00068896 -0.00446930
-0.00687412 0.00329931
-0.00152867 0.00555156
-0.00809144 0.00212236
0.01641163 0.01024982
0.00313903 -0.00192995
0.00171523 -0.00341173
-0.01015095 -0.00320851
0.00493911 0.01016528
0.00475169 -0.00893401
-0.00333810 0.01089116
0.00455749 -0.00296760
-0.00439825 0.00094013
-0.00454043 -0.01171691
-0.00433077 -0.00497630
0.00695813 0.00104413
-0.00463923 0.00496498
0.00987508 0.00197261
0.00679052 -0.00324327
-0.00109333 -0.01518968
-0.00774742 -0.00091264
-0.00145375 0.00776828
0.00721952 0.00635547
-0.00524403 -0.00819887
-0.01250635 -0.00062153
0.00393284 -0.00594372
-0.00749621 0.00452294
-0.00634718 -0.00361023
0.00178854 -0.01070858
-0.00918285 0.00130479
-0.00305088 -0.00665699
0.00066288 -0.00264313
-0.00319109 -0.00895348
0.00806172 0.01168204
0.00058751 -0.00224930
-0.00302493 -0.00421336
0.00555365 0.00005554
-0.00621937 -0.00563832
-0.00590652 -0.00511868
-0.00240808 0.00222401
0.00454338 0.00016862
0.00429011 0.00636844
0.01146839 -0.00145470
-0.00245629 0.00735714
0.00092025 0.01078687
0.00306966 -0.00841858
0.00676061 0.00775896
-0.01154713 -0.00144560
-0.00900852 0.00616972
-0.00497219 0.00416765
-0.00377184 -0.00732169
0.00939587 0.00341463
-0.00645503 -0.00174768
0.01160238 0.00638347
-0.00114260 -0.00371967
-0.00486412 0.00545369
0.00102457 -0.00300073
0.00391555 0.00916954
-0.00562976 -0.00067664
-0.00740655 -0.00074294
-0.00157305 -0.00214165
0.00515471 -0.00579546
0.00272665 -0.00664535
0.00028063 -0.01184028
-0.00411907 -0.00646485
-0.00196628 -0.00046094
0.00403854 -0.00732226
0.00236258 0.01007101
-0.00488433 0.00067903
-0.00286541 -0.00185905
-0.00693450 -0.00092149
-0.00597321 -0.00436322
0.00261508 -0.00161739
0.00368874 -0.00701784
-0.00440493 -0.00399658
-0.00427589 -0.00746317
0.00630351 0.00929948
-0.00586306 -0.01223904
0.00697726 -0.00021835
-0.00374619 -0.00503642
-0.00539807 -0.00948820
0.00547628 0.01008429
-0.00214797 -0.00247675
0.00045011 -0.00704232
0.00062806 0.00393116
0.01324456 0.00283401
-0.00204919 -0.00656675
0.00756582 -0.00339607
-0.00337294 0.00138255
0.00620420 0.00041090
-0.00247227 -0.00234421
0.00379770 0.00418714
-0.00082337 -0.00605342
0.00230106 0.00026175
0.00302456 -0.00254229
-0.00400175 0.00432002
-0.00557316 -0.00175438
0.00215398 0.00357085
0.00194481 -0.00587515
-0.00590369 0.00253738
-0.00330139 0.01552116
0.01427067 0.00003583
0.00235922 0.00552772
-0.00306102 -0.00482392
-0.00026349 0.00391518
0.00709466 -0.00249443
-0.00205182 0.00606646
-0.00539913 -0.00012934
0.00307879 -0.00382232
0.00606088 0.00499413
0.00358290 -0.01042910
-0.00156430 -0.01045292
-0.01161328 0.00908876
-0.00566815 0.00539234
-0.00041661 -0.00092989
-0.00096853 -0.01060518
0.00138529 -0.00619760
