0.00421989 0.02549843
0.05008762 0.02705639
0.11168378 -0.02529483
-0.07298077 0.05716594
0.02285066 -0.03012284
-0.05600405 -0.01870536
-0.08472584 -0.04284525
0.04719810 -0.05553322
0.06433566 0.02452775
-0.07939488 -0.06304384
-0.01999028 0.00639812
-0.11277181 -0.00413514
-0.10627089 0.00170202
-0.05336860 -0.02865258
0.03071065 -0.08304956
0.12667046 0.05793370
0.03765828 -0.02454614
-0.02228976 0.00675676
-0.05186217 -0.07527269
0.01110683 -0.06363059
-0.08127017 -0.04717235
-0.18309867 0.06208552
-0.02574718 -0.00190166
0.04083013 -0.09196775
0.00181658 -0.13224931
0.00401201 -0.06361118
-0.07725146 0.01921078
-0.00646149 0.05892280
0.00686106 0.05355949
0.05293863 0.08489662
0.06330511 -0.01173629
-0.06962379 -0.01529328
-0.04611674 0.01721488
0.06376044 -0.04900044
0.05040324 -0.05882843
0.05956962 0.02930017
0.05346233 0.06089966
0.00033542 0.02716783
-0.11182300 0.00162893
-0.01433035 0.08729509
-0.01435796 -0.00112972
-0.04635897 0.06274123
-0.03146807 -0.07661521
0.07804777 0.01163812
0.10686228 0.02868060
-0.02250384 -0.03960679
0.01399809 0.03829162
0.03531817 -0.00614064
-0.07913125 -0.00913228
-0.00583045 0.02764560
-0.12022890 -0.06218570
-0.00609662 -0.01837475
-0.00467487 0.01387042
0.09830882 -0.11010189
0.10017334 -0.04713459
-0.00835615 0.01301826
-0.01508397 -0.00915084
-0.00001689 -0.05373789
-0.07466894 -0.02551034
0.03955251 0.03135870
0.04534415 -0.05166791
0.03985822 -0.00724868
-0.07344844 -0.01191163
-0.00981873 0.02201686
-0.02524543 0.00200918
-0.00943147 0.02479467
0.01125558 0.01373371
-0.03588847 0.03692331
-0.04062308 0.05386752
-0.01590563 0.09787825
-0.01767605 -0.03047456
0.05658035 0.03830649
-0.01310909 0.00421127
-0.02074731 -0.05742543
0.00700004 -0.02651123
0.01923361 -0.02724966
-0.01419922 -0.00483850
-0.03650637 0.00570488
-0.02049103 -0.03331164
0.05483105 0.02278950
0.01540028 0.05424663
-0.07113139 -0.04734687
0.04993225 -0.01536190
-0.12564571 0.02310786
0.02759928 -0.04102895
-0.03650680 0.00646022
0.08369310 -0.00847078
-0.01071433 -0.00852686
-0.07484026 -0.04686807
0.02147286 -0.03846133
-0.02766153 -0.05793246
-0.00131048 -0.04859237
-0.00971650 0.12786247
-0.00021168 0.03297020
-0.10165308 -0.02436049
-0.05897024 -0.00517407
-0.01043559 0.01503746
-0.01088197 -0.02595263
-0.03586623 -0.09453867
-0.06682731 0.03222737
0.06866549 -0.00778748
-0.00644092 -0.01313470
0.02220482 -0.02565110
-0.01594138 -0.02690200
0.02607023 -0.07128137
0.03668210 -0.04443702
-0.01129378 -0.08942360
-0.03716922 -0.07776988
0.04391193 0.01072812
-0.00142992 0.08794069
0.07753206 0.07435807
-0.09297191 0.00241757
-0.01096969 -0.07926840
-0.00491991 -0.09154350
-0.04898383 -0.01170445
0.05187994 0.02190872
0.10284485 0.05166906
-0.03744734 -0.08396574
-0.11752363 0.01950530
0.03674828 -0.01141594
-0.07166993 -0.02626536
-0.03330989 0.04273454
-0.06686936 -0.05680488
0.03689185 0.12217800
-0.02256329 -0.01458504
-0.00591793 0.09853476
-0.05158284 0.08897066
0.01257021 0.00631855
0.05584873 0.05216066
0.09634905 -0.00569424
0.06945044 0.02215479
0.08917242 -0.03188892
-0.03825528 -0.05062981
-0.03573205 -0.05054905
-0.07607761 0.07122290
-0.00160424 -0.02979504
0.05610774 -0.02885737
0.01052855 -0.08530509
-0.05070898 -0.02959587
0.03228585 0.02344428
0.11696768 -0.03380999
0.03098637 -0.07968368
-0.07503714 0.02616916
0.01025988 -0.02712877
-0.00330056 -0.00193763
0.01679074 0.03357780
-0.09433025 -0.05951867
-0.03167439 0.00685408
-0.04182062 0.02510451
-0.00743337 -0.03143210
0.07030204 -0.00931672
-0.02920153 0.00731991
-0.02645567 0.07782803
-0.06119505 0.06971411
-0.01286950 -0.05999422
-0.04119508 -0.04612429
0.01752505 -0.04304591
0.00814757 0.02477869
-0.06807551 -0.03819945
0.04446476 0.08629725
0.02112246 -0.00673490
0.00000776 0.06072028
0.04695987 -0.15086737
0.01579992 -0.02822992
0.00950663 0.00279249
0.01991457 0.01515099
0.02718513 -0.03192472
0.01167410 0.05998801
0.04625955 -0.03501654
0.02716993 -0.08727969
-0.01652369 0.02953293
0.00091949 0.11885699
0.05092171 -0.07327514
0.02030857 -0.02068208
0.03099358 -0.01732747
-0.06651004 -0.03538092
0.00286958 -0.02866598
0.03917538 0.06199156
0.07468512 0.00354685
0.03494333 0.00997640
-0.08030836 0.03872375
-0.00613694 -0.02243890
0.03181184 0.01616028
0.03438229 0.04396999
0.03771754 0.00655716
-0.00603790 -0.02040519
0.01376523 -0.03880398
-0.05340116 -0.02903549
0.05777237 0.04503557
0.01571078 -0.11847983
-0.04149548 -0.00117809
-0.04936829 -0.02154284
-0.04808991 0.00277583
0.03270269 0.02382981
0.05374475 -0.06087767
-0.10173907 0.08781460
0.00490455 0.08954451
-0.03111374 -0.03421296
-0.07404507 -0.02163097
0.00865930 -0.08316361
0.02921182 -0.08741936
0.00931771 0.05774627
-0.02261867 0.07499508
-0.02419216 -0.04775259
0.05594553 -0.07469806
0.02188641 0.00246708
-0.06378428 -0.01602452
-0.04657983 -0.02900313
-0.02853309 0.00685159
-0.04376725 -0.04220810
0.02194083 -0.07947663
-0.00703278 0.03054960
0.06546433 0.01377279
0.00430481 0.03379422
0.04276777 0.04586960
-0.10757076 -0.07578051
-0.08979939 -0.05828436
0.17220795 -0.08312889
-0.05494415 -0.17985444
0.02958337 0.10047697
-0.10141157 -0.04997887
0.08499556 -0.05397899
0.00736447 0.09719121
-0.05980398 -0.07079603
0.09539133 -0.03049401
0.09838926 -0.02136401
0.04776655 -0.10759652
-0.03038721 -0.00031868
-0.05907966 0.08833744
-0.00172873 0.01059749
0.05741144 0.09739076
0.06019982 -0.00852381
-0.01565097 0.00279880
-0.10297748 -0.00127680
-0.01453079 0.04070464
0.00989685 0.03176137
-0.07961152 -0.18182266
0.01787081 -0.00743140
0.01196909 -0.02055605
-0.05189110 -0.09251542
-0.01301179 0.09893952
0.03377028 -0.06050319
-0.11524554 -0.07680438
-0.02694176 0.02242961
-0.16105230 -0.01038323
0.09358405 -0.08171867
-0.02183772 -0.00788491
-0.01667821 0.03820080
0.04427809 0.02302712
-0.07063126 0.01286704
-0.08299046 -0.02381805
-0.04160559 -0.06242832
0.01999510 -0.07507180
-0.00318005 0.04446689
-0.04004993 -0.12087084
-0.01512926 0.00492954
0.01759289 0.04661184
-0.03248683 -0.01658493
0.07820141 -0.07485965
0.05821472 0.00740916
-0.07656786 -0.02282282
-0.02883596 -0.02753710
0.13979453 -0.05944517
-0.02557438 0.01093546
0.02976167 -0.00976831
0.04022979 0.02795507
-0.04248721 0.04663188
-0.01856732 -0.02378817
0.02804311 -0.08631174
0.00374343 0.00505060
0.00719457 0.05469940
-0.03878297 -0.02501178
0.03597295 0.13272436
0.01337210 0.01766015
-0.03691057 -0.08634099
0.00304338 -0.04630869
-0.01618789 -0.01675976
0.03650054 0.01528866
-0.05590032 0.03498156
-0.01440039 -0.08050841
-0.01376030 -0.08380570
-0.06907930 0.02822342
-0.01519046 -0.00968140
-0.07238586 0.05971658
-0.08324242 -0.02845066
-0.02256485 -0.02305203
-0.04558967 -0.04751911
-0.06004805 -0.00138064
-0.09219177 0.01479574
-0.01270711 -0.06547104
0.03205401 0.05085987
-0.02488866 0.04035063
0.06178376 -0.03014205
0.03236034 -0.10945028
0.02294902 -0.10450539
-0.01872646 0.01846661
-0.00248793 -0.02564678
0.01747568 0.04763648
-0.02153469 0.00516783
-0.07075129 0.01133556
0.08840718 -0.10548315
-0.08201256 0.06753209
0.04602837 -0.01516866
-0.00278562 -0.08616571
0.09545512 0.00686358
-0.02450435 0.08603195
-0.00504848 -0.05510436
-0.08745468 -0.02536199
0.01947224 -0.02807046
0.01034422 -0.07698998
0.07117873 0.06191644
-0.00510304 -0.04716203
0.10590179 0.08309893
-0.02394468 -0.01697116
0.08946745 0.06756639
0.03722909 0.03495702
-0.10230491 0.06086183
0.02367761 -0.04821299
0.06002059 0.02537749
-0.00840589 -0.08279470
-0.08181826 -0.09775817
0.04359955 0.06400585
0.00967479 -0.03535134
-0.04669806 -0.03364055
-0.01260918 -0.01857417
0.00104502 0.01484115
0.07793591 -0.03751484
0.02187704 0.06273028
-0.09858844 0.11087293
0.06511283 0.08015433
-0.09678654 -0.00598689
-0.04625119 -0.11828636
0.02411319 -0.09488602
0.01590662 0.06071500
0.14136384 -0.02584158
0.01267315 -0.06583450
-0.01516078 -0.06057383
0.04349494 -0.05421583
-0.04472353 -0.00838977
0.16267106 0.01738040
0.05863410 0.04005697
0.00479932 0.15267706
0.06830708 -0.09839472
0.06301347 0.03982702
-0.05895692 -0.03792344
-0.05906487 0.01064060
-0.09235528 -0.11250054
-0.08195753 -0.03219572
-0.14067553 -0.00254537
0.05960711 -0.06645688
0.14334942 0.02939483
-0.09637909 -0.05220036
0.08278526 -0.08872604
-0.12906693 0.00963530
0.02925225 -0.02386497
0.04854471 -0.02547335
-0.01416596 -0.01818978
-0.01817723 -0.09647270
0.04835187 -0.03486961
0.02181230 -0.03521715
0.04750422 0.12058867
0.09458161 -0.01937298
-0.01925062 0.02164772
0.00772805 0.00005685
-0.06072511 -0.10043059
0.11206492 0.08300537
0.00957460 -0.05208738
0.04901233 -0.00848374
0.01714289 0.12051548
0.03128492 0.16504569
0.20652404 0.01033803
-0.02723686 -0.02982033
-0.00737268 -0.13451183
-0.01805271 0.06289865
-0.03572179 -0.01306572
-0.15654792 0.02747513
0.09659196 0.06702080
-0.04257836 0.08194328
-0.11261171 0.02460443
-0.01586436 0.02521723
0.05803074 -0.02784506
0.05627088 0.00202315
0.00312319 0.06373432
-0.03014774 0.13464327
-0.01045484 0.04777471
-0.08173391 -0.04791591
0.04067234 0.06524447
-0.04669948 0.12361717
-0.03935772 0.09827255
-0.11123771 0.13388111
-0.02044898 0.01080934
-0.04448615 -0.02127622
-0.02899911 0.00825568
0.09413848 -0.01920659
0.05860135 0.05331018
0.02335781 -0.06059581
-0.01489182 -0.03521213
-0.07467824 -0.05095585
-0.04634504 -0.02626487
-0.10229880 0.02787988
0.01279581 -0.00171018
-0.11241993 -0.01005823
-0.02359490 -0.03339719
0.00398842 -0.07048325
0.03860120 -0.03956579
-0.00030387 0.02354750
-0.07134823 -0.00462625
-0.04691949 -0.00782398
-0.02459756 -0.08824228
-0.03063053 0.01514689
0.01916350 -0.01156635
0.04644258 0.02696525
0.08726072 0.09530874
-0.03388404 -0.02126375
-0.07717643 -0.02278850
0.04495346 -0.01424408
0.01104434 0.05974931
0.13091861 -0.02442656
0.00686069 -0.13088576
0.00856096 0.03974428
0.02431561 0.04830647
-0.01385092 -0.02564409
-0.04345488 -0.10129378
-0.09896546 -0.05820132
0.01697735 -0.01895806
0.06740967 -0.01500569
-0.03961116 0.01351544
-0.02022274 -0.07976522
0.01569189 0.10427114
-0.03693437 0.11347957
-0.03425720 -0.01751837
-0.03649843 0.00854208
-0.02889964 -0.02129883
-0.02813918 -0.03565172
-0.08776188 0.01313306
-0.12621439 0.01885860
0.01615602 -0.02024645
-0.05044116 -0.05483255
-0.06794961 0.06598754
0.04306763 -0.06114688
0.03383967 -0.09805241
0.03157391 0.00126407
0.04795197 0.07537901
-0.07133747 -0.00136764
0.09420668 -0.02844788
0.00644012 -0.04264238
-0.04395833 0.08238111
0.05500324 -0.03544165
-0.10871413 -0.08339412
-0.04602367 -0.15137291
0.00217764 0.00709675
-0.08462325 0.04367757
0.03609490 -0.07167441
-0.01123287 0.00914983
0.14481676 -0.01016021
0.03403242 -0.02386431
0.02903580 -0.01637670
-0.00288060 -0.08259020
-0.08561560 0.01223805
0.02406148 -0.01828257
-0.04714816 -0.01087360
0.09195036 -0.01492034
0.01048761 -0.02751811
0.07239734 -0.01306054
-0.03278335 0.06303658
0.03569894 0.03205506
-0.01011025 -0.00287053
-0.08342735 0.06530128
0.00229385 0.01089625
-0.05470286 0.04381672
0.05690030 -0.02457653
-0.07405549 -0.05738060
-0.03995687 0.02637574
-0.06117721 0.04939727
-0.05177554 -0.01444877
-0.00741777 -0.02092638
-0.03297555 -0.07316069
0.00145238 -0.03396730
0.00050783 0.00502931
0.06598167 -0.06798737
0.02526680 -0.05433646
-0.06137326 0.05385710
-0.09029231 -0.06095436
0.05796485 -0.06267547
0.03848287 -0.06980917
0.03379334 0.08649328
-0.03089315 0.00293950
-0.06381278 0.02043556
0.05833374 0.00150059
-0.09575624 0.01262493
0.04821542 0.04657049
0.02247027 0.01375420
-0.10223673 -0.00164333
-0.06425320 0.03127288
0.03226052 -0.01356038
-0.00776325 -0.01215284
-0.03518002 -0.03495212
0.06540250 -0.01538810
-0.00033479 0.00188090
-0.00069224 -0.02588654
-0.03507930 -0.00892860
-0.11339819 -0.06999934
-0.04151724 -0.02134405
-0.00521817 0.08497097
-0.11125105 0.01116777
0.00220793 -0.01269028
-0.03723999 0.08755381
-0.01515031 -0.01953176
0.02511240 -0.01849803
0.00247558 0.03724941
-0.02080139 -0.01238497
-0.08036540 -0.00259800
0.01697144 -0.00577744
-0.00656386 -0.01300598
0.04369536 0.00340354
-0.01220346 -0.03829904
-0.03358500 -0.01019805
-0.03158674 0.01717807
0.11392029 -0.02353924
0.01010707 -0.06197745
-0.06680713 -0.05217686
-0.02733340 -0.03662322
0.02781533 -0.02766577
0.05964963 -0.02635524
-0.04788570 -0.06012379
0.04212316 0.00576316
0.03575899 0.00913045
-0.01809651 -0.00775984
0.03912537 -0.04350308
0.02611102 -0.04317294
-0.02174670 -0.01710433
0.01563434 0.01136543
-0.01500435 -0.06926028
0.00721360 0.00029801
-0.05091637 0.01030856
-0.01364978 -0.05713069
-0.02915340 0.00423928
-0.00672456 0.00715750
-0.02641772 -0.01481228
-0.00137875 -0.07043488
-0.03365473 0.01435898
0.01129967 0.00137716
-0.09120984 0.01309368
0.01213922 -0.00911640
-0.00339344 -0.01578492
0.04236521 0.05182103
-0.02091621 0.03810797
-0.08915236 0.00963052
0.02614790 -0.03821733
0.08197811 -0.04583072
-0.00642850 0.05116179
0.11032518 -0.02203730
0.07335285 -0.08554363
0.04795717 0.00347708
-0.05517337 0.00122718
-0.09824216 -0.04133076
0.02928017 0.01527264
-0.02091302 0.06002101
0.09188849 -0.10391404
0.03487403 -0.03918731
-0.07623336 -0.02941535
0.06299832 -0.02936013
0.06702556 -0.06232452
-0.09077785 -0.04058049
-0.01509178 0.07163917
0.08601302 -0.00083706
-0.03810331 -0.02445914
-0.04960598 -0.03435500
-0.02569263 0.01612610
-0.06638286 -0.03514388
0.00551801 -0.02409709
0.01646817 0.00362269
0.02892372 -0.05148400
-0.05029501 -0.00796620
0.04179848 0.01380521
0.03483890 -0.06000949
-0.10349698 -0.06332558
0.01605410 -0.05086190
-0.06793008 -0.04719258
-0.01404871 0.07058257
0.03889271 -0.10538892
0.11127150 0.01094819
0.17840369 0.13665153
-0.00369263 0.06323087
0.06146915 -0.04380774
-0.04736874 -0.04931241
-0.05433003 -0.02064878
0.04618799 0.00329741
0.04009058 0.04450616
-0.07060226 -0.08336318
-0.00628998 0.07115263
0.03222380 -0.03361733
0.03234006 0.01691781
-0.14934818 -0.09727222
0.02030641 -0.07583271
-0.00490309 0.06444229
0.07907572 -0.02680483
0.05892511 0.03685683
-0.05180924 0.08168747
0.00737301 -0.09904763
-0.02175646 0.04474727
-0.01419758 -0.05462498
-0.07500785 -0.00112912
0.05753034 -0.06494842
-0.12207626 -0.13097128
0.04071020 -0.15773749
-0.00496778 -0.02836081
0.03810693 0.17020062
0.00618794 0.06312283
0.04850681 -0.00104322
-0.03810445 -0.03860908
0.01059368 -0.01226711
0.03677773 0.00655532
-0.09122720 -0.03109371
-0.03764253 -0.02923777
-0.04458546 0.03660456
0.03393821 -0.00758362
0.00196548 0.01350709
-0.01425197 0.00984760
0.06465338 -0.04894998
-0.07024879 -0.01817445
-0.01907697 0.00257027
-0.01041877 0.00203558
-0.00036629 0.00466471
-0.02779978 0.02951847
-0.12752348 0.09805262
0.07265224 -0.00196878
0.01224290 0.06355621
0.00502127 -0.02423756
0.05895047 0.03084161
-0.05434398 0.04785715
0.01496888 0.03698601
0.00853077 -0.00479151
0.01159436 -0.00072241
0.02510484 -0.08778588
0.00092950 0.01624828
0.04638432 -0.00015325
-0.02133499 0.01884267
-0.03778181 -0.01951586
-0.07618120 -0.06364935
0.00093510 -0.00544321
0.05877922 0.00919163
-0.05219450 -0.01351484
-0.02888410 -0.02161411
0.01933639 0.03014796
-0.00381880 0.02272736
-0.00412383 0.04304586
-0.00847114 -0.06362590
-0.05965484 -0.01292570
0.00855915 -0.00000842
-0.00733542 0.04399142
-0.03476111 -0.01148199
0.02192959 -0.01669082
-0.00884850 -0.03775133
0.02230881 0.02365942
-0.03566441 -0.03235082
0.02365665 0.05286493
-0.06270025 0.00394875
-0.07996065 -0.07835229
-0.02130761 0.03731284
-0.05245277 -0.01384208
-0.02933837 -0.05210341
-0.03899355 -0.01818082
0.00945499 -0.00854400
0.02129276 0.05904218
0.07145348 -0.08854897
-0.01227394 -0.01168103
0.06192756 -0.00932385
-0.00352226 0.00337040
0.01270551 0.07311976
0.01522215 0.00311349
-0.08037083 -0.02912782
0.02684742 -0.08482610
-0.02540158 -0.04416965
0.03339350 -0.01594956
0.04216368 -0.01377348
-0.02956796 0.03624484
-0.05287893 -0.03941261
-0.01403663 -0.07766896
-0.01604418 -0.01641690
-0.06816398 0.01274340
-0.02223797 -0.01988584
-0.00990151 -0.07917774
0.00165907 -0.02315586
-0.00063444 0.04840077
-0.02390712 -0.02437952
-0.04520510 0.03164411
0.02582852 -0.00619335
-0.06541959 -0.03964162
0.03022580 -0.00584312
-0.05296497 0.01736238
-0.03535835 -0.02769520
0.12420588 0.04905145
0.04180524 -0.04992179
-0.02545734 0.00342616
0.04987727 -0.01413257
-0.03024192 0.01325114
-0.03377335 -0.03963218
-0.04246115 -0.00012598
-0.05478480 -0.03035850
0.00265755 0.03810075
-0.00005649 0.05406985
-0.05365092 0.01966923
0.03286348 0.00089151
-0.03458703 -0.00816709
0.05690930 -0.03229659
-0.00525368 0.01509272
0.00755714 -0.03043688
-0.00063397 0.00815440
-0.04418978 -0.08987276
-0.01098827 -0.05552417
-0.04583585 0.04007202
-0.07339075 0.06840811
0.02946209 -0.10362183
0.06720677 -0.03899718
-0.01078963 -0.03722987
-0.02146667 -0.05453810
0.00142368 0.01819936
0.06734503 -0.06084703
0.03843845 -0.01937141
-0.07679861 -0.10021146
0.04135426 -0.13547373
0.01996379 0.00126550
-0.07755622 -0.01358114
-0.03290558 -0.03185842
-0.06233438 -0.03980215
0.04644320 -0.08379520
-0.05670891 -0.10087544
0.05184496 0.00253497
0.05348741 0.00172967
0.10932995 0.09391252
-0.01451874 0.03247456
0.03210188 -0.08921401
-0.02985789 0.05743238
-0.00593717 -0.03692563
-0.05682184 -0.01617163
0.08306240 -0.09043586
0.02553229 -0.04337235
0.02643136 -0.07236657
-0.07231806 -0.14700072
0.01716856 0.01855520
-0.07105031 0.01643495
0.03317101 0.01974344
-0.04216495 0.08117632
-0.03946892 -0.00189018
0.02320554 0.00995061
-0.01197853 -0.01038772
0.01775776 0.03740260
-0.03524927 -0.09588023
0.01480643 0.06297277
-0.05661680 -0.03613916
0.05941077 0.05407218
-0.10749503 -0.04146235
0.08064219 -0.03088755
-0.05451284 -0.02823301
0.08940283 -0.02809430
-0.03148047 -0.02496456
-0.10337206 0.02227288
0.06244602 0.01672535
0.00153813 0.06158861
-0.05646346 -0.01247264
0.05518898 -0.00593160
-0.08324221 -0.05431584
-0.05055522 -0.05359907
0.05771659 0.04177297
-0.03327725 -0.01181073
0.05361951 -0.03399422
-0.01998702 0.00840051
0.01594080 0.07363871
-0.06760301 -0.01612543
-0.00913070 -0.02874697
-0.06084790 -0.00962235
0.02656271 -0.03312600
-0.03845688 0.00393594
0.01740314 -0.03848619
0.04373242 0.00238907
0.01314806 -0.06400601
-0.02316003 -0.04547294
0.02518743 -0.06415514
0.03534900 -0.04237279
0.04052489 0.00266680
-0.02458021 0.01470543
-0.02991314 -0.03778904
0.00805463 -0.02923262
0.02311452 0.05328171
-0.06432179 0.00013611
0.03252150 -0.00211596
0.01631104 -0.05756862
0.04194079 0.00220352
0.01815406 0.05502985
-0.05306380 0.01141672
-0.04159720 -0.03159273
0.01098440 -0.07046014
-0.03908382 0.12238349
-0.04425788 -0.00622807
0.02297097 -0.00832852
0.08474021 -0.01369661
0.12637728 -0.03805855
-0.08137747 0.00813069
0.16647974 0.01056362
-0.03460963 -0.07118828
0.03725586 -0.06801763
0.03928646 -0.04089887
0.05951989 -0.03496394
-0.05756411 -0.01730004
0.06354983 0.05265296
-0.01591993 -0.04491054
0.01582379 0.05000027
-0.05571695 0.01326925
0.06405330 0.05386442
-0.03703591 -0.05618573
0.07611729 -0.05902950
0.05553671 0.02411776
0.01926260 -0.00343194
-0.01148028 -0.07767980
-0.00779292 -0.01054831
0.01909389 -0.05867815
0.04088845 -0.06069503
0.02717993 -0.08423972
-0.04210695 0.02641341
0.02793850 0.00839408
-0.03886376 -0.10558049
-0.01917187 0.03971130
-0.01194736 -0.03777938
-0.04648329 -0.01961551
-0.03462790 -0.01237669
0.00866709 0.02590334
0.02390360 -0.00489635
-0.07245021 -0.03048931
0.04892123 -0.05625004
-0.08311153 -0.11228262
-0.02734921 -0.07388899
0.01176020 -0.05912973
-0.09316807 0.12584628
0.04785392 0.05028625
0.05298437 -0.00961425
0.00472768 -0.05503428
0.09245046 -0.00080444
-0.02731350 -0.01320345
0.00685862 0.10186240
0.05806511 -0.07009557
-0.02967428 -0.08785565
0.02504590 0.04629168
-0.00672848 0.00297572
0.05889609 -0.02644592
-0.06554688 -0.02844507
-0.07378075 -0.04600997
-0.05046418 -0.05671577
0.01564958 -0.01641379
0.03447874 -0.00980799
0.00740203 0.03722835
-0.02171786 -0.07384746
-0.00702158 -0.04998403
-0.02608916 -0.02558999
-0.04750866 0.02430517
-0.00815105 -0.00183739
0.02577871 -0.07387144
0.00007044 0.15561002
-0.08735610 0.00454637
0.05673796 0.06222451
0.05504819 0.09968141
-0.10324726 0.08925571
0.02380968 -0.06076781
0.08432020 0.02324495
0.01083427 0.09908175
0.08079599 -0.06455634
-0.08965301 0.07161322
-0.01357920 0.03253078
-0.04312743 -0.04797829
-0.06577500 0.02264697
0.08372308 -0.04623857
-0.01420121 -0.09077819
0.04717750 -0.10357822
-0.02007149 0.01166980
0.06781262 -0.01278669
-0.03067588 -0.01528472
0.04976648 -0.14888337
-0.06752591 -0.01513667
0.03752333 -0.05384178
0.02411716 0.06926902
-0.04110550 0.08973292
-0.10519887 -0.02677171
0.04985668 -0.05565080
-0.12059293 0.08892310
0.00811725 -0.00098922
-0.15995041 0.01777642
-0.04244106 -0.02762959
0.00062277 -0.00098958
-0.04732411 0.05745427
-0.08748984 0.00902172
-0.06069656 0.02285190
0.05386517 0.00350493
-0.06113954 -0.03931566
0.05825159 -0.12483879
0.01544074 -0.01163193
-0.02591963 0.03972354
0.09714383 -0.03577456
0.00028123 -0.03311297
-0.00412473 -0.05496069
0.01484422 -0.17501742
-0.00816733 0.00899645
-0.07164370 -0.04263031
0.00803632 0.01522106
0.04990419 -0.01561268
-0.08968648 0.03788308
-0.02249754 0.01481463
-0.00339755 -0.01355005
0.00366983 -0.04331219
0.00765968 -0.06571731
-0.08775084 0.07284730
-0.02972762 -0.10608862
-0.01731695 -0.02731095
0.08808038 0.03810792
0.00046014 0.02268049
-0.10773904 -0.03481169
0.05492742 -0.03252942
-0.14652728 0.02913392
0.10836976 -0.11596295
-0.00670235 -0.00426975
0.02213446 -0.08689878
0.01881284 -0.05280824
0.00827410 -0.05878109
-0.02527343 0.01794924
-0.07040505 -0.11473888
0.07592065 -0.03224635
-0.05917818 -0.03056051
-0.01424668 -0.10885410
-0.00840472 -0.05640411
0.06117634 -0.01929787
-0.06665457 -0.02253312
-0.02639165 -0.08605869
0.01812153 -0.00336380
-0.01125090 -0.10535935
-0.06662191 0.05658479
-0.07256829 0.07620609
-0.03075213 0.10474307
-0.02468196 -0.08737874
0.04550325 0.01325455
-0.06159572 -0.07316371
0.09207413 0.03382422
0.09559213 0.02956425
-0.06394994 0.03177167
-0.07040504 -0.00877602
-0.00448426 -0.06745259
-0.02484650 0.00978998
0.03571534 -0.04999445
-0.06238253 -0.03357265
-0.04180336 -0.01822845
-0.03707306 -0.04619640
0.02905550 0.05982073
0.10426565 -0.01042799
-0.07291722 0.01882127
-0.11355141 -0.06072001
-0.06026759 0.06446189
0.08052348 -0.07591166
-0.01939338 0.04168430
-0.00393329 -0.15299939
-0.08769165 0.01312560
0.00137086 -0.03149875
0.02050292 0.06112546
-0.00613881 -0.01697705
-0.04818111 -0.00172902
-0.05960971 -0.02088685
0.02731543 0.03241055
-0.06437297 -0.05289736
-0.01794625 0.03480535
-0.12104508 -0.00596283
-0.03405822 0.03912943
-0.08225139 0.01540610
0.02638912 -0.01517130
-0.06071717 -0.01942617
-0.09090796 0.01478742
0.09364247 0.04901318
-0.01098851 -0.04571347
-0.04891082 -0.03350048
-0.04437041 0.00552665
-0.06664544 -0.04750887
-0.03537117 -0.05756387
-0.03552954 -0.05978527
0.00975067 -0.03436144
-0.06493872 0.03456639
0.00825878 -0.02831315
-0.05479261 -0.01553284
-0.01460971 -0.02880543
-0.10319631 -0.01514306
-0.01814736 0.04776484
-0.06174496 -0.06370786
-0.03252897 0.03946661
0.03086163 0.03043069
0.05158069 -0.11263285
-0.00139314 0.05973567
0.09318100 -0.00696780
0.05979303 0.08329368
-0.02386038 -0.01984969
0.04845656 0.01951738
0.10788141 -0.02079486
-0.02398920 -0.05064474
-0.02914770 -0.00426884
-0.04167317 -0.03112943
0.00259785 0.03008233
-0.00399737 0.04464158
-0.08680306 -0.08145913
-0.07349525 -0.04688084
-0.10372993 0.02159777
-0.00251006 -0.00429791
0.01446331 0.02294934
-0.03328087 0.04152600
-0.01737022 -0.03304785
0.02518411 0.07750335
-0.02714428 0.01838470
0.01914569 -0.03956676
-0.02502981 -0.02730297
-0.02118225 -0.00588720
-0.05931457 -0.05254900
-0.00933240 0.03470325
-0.01958737 0.06670938
-0.02419259 -0.02663789
0.03467606 -0.01467279
-0.05268117 -0.00542080
0.02028850 0.02939087
-0.04277161 0.00327485
0.00730553 -0.02954709
-0.06801704 -0.06170055
-0.05417395 -0.04881938
-0.00370365 -0.00750616
-0.04552933 -0.03900077
0.07991347 0.04346176
-0.04061391 -0.03615125
-0.01223415 -0.00476732
-0.09083418 -0.06459752
0.00185374 -0.04504065
-0.04737560 -0.01216576
-0.03128446 0.03347306
0.00244271 -0.04225902
0.02540325 -0.06345516
-0.00503370 0.03549123
-0.00257763 -0.02600169
-0.00196939 0.01323376
-0.07153681 0.03883398
0.01389538 0.05837608
0.03745804 0.03667939
0.01576787 0.06273437
0.02021502 -0.01131501
-0.00667968 -0.02034751
-0.07394695 -0.13541974
-0.02049922 0.04990437
-0.04371121 0.09895707
-0.11905652 0.04116886
0.11508729 0.03318745
-0.08443638 -0.04926997
-0.02957744 -0.01590363
-0.09371649 -0.06663914
0.01186071 -0.01829032
0.05282338 -0.04610001
0.09630218 0.16212225
0.07763794 0.03095463
-0.11894784 0.04126202
0.03132218 0.02633970
-0.01773048 -0.04302020
-0.06284473 -0.01797945
0.09528272 -0.00181451
-0.08154663 -0.07988445
-0.05183866 -0.01403349
-0.00232836 -0.09589405
-0.00932212 -0.07028600
0.11793277 0.11930303
0.00318567 -0.01538356
0.13736503 0.11759237
0.04680910 0.01829972
-0.05112532 -0.12734495
-0.03379928 0.01140509
-0.10266657 -0.13098328
0.03309195 0.09856854
-0.01761554 0.10711475
-0.04727901 0.06007967
-0.00934193 -0.06233551
-0.05932444 0.07642568
-0.03987247 -0.02444501
0.11392637 -0.04767792
0.02242707 0.06089535
-0.00965331 0.01240033
-0.04720665 -0.01494709
-0.06127464 0.02092639
0.01781175 0.05587045
-0.04196228 -0.07603552
0.02888858 0.05497998
-0.03407674 -0.04702108
0.01047623 0.12090812
-0.15939665 -0.01279893
-0.01197181 -0.03986351
-0.07001476 -0.03851676
-0.07553621 0.04952194
-0.02502864 -0.06457442
-0.03712498 0.10977183
0.01059519 0.06118806
0.00761622 0.10609505
0.04718640 0.03433868
0.04811865 -0.03433635
-0.06136841 0.12066045
-0.00846444 -0.07839780
-0.11170024 -0.01211714
-0.01825753 -0.03647448
0.02358504 0.02199222
-0.08637468 -0.10339151
-0.02199043 0.10029384
-0.17450815 -0.12125871
-0.03547227 0.01087098
-0.05331708 0.00226954
0.01538845 0.10475469
-0.09602986 0.07353124
0.15878092 0.03833964
0.04602434 0.01729008
0.10214638 -0.05612320
0.07749265 -0.08592031
0.00365918 -0.02821537
0.00405905 -0.08573429
0.00167851 -0.01205861
-0.03022087 -0.13964853
-0.01023521 -0.01887775
0.01878069 -0.09697466
-0.03037602 -0.02167151
-0.00457970 0.00379704
0.03589850 -0.00414105
-0.05269655 0.07440810
0.01452894 -0.01987142
-0.04098291 0.00715645
0.06576186 -0.03254081
0.00645476 -0.02687635
0.00215437 0.08948074
-0.00199066 0.00041739
0.00989188 -0.03816015
-0.04355366 -0.03376375
-0.04886810 0.15450113
-0.09413419 0.02414225
0.04400643 -0.00157608
-0.06590325 -0.07249256
-0.06879413 -0.01910628
0.02418596 -0.13679621
-0.04959605 0.00119258
-0.00112430 0.01522671
-0.04071710 -0.04824744
0.06151117 -0.04979289
0.04918532 0.11071014
0.02115605 0.04192060
-0.07116138 -0.08388879
-0.01912096 -0.02584494
-0.08910553 -0.00275203
0.01402430 -0.01564928
-0.04093847 0.02080995
-0.06022675 -0.04119272
0.04884743 0.14074425
0.02281872 -0.02874639
