1.699434072e-01 -8.492893726e-02
-6.705347449e-02 -8.732455969e-02
2.066250145e-02 1.147679538e-01
4.249569774e-02 -4.169482738e-02
2.269235253e-02 -8.411502838e-02
-1.151207462e-01 9.459125251e-02
1.158467606e-01 4.248272255e-02
-7.025583833e-02 -9.762674570e-02
3.336851299e-02 2.753747702e-01
3.334409744e-02 7.898887247e-02
-1.234040558e-01 7.917053998e-02
-1.431854814e-02 -3.617400303e-02
-1.649786681e-01 -4.300763458e-02
6.953609735e-02 -4.068833962e-02
-2.380646393e-02 -1.045993529e-02
1.554515120e-02 -1.507427990e-01
-7.826172560e-02 -2.708167583e-02
-7.300540060e-02 -1.348178834e-02
1.051867101e-02 -2.045367658e-02
4.023617879e-02 7.128407806e-02
-1.439452320e-01 9.612341225e-02
-8.328446001e-02 5.307136569e-03
9.814123809e-02 -8.840901405e-02
1.992753148e-02 -6.044878159e-03
5.432033166e-02 -1.159670725e-01
1.022167578e-01 -6.865511835e-02
-1.030344144e-02 -5.759510025e-02
1.319181472e-01 -4.160876200e-02
-6.332776695e-02 -1.015171781e-01
-1.100875288e-01 -1.089602932e-01
-6.688047200e-02 -1.409759372e-01
-2.888858691e-02 -1.268522162e-02
7.829410024e-03 -1.267296523e-01
3.290747106e-02 1.262586266e-01
-1.175191849e-01 2.782264352e-02
1.320604980e-01 1.596905291e-02
-8.247923851e-02 5.768163502e-02
-2.294591069e-02 -2.990726940e-02
-5.865535885e-02 -7.917232066e-02
4.400941432e-01 3.722287118e-01
6.667421013e-02 -1.323096901e-01
1.048628092e-01 1.377019286e-01
-1.801975770e-03 -1.768885553e-02
-1.183984876e-01 -7.348833233e-02
-2.655561827e-02 1.536819190e-01
-1.509378850e-02 -4.463079199e-02
2.286165766e-02 9.948014282e-03
-6.542362273e-02 -6.942802668e-02
-2.211414836e-02 2.401937172e-02
2.992774546e-02 -2.681160904e-02
-8.512823284e-02 -3.623788431e-02
-5.578851700e-02 3.076832183e-02
-1.617596019e-03 5.767645687e-02
-1.163579822e-01 2.973564668e-03
-1.186784580e-01 -9.781465866e-03
7.002508268e-03 8.144756407e-02
1.480005085e-01 -3.318307549e-02
3.618184850e-02 -7.658685744e-02
-1.096096355e-02 1.233440042e-01
-6.355936825e-02 -5.563251302e-02
6.298324466e-02 1.780122332e-02
-4.289948568e-02 5.293244123e-02
-7.585506421e-03 5.169012025e-02
-2.140093222e-02 -7.994939387e-02
-1.668027486e-03 1.353429705e-01
-6.913071033e-03 -6.449061632e-02
7.644261420e-02 8.180322126e-03
-5.608377233e-02 7.313413918e-02
2.747923136e-02 -1.949294843e-02
1.438552421e-02 -1.505337954e-01
-1.654057577e-02 -3.279554192e-03
-8.766714483e-02 -4.608736560e-02
-1.105915755e-01 -1.117453277e-01
8.341719955e-02 -4.378371686e-02
-6.881827861e-02 -7.283119950e-03
-1.812513769e-01 7.935727388e-02
-1.054365635e-01 5.909439549e-02
7.066803426e-02 4.597757384e-02
-5.012473557e-03 7.776188850e-02
-1.235942729e-02 3.001813591e-02
1.136261448e-01 -8.963388205e-02
-4.043579847e-02 -1.271391511e-01
9.478796273e-02 7.583859563e-02
-1.688172817e-01 3.825757653e-02
1.825650036e-01 -4.434734583e-02
2.409319859e-03 3.788074851e-01
4.394618445e-04 1.907336861e-01
-2.784814499e-02 -1.509771347e-01
2.850566804e-02 3.511123359e-02
3.030324541e-02 -1.375282556e-01
-1.462311447e-01 -1.384299099e-01
2.398818359e-02 -8.344165236e-02
5.299853906e-02 -5.215880647e-02
1.191027835e-01 -3.296005726e-02
2.158600092e-01 -1.507992744e-01
-5.870782211e-02 4.814743623e-02
2.272785455e-02 -1.024777163e-02
-1.238913387e-01 3.264055401e-02
-2.661705576e-02 -1.875583641e-02
-1.678599417e-02 1.337072719e-02
-2.793079056e-02 -4.273908213e-02
-3.609053418e-02 -4.743811861e-02
-5.123225972e-02 -3.482471406e-02
9.118943661e-02 -5.515106022e-02
8.193919063e-02 -6.849255413e-02
1.170698646e-02 -2.882655337e-02
-6.714218110e-02 -4.288969934e-02
8.357220329e-03 -1.640125364e-02
-8.106900752e-02 -7.106807828e-02
-5.621008575e-02 7.978542149e-02
-5.691152811e-02 2.151152119e-02
-7.193017006e-02 -1.172699183e-01
-4.628539458e-02 1.168843079e-02
3.434728086e-02 1.944494806e-02
1.169962902e-02 5.268624797e-02
6.896675378e-02 1.005560812e-02
7.204728574e-02 5.974368751e-02
-9.594907612e-02 3.636602312e-02
1.932649501e-02 -8.301896974e-03
-2.936019748e-02 -2.795235440e-02
2.854941785e-01 8.726462722e-03
6.548468769e-02 1.033049971e-01
1.125555579e-02 -1.346798334e-02
9.350166470e-02 2.209507488e-02
3.741026670e-02 4.049102962e-02
-9.071537107e-02 2.179691792e-01
-1.708014496e-02 1.264484599e-02
3.005433828e-02 -1.094427854e-01
-6.531850249e-02 1.116508916e-01
-3.880819306e-02 -7.126335055e-02
-1.471955776e-01 -2.593508549e-02
-1.245741770e-01 1.584868878e-02
-6.302821636e-02 2.623809874e-02
1.513483524e-01 -3.564748541e-02
-6.509147584e-03 9.359756485e-03
1.128012165e-01 -2.431211993e-03
7.522020023e-03 -5.722554028e-02
-6.205557287e-02 -3.336768970e-02
-3.660709411e-02 -5.394660681e-02
-4.578972980e-02 4.546448216e-02
-1.016694382e-01 -5.275792256e-02
6.964286324e-03 -3.523293138e-02
-1.180739924e-01 5.202073976e-02
-3.604190424e-02 -5.433266982e-02
-6.783247739e-02 1.994690746e-01
-1.993407309e-02 -2.793277241e-02
-1.795088202e-01 -6.310370564e-02
2.021935433e-01 -6.286171824e-02
-1.844672859e-02 2.882885002e-02
-3.354783729e-02 -3.889255598e-02
2.958403900e-03 -1.028968170e-01
3.894433081e-01 -1.959950179e-01
-1.173185930e-01 -1.518128067e-01
-1.210568324e-01 -9.840606153e-02
-2.084777206e-01 5.134650692e-02
2.375678122e-01 3.165389299e-01
-1.502703428e-01 -1.049801484e-01
-9.243249148e-02 2.583169553e-04
-4.866688326e-02 -1.870359331e-01
7.390918583e-02 8.388650417e-02
-3.719395900e-04 4.977619275e-02
1.548396945e-01 -1.118286550e-01
1.493188739e-01 1.097648665e-01
9.138190746e-02 1.174970567e-01
1.489212066e-01 8.218327910e-02
4.311852157e-02 1.439442392e-02
-1.062632650e-01 4.524420947e-02
-1.358023435e-01 -9.752828628e-02
-2.774883062e-02 -1.543588042e-01
-6.148474663e-02 -1.170008034e-01
3.204689920e-02 2.862416394e-02
-1.087992191e-01 -6.774491817e-02
-3.270750865e-02 1.592587978e-01
1.599071920e-01 -1.342355758e-01
-1.338099539e-01 2.952545136e-02
6.259052455e-02 -1.258909255e-01
-2.795802988e-02 -5.856041983e-02
-6.297470629e-02 -1.083419994e-01
2.530386299e-02 -8.284188062e-02
2.466209680e-01 -7.233373821e-03
2.085227519e-01 -3.412846476e-02
2.160266787e-02 7.519134786e-03
-1.026329026e-02 2.014054209e-01
-6.847258657e-02 -1.059406921e-01
4.317478240e-01 -1.813542470e-02
-4.298560321e-02 -1.079538763e-01
3.346339986e-02 4.283777624e-02
-1.663563251e-01 -6.577106565e-02
5.264716223e-02 -4.623549059e-02
-7.224897854e-03 7.183302194e-02
-2.426428162e-02 3.802833706e-02
-1.055420004e-02 -1.165009588e-01
5.728667602e-02 -4.175007716e-02
5.057290196e-02 3.770808876e-02
3.644980490e-02 -3.545990959e-02
-1.319870725e-02 -1.996064745e-02
-2.937996760e-02 2.030795813e-02
-2.141010389e-02 -4.080433026e-02
-8.367306739e-02 -1.577026583e-02
5.868105683e-03 -2.413449436e-02
3.004878573e-02 1.929011010e-02
1.792866550e-02 -2.562392503e-02
-1.921839453e-02 -4.627451301e-02
-5.738658458e-02 -4.396953434e-02
1.707611792e-02 6.705110427e-03
-2.316422202e-02 2.877063351e-03
5.171601661e-03 5.959516391e-03
4.260697216e-02 1.848218217e-02
3.431774676e-02 -4.363192618e-02
1.143195853e-02 -4.532498866e-02
1.095058862e-02 -2.097918838e-02
-7.976206392e-02 -7.125060260e-02
-3.360263631e-02 1.799095981e-02
-2.523036674e-03 -1.233504526e-02
-2.141968906e-02 -6.910712272e-02
6.141046807e-02 3.475573286e-02
-1.784108132e-01 -8.152622730e-03
5.685883388e-02 -5.326977000e-02
-1.095953137e-01 -5.846387148e-02
-4.204550758e-02 3.884626552e-02
7.676853985e-02 1.762491018e-01
-6.785702705e-02 9.227276593e-02
3.291806951e-02 -1.112579405e-01
1.240065992e-01 1.338001490e-01
-4.260182753e-02 -6.617495418e-02
1.341557316e-02 -1.302897185e-01
9.375512600e-02 2.250252962e-01
-7.250348479e-02 1.214570105e-01
2.288691327e-02 -6.435877085e-02
-9.829723090e-02 8.505987376e-02
-3.820711374e-02 5.842478573e-02
-2.741780318e-02 7.490773685e-03
-4.051225260e-02 -4.131887108e-02
-7.073208690e-02 -2.819623984e-02
-3.554841131e-02 -1.331711709e-01
-1.289231051e-02 3.719321266e-02
3.253337741e-02 -6.016085297e-02
5.820176005e-01 -7.313651592e-02
1.925935969e-02 9.528157115e-02
-7.414815575e-02 -4.586775973e-02
-1.459997296e-01 1.605793275e-02
2.809372731e-02 -4.727419838e-02
-1.156130731e-01 -8.608769625e-02
7.334305346e-02 1.916494593e-02
-1.213111822e-02 2.266154438e-02
-4.330411181e-02 -5.183092877e-02
-1.824097335e-02 4.885211587e-02
4.642898217e-02 8.210081607e-02
-7.390308194e-03 -6.913909316e-02
-2.852226049e-02 -6.591966748e-02
-8.063657582e-02 1.648948155e-02
6.048221886e-02 4.498002306e-02
4.969503731e-02 1.815547422e-02
-4.430431128e-02 -5.367270485e-02
2.223226428e-02 -6.128868461e-02
-1.714349240e-01 1.006292805e-04
-1.205162406e-01 -4.670349509e-02
-2.323995531e-02 1.058482453e-01
6.929645315e-03 -4.165869951e-02
9.040685743e-02 6.313037872e-02
3.074876033e-02 -1.366385370e-01
-4.334184155e-02 -6.006855518e-02
-3.732118756e-02 4.288598523e-02
-4.081176221e-02 -6.064996868e-02
-2.562780306e-02 1.602841914e-02
-7.161790878e-02 -2.145061456e-02
-4.956792668e-02 -8.982659131e-02
7.747031003e-02 1.170186559e-03
-1.540841814e-02 7.437464595e-02
-3.750114143e-02 -5.960767716e-02
-8.176066913e-03 -4.893987998e-02
1.216305271e-01 -2.388591878e-02
-2.075105906e-03 1.707415730e-01
-1.083340379e-03 1.935308613e-02
-2.572043613e-02 -1.351167113e-01
-1.248040870e-01 -2.518363483e-02
-1.512660980e-01 8.503950387e-02
-3.646042198e-02 -5.571615696e-02
-9.331395477e-02 1.116992012e-01
1.319481991e-02 7.891568542e-02
-5.469251424e-02 1.218968853e-01
8.504261076e-02 -3.045955300e-02
-9.189689532e-03 -2.186524682e-02
-1.999003440e-02 1.300695911e-02
-6.280438043e-03 9.469710290e-03
-4.771133512e-02 -3.136868402e-02
-5.738689005e-02 6.828609109e-02
-2.289662138e-02 -5.773009360e-02
-8.360861242e-02 2.453314699e-02
1.920204610e-02 -2.196464129e-02
8.888389170e-02 -1.291142553e-01
-1.296474040e-01 -2.361629158e-02
-5.837647989e-02 -6.954792887e-02
4.725190625e-02 -3.638428822e-02
-2.264050208e-02 -1.109756827e-01
-5.678856745e-02 6.713662297e-02
6.915784627e-02 8.429179341e-02
8.622073382e-02 1.856854707e-01
3.337139264e-02 -1.209363118e-01
-5.560254678e-02 -8.732770383e-02
6.091829762e-02 -5.949942768e-02
4.211447760e-02 3.380664438e-02
9.562103078e-03 -2.897766046e-02
8.321530372e-02 1.842525229e-02
1.112564278e-04 1.392301638e-02
1.237766817e-01 -1.196574327e-02
5.427267402e-02 5.239283666e-02
-6.384655088e-02 4.500019364e-03
4.201150686e-02 2.289682031e-01
-7.413209230e-02 3.536796197e-02
-1.265026927e-01 -3.300830349e-02
2.026453242e-02 -3.968771175e-02
-1.121944934e-01 2.061289363e-02
1.496643852e-02 -8.076778054e-02
-1.227005618e-03 2.776535414e-02
-7.095112652e-02 -2.166900598e-02
-8.510286361e-02 -5.837274715e-02
-1.129265428e-01 -1.033124030e-01
3.043681681e-01 -8.134879172e-02
9.021025151e-03 3.131654486e-02
-2.952276915e-02 -2.771755867e-02
-7.671730965e-02 -5.514794588e-02
2.266759425e-01 -1.255075932e-01
1.351308916e-02 7.954497123e-04
-9.972506762e-02 4.109472968e-03
-5.956195295e-02 6.136574969e-02
-8.052600175e-02 8.240893483e-02
2.245893329e-02 3.072190471e-02
-1.695686765e-02 -7.723702490e-02
-7.184755802e-02 4.263084847e-03
-1.943435967e-01 -1.084825099e-01
3.207587302e-01 6.908285618e-02
1.149232611e-01 5.357344449e-02
-4.811347649e-02 -5.011657625e-02
2.892988734e-02 4.622467607e-02
-8.995518088e-02 1.122542471e-02
-1.095849648e-01 2.445043251e-02
-3.967298195e-02 -4.819964990e-02
-9.158426896e-03 5.591259152e-02
3.070438094e-02 8.285225183e-02
-2.112928219e-02 -5.848249421e-02
2.432074584e-02 -6.648088992e-02
-3.765332513e-03 -3.042118438e-02
-1.697840542e-01 1.179435998e-01
-1.456002984e-02 6.949234754e-02
1.101569831e-01 -9.497360326e-03
4.114454612e-02 5.490889400e-02
-1.022862643e-01 -4.603907838e-02
9.587979317e-02 -6.164779514e-02
-8.833791129e-03 -2.042639814e-02
-4.934944212e-02 3.302747384e-02
-5.327529833e-02 -3.002546728e-02
-1.217574254e-02 -4.350663349e-02
7.475380599e-02 -4.614146426e-02
2.327576047e-03 5.184744019e-03
2.430251986e-02 -6.346382946e-02
9.678287804e-02 -4.683997948e-03
7.326060534e-02 -3.413512930e-02
-6.498110946e-03 -9.456954151e-02
6.288988143e-02 3.924558312e-02
4.027552530e-02 -6.947986037e-02
-6.642655004e-03 6.895533949e-02
-4.331485182e-02 -4.314401373e-02
-9.003232419e-02 -4.293093830e-02
-1.899554022e-02 8.691532165e-02
3.633214161e-02 1.275730040e-02
-4.968457296e-02 -1.687730849e-02
7.606356591e-02 -7.053971291e-03
5.555509403e-02 -5.535235256e-02
1.279847696e-02 -2.045497671e-02
-4.771788791e-02 -5.783270299e-02
1.659406722e-02 4.422069993e-03
-4.193810001e-02 8.189632744e-02
-1.892624050e-02 -8.922391571e-03
4.487011209e-02 -4.941137880e-02
-4.738655686e-02 -2.212081105e-03
2.605428547e-02 -8.529684506e-03
-5.847694352e-02 8.705039509e-04
3.265014291e-02 -3.924977034e-03
-4.903064109e-03 -1.968631335e-02
4.982040823e-02 1.211780682e-02
-2.096039942e-03 3.713041916e-02
-2.618329786e-02 -3.702009842e-02
-5.820928514e-02 -2.268699184e-02
-9.352224320e-02 2.350551635e-02
2.438960969e-01 -1.758438498e-01
2.407008410e-01 9.204966575e-02
-7.542097569e-02 -7.517960854e-03
-6.447187811e-02 -1.894839108e-01
-1.829743572e-02 -1.092185173e-02
8.723420650e-02 -3.029271029e-02
3.323286399e-02 -8.912995458e-02
-1.863020509e-01 8.575454354e-02
-1.789857149e-01 -6.048098672e-03
-2.022596542e-03 -1.625290960e-01
-2.929408289e-02 2.042072713e-01
-1.024831682e-01 5.923118070e-02
-7.546773553e-02 5.800747871e-02
3.633465767e-01 -5.485102907e-02
-1.611248106e-01 1.581102610e-01
-5.610625446e-02 -4.661191255e-03
2.746601701e-01 7.715411484e-02
-1.602404118e-01 -1.687134951e-01
5.429042876e-02 2.369601429e-01
-1.069000438e-01 1.452324092e-01
-1.530995965e-02 -6.371255964e-02
6.208676472e-02 -1.352055743e-02
-2.002056688e-01 -1.582092792e-01
-8.657653630e-02 -2.426731214e-02
9.649964422e-02 -3.648618981e-02
5.055626109e-02 4.550981149e-02
-1.877752878e-02 -4.933526739e-03
-7.841636240e-02 -5.244952068e-02
-1.102686487e-02 -5.760871992e-02
-4.089925066e-02 -1.869580150e-02
-8.286554366e-02 1.247725934e-01
2.164952894e-04 2.740601636e-02
3.042190522e-02 -4.314894602e-02
-6.809074432e-02 -5.182329565e-02
2.115733549e-02 -3.656321671e-03
-7.520712167e-02 -5.004502460e-02
3.144974820e-03 3.468368202e-02
1.289525926e-01 -3.613811359e-02
7.199099660e-02 1.140785869e-02
1.331429742e-02 -2.226817794e-02
1.555020455e-02 -2.471360203e-04
1.034742668e-01 -1.236542389e-01
2.990130149e-02 1.037491933e-01
-3.133298084e-02 -2.164225467e-02
-4.106998071e-02 2.870868705e-02
1.450345069e-01 -3.311069310e-02
3.504116461e-02 -4.879994318e-02
-5.000183731e-02 -4.058494419e-02
-1.007506102e-01 -4.100665823e-02
-2.779061347e-02 -4.564884678e-02
-6.199711002e-03 3.127101064e-02
-1.113146842e-01 -7.963786833e-03
2.112414688e-02 -5.980637670e-02
-1.202355418e-02 -5.842515081e-02
5.522430874e-03 -8.933770470e-03
-6.368887424e-02 -7.530672848e-02
8.358187973e-02 2.473317459e-02
-6.185293198e-02 -6.638159603e-02
-9.825304151e-02 3.931193799e-02
-6.083362177e-02 2.126567438e-02
-7.079386711e-02 -1.977861673e-02
8.274553716e-02 -1.065924615e-01
-9.575130045e-02 1.041481048e-01
8.807075769e-02 2.232510597e-02
8.455645293e-02 -1.572369225e-02
3.820788115e-03 1.373380870e-01
7.595346123e-02 7.611498237e-02
-3.120792843e-02 -4.978956282e-02
-3.757919744e-02 1.639544517e-01
-4.396492243e-02 -1.569504589e-01
-4.604001716e-02 -3.257918358e-02
-7.924603671e-02 -4.516827688e-02
-5.302011594e-02 1.324934214e-01
1.752444208e-01 1.112798695e-02
1.008278430e-01 -9.568252414e-02
3.122288287e-01 -2.185045555e-02
-9.598088264e-02 -3.136668529e-04
3.664735258e-01 -3.883496299e-02
4.894739762e-02 1.316097826e-01
7.032906264e-02 1.511423141e-01
4.366877303e-02 2.554819360e-02
-1.262855083e-01 -8.760306984e-02
-1.421713084e-01 -4.806836694e-02
-7.683768123e-02 -1.393570751e-01
-1.409223229e-01 6.713881344e-02
-1.089326218e-01 -3.346066456e-03
-6.700840592e-02 -1.178616956e-01
-1.049924791e-01 1.259130538e-01
-1.857148111e-02 1.496177763e-01
-1.384789944e-01 -1.905099861e-02
-8.465635777e-02 3.142234087e-01
-1.045425795e-02 5.647102743e-02
-1.409504265e-01 6.927897781e-02
-7.835116982e-02 4.662443697e-02
-1.797545552e-01 -1.317315102e-01
-7.979658991e-02 3.956194222e-02
7.346421946e-03 -1.050230116e-03
6.474142894e-03 -1.241771318e-02
1.082112640e-02 -8.686248958e-02
-1.040898710e-01 -6.331158429e-02
2.690487541e-02 6.104826555e-02
-1.568602398e-02 -7.260442525e-02
8.563966304e-02 4.927046224e-02
2.835621126e-02 -1.295159757e-01
2.200687304e-02 -6.529047340e-02
5.124186352e-02 -1.493799314e-02
8.888216317e-02 -9.116049111e-02
4.440470412e-02 -1.182431448e-02
3.021830320e-02 3.530476242e-02
-4.650577158e-02 -2.309271321e-02
-8.752942085e-02 -1.174682751e-01
7.016696036e-03 6.663793325e-02
1.114500090e-01 2.154004388e-02
-8.809114248e-02 -2.654432319e-02
-9.818954021e-02 1.651105285e-02
-3.535125032e-02 8.405514061e-02
6.364971399e-02 -1.020191051e-02
3.730745986e-02 -8.736863732e-03
-3.161108543e-05 -8.346182108e-02
-1.140854433e-01 4.312327504e-02
-5.546765774e-02 1.142269969e-01
-9.917285293e-02 -1.029625982e-01
-1.231530458e-01 4.360518605e-02
1.894169301e-02 2.301023901e-02
2.714179829e-02 -3.823019937e-02
-7.622439414e-03 -1.086099446e-01
-9.175071865e-02 -4.080351815e-02
2.581231296e-01 -1.482885778e-01
1.439732164e-01 5.847759917e-02
6.036634371e-02 -1.820817739e-01
-6.594831496e-02 -1.804121770e-02
3.810558096e-02 1.769606471e-01
5.008224025e-02 -2.268542349e-02
-4.515793175e-02 -4.873974249e-02
-5.800477788e-02 -2.259007543e-01
-7.866530214e-04 -2.861260809e-02
-1.251147538e-01 -5.616529286e-02
7.406023890e-02 1.011108011e-01
-1.052562222e-01 -6.428944319e-02
3.280431405e-02 -8.848728985e-02
-7.184597850e-02 4.265921563e-02
-3.131185472e-02 -4.072276503e-02
-6.199466065e-02 2.995706908e-02
-6.324563175e-02 -7.488734275e-02
1.052973121e-01 -1.194312871e-01
6.234090775e-03 -1.146749109e-01
-2.429711819e-02 -3.371662647e-02
-4.344614968e-02 -3.173447028e-02
1.912355423e-01 -2.608055016e-03
-7.871167362e-02 -1.304922253e-01
-5.091566965e-02 1.938120425e-01
2.074541003e-01 -1.096623614e-01
-7.180669904e-02 -1.243647467e-02
-1.970968954e-02 -1.140583828e-01
-2.490759082e-02 -6.178384274e-02
1.135914251e-01 2.799528278e-02
6.776446477e-03 -5.519619584e-02
-5.538650323e-03 1.082485542e-02
-1.716831475e-01 -1.365129650e-01
-1.296003908e-02 8.087845892e-02
1.419755369e-01 4.039995838e-03
4.033871740e-02 -8.110875636e-02
-1.305717528e-01 8.135369979e-03
-7.167116739e-03 5.708021671e-02
-4.551294446e-02 7.674545795e-02
-6.679428369e-02 5.056976527e-02
5.443545803e-02 1.083691493e-01
-1.399808936e-02 2.031680495e-01
4.369466007e-02 -1.412379444e-01
6.381000276e-04 -9.458034486e-02
-1.754538119e-01 -1.494154101e-03
-1.437958926e-01 4.139196873e-02
7.119900733e-02 -7.659309357e-02
2.156772278e-02 -1.249667779e-01
3.947509080e-02 -5.462587997e-02
-2.791693434e-03 2.078015730e-02
2.501136623e-02 4.790768027e-02
1.807307824e-02 -7.654809207e-02
-8.611429483e-02 -2.138735540e-02
5.840320885e-02 7.584007084e-02
1.444425285e-01 -3.122129291e-02
-4.088435695e-02 -4.256029427e-02
-3.331505507e-02 -5.181479454e-02
2.025793493e-01 -5.664700270e-02
3.437140584e-01 -9.850899875e-02
-7.984464616e-02 -5.415559281e-03
-1.076608598e-01 -1.548106670e-01
-7.688200474e-02 -9.424958378e-02
-7.940661162e-02 1.874257252e-02
-4.148228467e-02 1.272110175e-02
6.195895001e-02 -2.128959168e-03
1.669719070e-01 -6.740491092e-02
-6.985079963e-03 -3.547298908e-02
-4.203299806e-02 1.429135352e-02
-8.154788613e-02 -4.470305517e-02
-9.055431001e-03 -1.004984155e-01
2.200428396e-01 -6.534996908e-03
-1.554192416e-02 -5.469712429e-03
-1.055031642e-01 -7.131544501e-02
1.938802153e-01 -2.984703332e-02
-1.788511425e-01 7.668490708e-02
5.474712700e-02 2.908370271e-02
1.991958320e-01 -1.249102429e-01
3.601055220e-02 1.211602148e-02
9.265299141e-02 5.187468138e-03
2.134615034e-01 1.205051243e-01
-4.429902136e-02 -4.465454817e-02
6.422060728e-02 -1.695972979e-01
-1.781174093e-01 3.905940652e-01
-1.089468673e-01 -6.001015753e-02
-3.385210037e-02 -1.547838561e-02
-1.658117771e-01 -2.006060444e-02
7.734975964e-02 -1.011303738e-01
6.682310253e-02 7.098139077e-02
1.033344888e-03 2.425816357e-01
-1.407745667e-02 -6.556177884e-02
-6.289095618e-04 -1.540573388e-01
4.406566173e-02 -2.664066292e-02
-4.131682962e-02 2.493572421e-02
-8.801374584e-02 -3.402317315e-02
2.377558202e-01 3.046796471e-02
-1.877580583e-02 -1.733414270e-02
-6.961706094e-03 -1.259863675e-01
-4.129976779e-02 -1.949891150e-01
-9.886556119e-02 1.689613052e-02
1.841985881e-01 9.033934772e-02
9.541788697e-02 1.420095190e-02
1.127991229e-01 7.504497468e-02
-6.715658307e-02 7.097084075e-02
1.646442339e-02 -5.666455626e-02
-7.418210059e-02 -3.791506961e-02
5.938368663e-02 -5.194842443e-02
-1.121896356e-01 5.476352572e-02
-1.026597545e-01 -1.691605151e-02
1.207587942e-01 -1.271219403e-01
-5.911764503e-02 9.553382173e-03
-1.789658070e-01 8.053524792e-02
1.226567701e-01 -4.187726602e-02
2.171442844e-02 -3.376518562e-02
7.384146750e-02 2.441204153e-02
-9.539823234e-02 2.374231815e-02
-1.098604407e-02 5.301028118e-02
-3.589545563e-02 2.467605809e-04
2.655624226e-02 -1.074820086e-01
7.998984307e-03 -6.236342341e-02
-4.223968834e-03 -2.005577460e-02
-1.031944528e-03 -1.533170603e-02
-4.654220492e-02 -1.850672252e-02
2.808910795e-02 -5.109034479e-02
5.580631644e-02 -3.440969810e-02
-4.620119184e-02 -3.482216969e-02
2.738993801e-02 -4.942559823e-02
9.060314298e-02 8.025252819e-02
8.799762465e-03 9.907267988e-02
1.195139363e-01 4.700789228e-03
-4.282203317e-02 -1.020786539e-02
-4.021991417e-02 7.271239907e-02
2.440758795e-02 1.193068847e-01
-9.375968575e-02 -2.583679743e-02
2.400115877e-02 -1.650787517e-02
-1.566842049e-01 9.314841032e-02
-3.309732303e-02 3.815865517e-02
1.473574191e-01 -1.588908769e-02
8.065800369e-02 -1.810254529e-02
-1.203382313e-01 -4.159862176e-02
-1.153255403e-01 -4.040383175e-02
-6.112790108e-02 -8.887102455e-02
6.229457213e-04 1.187085267e-02
-3.525152802e-02 6.900125742e-02
4.372972623e-02 4.678756371e-02
2.201089822e-02 2.587706037e-02
-6.102891173e-03 -3.304567561e-02
-4.010890424e-02 9.897229075e-02
1.319252849e-01 -4.621502385e-02
1.365962531e-02 -4.762799665e-02
9.027878195e-02 8.234509826e-02
1.097598150e-01 7.458715886e-02
-6.221805140e-02 6.956727058e-02
-3.348296508e-03 -6.092258543e-02
-9.515994042e-02 5.192930624e-02
6.153500453e-02 4.315608181e-03
1.722243242e-02 6.013175473e-03
-2.959159203e-02 -3.861802816e-02
-2.831000462e-02 5.620396510e-02
1.478391420e-02 3.847616166e-02
-2.622083947e-02 -7.237388939e-02
5.559705198e-02 -7.645167410e-02
-1.074707359e-01 9.638562799e-02
1.917793043e-02 -4.090902209e-02
3.652782366e-02 3.895262629e-02
-3.620733321e-02 -2.587704733e-02
-3.827127442e-02 -1.905094087e-02
-6.871975958e-02 2.406196296e-02
-3.205835819e-02 6.459780782e-02
-6.079632416e-02 6.511121243e-02
-1.617047377e-02 -1.150754094e-02
1.445898134e-02 -1.438304968e-02
6.988670677e-02 -3.606999293e-02
-3.380131721e-02 1.842848398e-02
7.602469064e-03 -1.029983163e-02
-3.370522708e-02 2.763368748e-02
1.490306668e-02 3.643723577e-02
5.127490312e-02 -4.754799977e-02
2.858969569e-02 1.482264884e-02
7.352898270e-02 -4.817431048e-02
-9.209758788e-02 -8.564658463e-03
-1.342750341e-02 1.918378100e-02
-2.970908768e-02 -2.350603230e-02
-2.864659578e-02 -1.555036195e-02
-1.270654425e-02 -3.189423680e-02
-5.622529611e-02 -5.827903375e-02
-2.166148915e-04 2.774046548e-02
-8.197143674e-03 2.834039042e-03
-4.798226431e-02 1.107092798e-01
8.218561858e-02 -3.696176037e-02
3.414520621e-01 1.699440181e-02
-6.333695259e-03 1.109000593e-01
-5.105623230e-02 -7.270467281e-02
-1.344383657e-01 9.396665543e-02
2.161331102e-02 -3.452042863e-02
4.573217779e-02 -8.301112801e-02
-1.160695218e-02 5.601447821e-02
1.059257612e-01 -1.186384410e-01
-1.340829134e-01 7.009445131e-02
-1.024768203e-01 3.478996456e-01
-9.973711520e-02 -4.880285636e-02
9.554311633e-02 -5.177777726e-03
-1.835251153e-01 4.218382761e-02
6.588724256e-02 4.429145530e-02
-4.022834450e-02 -9.457305074e-02
3.407123312e-02 7.969592512e-02
-1.077803150e-01 9.950146824e-02
5.112960935e-02 -2.631713264e-02
2.327262461e-01 -9.835113585e-02
1.088683978e-01 3.585626930e-02
1.870904118e-02 1.416839957e-01
8.995064348e-02 6.056395173e-02
2.951251343e-02 6.979713589e-02
9.558362886e-03 9.253097326e-02
1.220985651e-01 -6.098388508e-02
-1.440453231e-01 -4.187897965e-02
-1.258943528e-01 4.545059521e-03
-1.754187047e-01 1.481231898e-01
2.206830680e-01 -3.812068701e-02
1.537699699e-01 3.079154715e-02
2.284749970e-02 -1.411415357e-02
8.520432562e-02 -1.429171953e-02
1.827115007e-02 -3.690809757e-02
2.161605656e-01 -1.165920198e-01
1.096981857e-02 2.643636614e-02
1.350018475e-02 6.960204989e-02
9.696730971e-02 -5.405397713e-02
8.668267168e-03 -1.105250269e-01
4.248638637e-03 -8.075451106e-02
-5.041230097e-02 8.250398189e-02
-1.703503914e-02 -9.580723196e-02
-2.561918646e-02 -7.129056752e-02
2.841287851e-02 -8.136845380e-02
5.474861711e-03 5.101123452e-02
-1.325943470e-01 -9.688877314e-02
2.210062183e-02 -8.777962625e-02
-1.046266854e-01 2.499974333e-02
-1.178277954e-01 -7.170417905e-02
-4.807476699e-02 -1.747826636e-01
1.320758760e-01 -9.417787939e-02
-7.420958485e-03 -3.214748949e-02
1.157905087e-01 -1.410441697e-01
-1.575049162e-01 -9.839161485e-02
-7.484459877e-02 -1.224573851e-01
-4.974067956e-02 1.670161188e-01
1.457314640e-01 3.502187133e-01
-8.819007874e-02 4.287916794e-02
-1.782221049e-01 1.363530904e-01
3.615956008e-02 1.262006760e-01
-1.129138619e-01 1.034653038e-01
1.436728984e-01 -8.843268454e-02
1.218247414e-01 9.580609947e-02
-2.890906669e-02 4.204034805e-02
-3.569375724e-02 2.126633190e-02
-3.168115616e-01 9.722370654e-02
7.520345505e-03 -1.910424442e-03
4.687576368e-02 1.907788664e-01
-1.397161484e-01 -4.967649281e-02
-1.130528525e-01 -1.710790545e-01
-1.145744026e-01 1.868069321e-01
5.239649676e-03 -7.637730986e-02
-1.249668300e-01 -8.528430015e-03
7.071214169e-02 -9.027329832e-02
1.350544244e-01 6.161673926e-03
-3.491958603e-02 1.559202820e-01
1.475827396e-01 -8.662330220e-04
2.246796899e-02 -1.782398820e-01
7.575595379e-02 -6.014097482e-02
7.816304266e-02 -9.817653894e-02
9.171692282e-02 8.758878708e-02
4.693795461e-03 1.006377190e-01
6.506253965e-03 9.964404255e-02
6.869906094e-03 -1.057957783e-01
-4.131261259e-03 -1.121005118e-01
1.389699578e-01 -3.526943550e-02
-7.222495973e-02 3.123341873e-02
-6.746353209e-02 6.163406372e-02
7.032050937e-02 -1.574851871e-01
1.665375568e-02 -1.525116414e-01
-4.199137539e-02 3.646645248e-01
-8.374380320e-02 -1.325447019e-02
2.972316556e-02 -9.666546434e-02
3.542291000e-02 8.284009062e-03
-7.989791036e-02 1.361849159e-01
-7.216193527e-02 -6.297237426e-02
-7.571967319e-03 9.084852785e-02
-5.804738775e-02 -9.876966476e-02
1.545139030e-02 -7.816208899e-02
-7.931663096e-02 -9.070169926e-02
7.604937255e-02 -1.588874310e-02
2.369822189e-02 -1.753463745e-01
-1.284478139e-02 9.871120006e-02
-6.227890775e-02 -9.199997038e-02
1.119981855e-01 1.033977140e-02
-4.676250368e-02 -6.346888095e-02
-3.132572025e-02 -4.810448736e-02
1.035186797e-01 -1.059255973e-01
1.539753973e-01 1.569337994e-01
3.241359442e-02 -5.222845078e-02
-1.263926830e-02 -4.990288243e-02
6.670533866e-02 1.903127283e-01
-2.414646745e-02 -5.063178018e-02
-1.008762196e-01 3.368822159e-03
5.870679766e-02 3.222294897e-02
-1.260530055e-01 6.122502312e-02
1.561754663e-02 3.126361966e-02
-8.342582732e-02 4.516417906e-02
-4.834456369e-02 6.720764190e-02
-1.219911352e-01 -1.681008786e-01
-3.941031173e-03 -1.608286351e-01
-1.404210925e-01 1.918364465e-01
1.383101940e-01 -6.558186561e-02
1.967200786e-01 9.759238362e-02
2.074735016e-01 -1.323242038e-01
5.511983484e-02 -3.888694942e-02
-9.447128326e-02 1.992824487e-02
2.238012403e-01 -7.466460019e-02
-3.232308477e-02 1.022894531e-01
-9.290786088e-02 -1.208346933e-01
-5.660007894e-02 1.188374031e-02
-4.826821759e-02 1.569506526e-01
-1.044176966e-01 -1.489484459e-01
-1.084761918e-01 2.736144662e-01
2.156146616e-01 4.917023331e-02
-1.873849332e-02 1.148647368e-01
-6.358114630e-02 -7.739174366e-02
6.588241458e-02 -1.861273684e-02
-5.537898745e-03 -7.341196295e-03
-1.282238364e-01 2.526724637e-01
-2.052749097e-01 -9.813564271e-02
-9.977859259e-02 -1.321000755e-01
-9.195458144e-02 -3.885935992e-02
-1.146559566e-01 -9.368126839e-02
-7.768248022e-02 9.381011128e-02
-7.032997161e-02 3.299395740e-01
-1.488700807e-01 -1.063778773e-01
-3.897017241e-02 -1.990802214e-02
-1.181819588e-01 1.029783934e-01
1.903830320e-01 -2.851553559e-01
1.164801195e-01 -2.868293785e-02
-1.979883313e-01 7.981198281e-02
8.155982941e-02 1.301426254e-02
1.196811721e-01 -7.522312552e-02
6.476208102e-03 -1.290378869e-01
-9.426066279e-02 2.701172978e-02
-1.219989061e-01 -6.139318645e-02
1.031394824e-01 -6.072501093e-02
-1.897703670e-02 7.017568499e-02
1.109192669e-01 2.349263132e-01
-1.313602775e-01 -8.924264461e-02
1.368997842e-01 -2.858329937e-02
3.547500446e-02 1.122295633e-01
-4.158086702e-02 -1.830943376e-01
2.688643634e-01 -2.057872899e-02
-1.387934536e-01 8.930164576e-02
1.846476942e-01 -2.360921167e-02
3.434347212e-01 2.470069975e-01
-9.049193561e-02 -4.554059729e-02
-5.596197024e-02 -9.849681705e-02
2.132750303e-01 1.994825155e-01
-5.258150026e-02 2.899616258e-03
4.728518426e-02 1.376638263e-01
-4.403712600e-02 6.260230392e-02
1.148021594e-01 -5.662913248e-02
6.482802331e-02 2.690888755e-02
-1.144622918e-02 -1.951297745e-02
-1.298752427e-01 6.724636257e-02
-8.673322387e-03 -3.686884046e-02
-9.479406476e-02 -7.883942872e-02
-1.217661723e-01 5.249095336e-02
-2.200374939e-02 -1.422653049e-01
-4.325289279e-02 -2.085304074e-02
-6.817843020e-02 -6.421125680e-02
-1.445183158e-02 -2.081832290e-01
-1.050972864e-01 1.973901242e-01
1.406887025e-01 7.580441982e-02
-3.896903247e-02 -1.603255123e-01
2.527394891e-01 -6.698302925e-02
-1.267442107e-01 -6.709656864e-02
1.234343834e-02 7.165808231e-02
-1.324520409e-01 -7.538522780e-02
-5.652591959e-02 1.018212885e-01
-1.095360294e-01 7.929616608e-03
-1.094958112e-01 1.341240481e-02
6.434848066e-03 -1.097656973e-02
-7.568454742e-02 5.799755454e-02
-8.678177744e-02 -1.015647966e-02
-1.001299992e-01 5.841048434e-03
-7.111466676e-02 -6.010534987e-02
-1.012627259e-01 1.011675447e-01
-6.541725993e-02 -1.554397345e-01
-1.530838571e-02 -3.392432118e-03
-5.198663101e-02 5.868438259e-02
-9.710342437e-02 -4.118488356e-02
3.013062291e-02 8.525918424e-02
1.269562095e-01 -8.833563328e-02
6.937436759e-02 6.032964587e-02
2.258660085e-02 1.416770667e-01
9.410764277e-02 2.724833786e-02
1.762065850e-02 1.286573801e-02
-5.713663623e-02 -1.549810618e-01
-4.328206182e-02 -5.065477267e-02
-9.224908054e-02 -7.148791850e-02
3.756785393e-02 -4.805799574e-02
3.776260465e-02 -6.596492976e-02
6.246187259e-03 -8.474195749e-02
-2.683008462e-02 1.499587297e-01
-7.487156242e-02 1.014519297e-02
1.794140041e-02 4.269364476e-02
-8.532070369e-02 1.397341490e-01
1.978639327e-02 5.024813116e-02
3.115748465e-01 4.261592776e-02
-3.647452593e-02 -1.021284088e-01
7.822117209e-02 -7.431722432e-02
7.034518570e-02 5.619521253e-03
-1.129799057e-02 -4.209119454e-02
-4.947414994e-02 -8.691013604e-02
-2.587484382e-02 -1.514120102e-01
-4.507213831e-02 4.293988273e-02
-9.226398915e-02 4.422444478e-02
-2.003085017e-01 -9.959638119e-02
2.706903033e-02 2.928450331e-02
-1.477559097e-02 -8.020617813e-02
-8.039376885e-02 -9.376962483e-02
9.002714604e-02 -1.657667756e-01
1.601020247e-01 -5.812947080e-02
-1.895344816e-02 2.840206325e-01
6.551345438e-02 -5.992348492e-02
2.703546081e-03 2.363055386e-02
1.557598412e-01 -7.408121973e-02
-5.441173166e-02 1.176068559e-01
4.084839672e-02 -9.796230122e-03
-4.698561132e-02 2.245187946e-02
5.376691371e-02 1.375844330e-01
-7.782405615e-02 9.815895557e-02
7.311373949e-02 3.991326317e-03
-2.946099639e-02 -4.598669708e-02
-6.085396931e-02 -9.367226064e-02
-6.267128885e-02 7.333966345e-02
1.218375377e-02 -7.774937898e-02
-7.982493192e-02 -6.471605599e-02
3.119749762e-02 -2.140240744e-02
-1.325108707e-01 1.000327617e-01
-6.172034889e-02 -1.199237034e-01
1.499011666e-01 6.545993965e-03
-5.834555253e-02 -5.029662326e-02
1.001510844e-01 1.151056662e-01
3.615864739e-02 -5.219082907e-02
-9.724688530e-02 2.050242014e-02
1.127596665e-02 -1.159783825e-02
-1.225268543e-01 6.479487568e-02
-4.963504151e-03 8.810288273e-03
2.760974765e-01 4.407230392e-02
-4.374290258e-02 3.131119609e-01
2.861260176e-01 -1.394513398e-01
1.521360874e-01 -2.038225718e-02
-9.098520130e-02 -9.874382615e-02
-2.079722136e-01 -5.610667169e-02
-7.289807498e-02 -1.161073223e-01
-8.637087047e-02 -4.392940551e-02
-5.393154174e-02 -7.327014953e-02
3.701029345e-02 -9.179471433e-02
-1.472931802e-01 1.291530207e-02
4.175184667e-02 2.065135166e-02
9.409692883e-02 -1.747476459e-01
-2.086948603e-02 2.249296755e-01
-1.177644283e-01 -1.691451818e-01
-1.745002717e-01 6.880413741e-02
-8.475682139e-02 3.639562055e-02
1.012387350e-01 -5.807423964e-02
5.267892033e-02 -8.950059861e-02
5.914247409e-02 2.844115719e-02
1.979867667e-01 -2.725516818e-02
-1.608614624e-01 -2.546046488e-02
-6.137305126e-02 1.340277493e-01
9.224163741e-02 1.474148631e-01
1.154606342e-01 5.977602676e-03
-9.909089655e-02 2.390990220e-02
-5.408008397e-02 8.357356302e-03
-1.364773661e-01 1.037098467e-01
-2.486528456e-02 -4.142966121e-02
-1.938702352e-02 2.232604474e-02
4.079078883e-02 1.350347102e-01
-9.514446557e-02 5.124771595e-02
3.516964987e-02 -3.980442509e-02
-4.178367555e-02 -2.176353708e-02
9.455462918e-03 -4.917263985e-02
3.341029584e-02 4.742811620e-02
-1.214012597e-02 6.267444789e-02
-8.323080093e-02 8.073721826e-02
-6.457978487e-02 3.185453266e-02
1.845476031e-02 -7.919891924e-02
-4.222020041e-03 -6.939614564e-02
1.138067245e-01 1.849479787e-02
5.974091589e-02 -4.675273225e-02
-1.222224757e-01 -6.704352051e-02
-8.756434545e-03 -7.281970978e-02
-1.475473493e-01 -8.624185622e-02
-5.741831660e-02 -1.282043904e-01
-8.585534990e-02 -1.067497395e-02
-6.982645392e-02 1.712422818e-02
2.016309882e-03 9.496255964e-02
-2.395444550e-02 6.003509089e-02
8.261549473e-02 -7.091050595e-02
-1.227511168e-01 1.234073043e-01
-9.434819221e-02 7.415569574e-02
1.756386273e-02 -1.490885764e-01
7.721039932e-03 2.498998046e-01
1.450173259e-01 -9.593962133e-02
-1.497007324e-03 -5.251049250e-02
-9.660367668e-02 -7.994842529e-02
5.043489859e-02 -6.968805194e-02
1.810037643e-01 -1.543677528e-03
2.086346038e-02 1.366628055e-02
-2.853029221e-02 -9.999272227e-02
-7.883318514e-02 3.052816540e-02
-1.019745469e-01 9.082555771e-02
-1.175588556e-02 -1.351573169e-01
-3.307215869e-02 -1.090132520e-01
1.143942028e-01 2.132038623e-01
3.063084185e-02 -1.714702137e-02
1.726030558e-01 -4.866341501e-02
-3.253542632e-02 2.086741328e-01
3.438001871e-02 1.633771881e-02
2.283742651e-02 2.146532536e-01
1.291144490e-01 2.050817758e-02
1.373459548e-01 2.748084441e-02
-6.716204435e-02 -5.363358930e-02
6.731991470e-02 -2.798278071e-02
4.274536856e-03 7.532376796e-02
-9.209255874e-02 2.570697665e-01
1.061052382e-01 -1.125719585e-02
-1.806043386e-01 2.327660024e-01
-1.021670476e-01 -2.289678156e-02
-5.440626293e-03 -9.360717237e-02
-1.010271460e-01 -1.143769473e-01
-4.380640015e-02 -6.735024601e-02
-3.770359559e-03 3.523907661e-01
-5.968111381e-02 -9.894245304e-03
5.549469963e-02 -5.173752084e-02
-5.595004559e-02 -5.340532586e-02
6.847026199e-02 2.291717827e-01
-6.023627892e-02 -2.716989256e-02
3.349185735e-02 -6.400657445e-02
-1.328244507e-01 -3.494087607e-02
-8.847329766e-02 -2.206259593e-02
-6.972278655e-02 3.346592933e-02
-1.351149380e-02 6.564100040e-04
1.287808456e-02 7.574098557e-02
1.091285609e-02 1.503410563e-02
-1.337600201e-01 1.048258692e-01
-4.890444130e-02 9.606361389e-02
1.802676171e-01 -1.259797513e-01
-2.009859309e-02 -9.725877084e-03
-6.069342047e-02 7.495708019e-02
1.007385254e-01 1.982664503e-02
-2.219614759e-02 1.997544244e-02
-8.445126005e-03 1.995435217e-03
-1.237300411e-01 8.508200757e-03
3.573919833e-02 2.595430985e-02
6.438382715e-02 -3.842097521e-02
-1.621898413e-01 -2.685210668e-02
-1.673109084e-02 -1.932452060e-02
1.656385325e-02 -5.194307864e-02
-4.321779683e-02 -9.014334530e-02
-4.432613030e-03 -3.217126057e-02
-1.347556803e-02 4.570757598e-02
-3.913164511e-02 5.577015132e-02
-7.322946191e-02 -1.238638312e-01
-4.533510655e-02 2.322592959e-02
-9.270207584e-02 1.126288548e-01
-1.676039696e-01 9.779750556e-02
-5.974792689e-02 7.390610129e-02
3.829668090e-02 -8.404289931e-02
4.851235077e-02 -7.952947915e-02
-2.029395401e-01 -4.808128625e-02
9.761164337e-02 -7.410673052e-02
1.371255219e-01 -1.020135824e-02
-4.117703065e-02 3.304845840e-02
4.436722398e-02 1.287513077e-01
-6.453592330e-02 9.765134007e-02
-4.900876433e-02 7.910173386e-02
7.961352915e-02 9.600540623e-03
-8.123788983e-02 -1.002958119e-01
4.329254478e-02 -3.716000915e-02
-6.994502246e-02 -4.625450820e-02
-5.357119814e-02 1.940775365e-01
5.221670121e-02 -6.789573282e-02
7.261930406e-02 6.498047709e-02
2.374517769e-01 7.885882258e-02
-1.208150610e-01 -1.170878410e-01
-1.473509073e-01 -4.055771604e-02
-9.295802563e-02 5.484198779e-02
-1.225700825e-01 -9.085325152e-02
-7.598428056e-03 5.489268899e-02
2.450424992e-02 4.251645878e-03
1.118759587e-01 -2.201958746e-01
-2.168629169e-01 -8.920455724e-02
7.130579650e-02 -1.290454268e-01
-1.253201813e-01 -1.559596509e-01
1.343252324e-02 -1.000281796e-01
-1.896356493e-01 -1.219736934e-01
5.897362158e-02 9.321616031e-03
1.310445964e-01 3.727819622e-01
-9.321431071e-02 -1.315673143e-01
9.167537838e-02 -9.333702922e-02
1.605590433e-02 2.430121899e-01
1.029252708e-01 -1.513985842e-01
8.059578016e-03 -4.360284656e-02
1.336192340e-01 5.094841495e-02
-1.862522066e-01 -1.005581021e-02
-7.845707983e-02 -8.126686513e-02
-5.390975624e-02 4.251563177e-02
2.826937735e-01 1.088391617e-01
1.167081743e-01 7.409467548e-02
-4.121199623e-02 -4.010896012e-02
-3.496198356e-02 -7.623855770e-02
-8.485265821e-02 -5.930092186e-02
-6.621386111e-02 -1.147714555e-01
-9.362019598e-02 -1.030414551e-01
1.761746965e-02 -9.989035875e-02
-6.934083253e-02 5.349056423e-02
-3.938973881e-03 -4.459172115e-02
2.848412395e-01 -9.986575693e-02
-1.769945920e-01 -1.292230785e-01
-7.233994454e-02 5.298890918e-02
1.067054272e-01 -4.181029648e-02
-5.832723528e-02 2.116408385e-02
-4.766592756e-02 5.696903914e-02
1.109752432e-01 -1.860705763e-01
5.417865515e-02 -3.792195767e-02
2.736985683e-01 -1.365707368e-01
3.445629729e-03 -7.678413391e-02
1.175526530e-03 1.571404375e-02
3.146935999e-02 -2.495682240e-02
7.355962694e-02 -8.588859439e-02
-8.808248490e-02 2.224760801e-01
-6.458251923e-02 -6.355339289e-02
-9.232991934e-02 2.431353554e-02
-1.808761805e-02 3.904134408e-02
1.190499142e-01 7.503615320e-02
2.409679145e-01 1.746111363e-02
-1.509085000e-01 1.000606492e-01
-1.001457945e-01 1.018582210e-01
4.712176695e-02 -5.873782933e-02
3.241910338e-01 -6.915185601e-02
-6.073530018e-02 5.146604404e-02
-1.756938994e-01 -2.832750790e-02
3.406296298e-02 -2.961965464e-02
-5.223020166e-02 -3.045498207e-02
-8.502703905e-02 -2.838372439e-02
1.843229234e-01 -7.232276350e-02
2.244514041e-02 1.685293615e-01
1.090411767e-01 -8.945391327e-02
-1.210152358e-01 -1.029473767e-01
-1.396946609e-01 -4.359260201e-02
-9.780907631e-02 1.154717989e-02
-8.186530322e-03 -1.925688004e-03
-5.265591294e-02 -9.622611851e-02
-6.091020629e-02 3.851012886e-02
-1.040962562e-01 -5.628625676e-02
5.727908388e-02 2.610691488e-01
-2.914866433e-02 -3.615960479e-02
5.564333987e-04 -1.445425451e-01
7.812884450e-02 -3.010855243e-02
-8.230902255e-02 -1.539099030e-02
-1.029656753e-01 -2.415889502e-02
-3.521006927e-02 1.024449170e-01
-8.618424088e-02 -5.681306496e-02
1.526961569e-02 8.615270257e-03
-8.004955947e-02 -1.913662814e-02
1.596103236e-02 -1.126313880e-01
-1.375949942e-02 8.850309998e-02
4.725198820e-02 -3.110013902e-02
7.977702655e-03 4.755639937e-03
-3.094368614e-02 -2.439700626e-02
-1.128391549e-01 -5.409009010e-02
-4.947287217e-02 7.623804361e-02
-3.003188642e-03 5.222661793e-02
-8.697979152e-02 3.683723882e-02
-1.284223944e-01 -1.502775494e-02
2.213993669e-02 -7.357300818e-02
1.534340158e-02 6.878221780e-02
4.492488503e-02 7.770613581e-02
-6.791360676e-03 -2.455360256e-02
-3.234517202e-02 5.835428461e-02
1.058918089e-01 4.320577718e-03
2.850970998e-02 -6.430543959e-02
-2.462053299e-02 1.814117469e-02
-6.120377779e-02 -4.481423646e-02
-6.694902666e-03 -7.678540051e-02
-3.521952406e-02 -5.463938043e-02
1.619948819e-02 8.047750220e-03
1.537069380e-01 3.432558179e-01
1.105556823e-02 7.334057242e-02
-3.733322397e-02 1.896754652e-02
-8.712227643e-02 -1.242718101e-01
4.237176036e-04 1.244766414e-01
9.567664564e-02 -7.197617739e-02
-9.127508104e-02 -3.531565145e-02
-1.582847238e-01 -2.701246878e-03
9.396748245e-02 5.242994800e-02
-8.224281669e-02 -1.141116116e-02
-3.589405492e-02 7.007814199e-02
-2.257523984e-01 2.222075686e-02
-1.250527203e-01 4.063179344e-02
5.689410120e-02 -2.126532048e-02
2.597371042e-01 1.147949919e-01
-8.284351230e-02 -8.833997697e-02
-7.530868053e-02 9.823853523e-02
-6.029159948e-02 4.191346932e-03
1.447309107e-01 -6.684486568e-02
8.717188984e-02 9.556042962e-03
-6.971249729e-02 -1.011719927e-01
-1.085853875e-01 7.446727157e-02
6.711278856e-02 -1.253134571e-03
-8.734861761e-02 3.797321767e-02
-5.366934836e-02 -5.203640833e-02
-7.458999753e-02 -5.913306028e-03
1.116794795e-01 -2.801160701e-02
-9.754002839e-02 -2.928252332e-03
4.481550679e-02 -9.585195780e-02
8.794197813e-03 -1.452581882e-01
-1.016361639e-01 -8.589477837e-02
1.996524632e-01 6.657578796e-02
3.348577023e-02 2.241044305e-02
2.322438359e-02 1.174556557e-02
1.102014631e-02 4.426702484e-02
-7.340830564e-02 -4.424756393e-02
9.252315760e-02 -9.452649951e-02
6.233191863e-02 -5.493992195e-02
-5.283512175e-03 -1.077317521e-01
1.045406833e-01 8.600613475e-02
-1.260717679e-02 -1.376410425e-01
5.251398683e-02 -1.888449187e-03
-5.750698037e-03 -5.703492835e-02
3.526946530e-02 -1.681541502e-01
5.910607427e-02 -1.725255162e-03
-9.327957407e-03 -7.063247263e-03
4.666387662e-02 -1.876686662e-01
-2.562319860e-02 -9.502564371e-02
-5.750804674e-03 -6.820793450e-02
-1.220269203e-01 -8.257447183e-02
-7.065683603e-02 6.206441205e-03
-7.295224071e-02 6.331650913e-02
-2.730893157e-02 8.431339264e-02
5.501534417e-02 -1.269374043e-01
-2.720771357e-02 -3.135894239e-02
-8.575830143e-04 -8.281660825e-02
1.512700617e-01 -3.534703329e-02
1.314759851e-01 -1.294523925e-01
-5.304856971e-02 -3.628053889e-02
1.519621164e-02 1.259257495e-01
-5.675986409e-02 -1.013550386e-01
-5.004002899e-02 8.248385787e-02
4.747350514e-02 -5.579837412e-02
1.445611864e-01 -4.561370239e-02
-5.684985220e-02 6.952568889e-02
2.023931360e-03 -1.655488163e-01
6.630638242e-02 -9.603139013e-02
-5.473624542e-02 -1.171543146e-03
4.672413692e-02 8.099411428e-02
-6.766196340e-02 -1.139068753e-01
-8.445543062e-05 -6.217332184e-02
-1.139896084e-02 8.397820592e-02
1.574649103e-02 -4.138758034e-02
-2.034663409e-01 -9.225436300e-02
1.473916136e-02 -2.166645788e-02
8.061984926e-02 -1.487941761e-02
2.975876629e-02 -2.287127823e-02
-1.676952541e-01 5.610952526e-02
1.970696962e-03 -5.185780302e-02
-2.881792746e-02 -9.585719556e-02
-1.812266409e-01 4.400838912e-02
-1.433294415e-01 -1.850687265e-01
-1.418244392e-01 -6.034465879e-02
3.865194693e-02 -4.819419235e-02
-2.922569029e-02 1.181035340e-01
-3.970089555e-02 5.455436558e-02
1.347417086e-01 1.203574333e-02
-3.382556513e-02 2.102706954e-02
2.145237289e-02 1.249680892e-01
-1.275322214e-02 8.353459090e-02
-1.658717096e-01 1.627528667e-01
-9.248269349e-02 -5.756350607e-02
-1.544445902e-01 -7.780626416e-02
1.022818461e-01 2.590225637e-01
1.161806062e-01 5.166693404e-02
3.678901494e-02 -5.680583045e-02
-7.410039008e-02 -3.889600048e-04
-5.587325245e-02 -7.057750225e-02
-3.862738237e-02 3.014764935e-02
-7.380805910e-02 2.182276221e-03
-7.540863752e-02 -1.918514818e-02
-4.153753817e-02 -1.007412821e-01
-2.769188583e-02 -7.856377959e-02
-2.471785434e-02 6.824793667e-02
1.725190133e-01 -7.217303663e-02
1.786605120e-01 -4.857126996e-02
2.035075426e-02 -3.661476448e-02
1.734980033e-03 9.487621486e-02
2.039174363e-02 -5.902667344e-02
2.493363107e-03 -1.373212901e-03
6.648922712e-02 -1.739254803e-03
-5.465379730e-02 -6.132239103e-02
8.602628112e-02 9.805031121e-02
-3.280669078e-02 -1.087753624e-01
-6.511691958e-02 -1.169323921e-01
5.451987311e-02 6.425096095e-02
1.440553460e-02 1.635769196e-02
-5.416022614e-02 8.350037970e-04
3.198391199e-02 -5.690231919e-02
2.314444780e-01 1.184536610e-02
1.024886966e-01 -6.992038339e-02
2.237530798e-02 6.980101019e-02
-6.270707399e-02 -5.715520680e-02
4.529042915e-02 3.087772056e-02
-2.462562919e-02 6.622816436e-03
-2.775267512e-02 -3.883013129e-02
1.257569343e-01 2.216651849e-02
-6.648612767e-02 -1.372968405e-01
1.450113207e-01 -1.105826497e-01
-1.778309792e-01 -6.303197145e-02
3.575228527e-02 -1.240652949e-01
9.604695439e-02 -1.275037229e-01
-1.095541343e-01 5.870479345e-02
2.116912417e-02 6.864069402e-02
-4.747814033e-03 -4.446967319e-02
-5.231074989e-02 -1.637307182e-02
5.789621919e-02 3.021986037e-02
-1.366363019e-01 6.110098958e-02
-8.520085365e-02 8.310261369e-02
-6.653379649e-02 -7.901356369e-02
-6.396302581e-02 -7.714789361e-02
-1.062719524e-01 4.018668085e-02
-1.223332509e-01 -1.882656827e-03
-1.689545065e-02 3.033526056e-02
-1.226881891e-01 -7.267859578e-02
-6.551281363e-02 -2.395099401e-01
3.423042223e-02 6.866198778e-02
-7.030962408e-02 -1.003307700e-01
2.088190466e-01 -8.136967197e-03
1.452722847e-01 -1.275836229e-01
-1.492805779e-01 1.029768214e-02
5.981967971e-02 -1.009935811e-01
3.701451933e-03 1.011584476e-01
4.215326533e-02 -4.780749232e-02
-7.043336052e-03 1.880865358e-02
-1.809185147e-01 1.301188320e-01
1.407588869e-01 -1.500112861e-01
8.707343787e-02 -2.027609572e-02
3.400232643e-02 3.638571873e-02
-1.494062599e-02 1.578627676e-01
-4.312312976e-02 -1.126646809e-02
9.361323714e-02 9.720122069e-02
1.526305377e-01 -1.909869015e-01
-6.937069446e-02 9.972348809e-02
-6.882251054e-02 1.018194258e-01
7.551545650e-02 1.291931570e-01
1.827855259e-01 -5.730139464e-02
1.384004951e-01 5.568212364e-03
-1.202558875e-01 3.663653880e-02
-7.346943766e-02 -8.309646696e-02
8.414903283e-02 -4.784282669e-02
-1.794352196e-02 7.960642874e-02
-4.603130370e-02 -3.221374750e-02
-2.702649869e-02 -5.386689305e-02
1.161695570e-01 1.251049191e-01
-1.251155287e-01 -2.027215622e-02
7.099046558e-02 -1.112914011e-01
-2.529010922e-02 1.189840771e-02
1.490695477e-01 -8.073419333e-02
7.321769744e-02 -3.491078690e-02
1.023120135e-01 3.420952335e-02
-1.275326684e-02 2.863264270e-02
5.851568654e-02 -5.355719849e-02
1.706868224e-02 1.508827787e-02
-3.421748057e-02 9.644993581e-03
-1.609733999e-01 2.280219272e-02
-6.744723022e-02 8.125123382e-02
2.583017014e-02 -2.970454656e-02
-2.190976590e-02 -1.266028136e-01
-5.691875704e-03 -2.566353604e-02
4.894990101e-02 -1.383788735e-01
-3.946466371e-03 -6.096308678e-02
1.416589413e-02 1.460450701e-02
1.298597082e-02 1.017402578e-02
-1.863082498e-02 1.222170293e-01
1.138903294e-02 2.880095318e-02
-2.313344041e-03 -4.536855593e-02
-9.226876497e-02 -1.578967273e-02
-2.474066801e-02 -2.296114899e-02
7.630340755e-02 -6.419011857e-03
-2.745803632e-02 -6.795542687e-02
4.516092688e-02 5.461622775e-02
2.802561969e-02 -3.257362545e-02
-1.062649582e-02 1.601939648e-02
5.163511261e-03 6.127915159e-02
-3.236335004e-03 -4.322303459e-02
-3.610309958e-02 -1.197578013e-02
-1.460354496e-02 4.498455673e-03
1.539766230e-02 2.791842073e-02
-2.231211588e-02 -6.895878166e-02
-6.367588043e-02 -1.778003015e-02
2.435968444e-02 -3.033211455e-02
1.026902795e-01 -4.633898288e-02
-1.246901928e-03 2.076082677e-02
4.564306140e-02 5.374858901e-02
-1.589936167e-01 3.330340609e-02
1.003018469e-01 -4.940887913e-02
-7.375441957e-03 -2.725975402e-02
-6.633563340e-02 2.281410247e-01
5.990598723e-02 -3.530298546e-02
-3.895758092e-02 -4.040298052e-03
1.332846191e-02 -9.594334662e-02
8.483318612e-03 -7.680203021e-02
6.205931678e-02 5.781064928e-02
-1.160044689e-02 -4.333180841e-03
1.086964156e-03 2.156476257e-03
6.494384259e-03 1.019336283e-02
-1.547455136e-02 -1.446717139e-02
-9.623906016e-02 -5.191419274e-02
-3.044667840e-02 1.274348199e-01
-4.619350284e-02 4.716290906e-02
-3.484037891e-02 -5.721283704e-02
2.353510447e-02 9.686065838e-03
4.996171594e-02 -8.825208247e-02
-3.658056259e-02 2.705905400e-02
-4.735827073e-02 -1.947339438e-02
-9.590088576e-02 4.173549637e-02
-1.660394855e-02 -1.080049276e-01
4.505931586e-02 -4.348542169e-02
1.568219513e-01 -4.390510730e-03
-5.344367027e-02 1.531816125e-01
4.633519799e-03 1.710096560e-02
-6.267878693e-03 -1.146268174e-01
-6.431426108e-02 9.876472503e-02
-8.382985741e-02 5.818743631e-02
7.246171124e-03 6.075059995e-02
-1.951644942e-02 -4.639924318e-02
6.800554693e-02 3.406427801e-02
3.769001458e-03 -3.602215648e-02
2.610255964e-02 5.584746227e-02
-4.222458228e-02 -8.555420488e-02
1.539990306e-01 6.872112304e-02
-3.289115848e-03 -6.351169944e-02
-4.512616619e-02 1.361913607e-02
-8.840410970e-03 -6.867136341e-03
-6.541007757e-02 2.855416015e-02
3.301946446e-02 7.785313576e-02
-1.562981866e-02 -1.379631311e-01
-3.510877863e-02 1.130625978e-02
4.062280431e-02 2.090283297e-02
-1.176476851e-02 -5.041585490e-02
-1.723971777e-02 -3.350534290e-02
-5.792048573e-02 2.732823044e-02
-2.761479653e-02 6.304699462e-03
-4.460825119e-03 5.221460760e-02
3.212541342e-02 5.456873029e-02
-3.076001815e-02 1.964994334e-02
2.992178313e-02 1.201527845e-02
-3.214216849e-04 -2.137488872e-02
3.481530026e-02 -6.471342593e-02
6.042321771e-02 7.495974004e-02
-8.723684400e-02 9.784474038e-03
-1.233805902e-03 6.465100497e-02
1.242843177e-02 -3.716987744e-02
-2.143278718e-02 5.720678717e-02
3.715602681e-02 -7.944210432e-03
-8.885409683e-02 -2.076941170e-02
1.826528646e-02 2.663698420e-02
4.633877054e-02 -3.869023547e-02
-2.956713783e-03 -5.900210515e-02
-5.898581073e-02 -1.631180570e-02
-5.040914565e-02 -7.004920393e-02
4.305126518e-02 1.765485667e-02
-6.192997843e-02 -8.202211000e-03
-7.548213750e-02 3.131419048e-02
-1.543009467e-02 7.208583876e-03
5.771584343e-03 -9.923932143e-03
3.971417435e-03 -1.536025573e-02
-4.110813141e-03 -1.107094437e-02
1.773021766e-03 3.982796799e-03
2.732222714e-02 -1.113786129e-03
-6.086097565e-03 -1.139172446e-02
3.570037335e-02 1.362902811e-03
-4.819571506e-03 2.282318100e-02
9.967283113e-04 -4.711457528e-03
-1.076188684e-02 1.526452485e-03
-1.499458123e-02 2.706986107e-02
7.080277428e-03 7.488654461e-03
-1.221265271e-02 4.270951729e-03
-3.085323609e-02 6.000339985e-03
-1.117340662e-02 -6.605057861e-04
-1.496336772e-03 -1.235302351e-02
1.062244643e-02 -2.324209176e-02
1.613630727e-02 -7.194045000e-03
-3.151814919e-03 -5.132817198e-03
3.909484949e-03 8.514090441e-03
-2.625241876e-02 9.830584750e-03
2.215681970e-02 -1.383099984e-02
1.686860225e-03 4.107421730e-03
-8.999362588e-02 -1.162056848e-01
-2.052133530e-02 1.176223606e-01
7.266962528e-02 1.210955996e-02
1.495475620e-01 -1.881216764e-01
1.227344424e-01 -4.040355980e-02
-6.742988527e-02 -2.131473273e-01
4.143058509e-02 -5.240070447e-02
-4.670593888e-02 -1.347054392e-01
1.387697831e-02 4.220312089e-02
-1.699348092e-01 5.829399079e-02
2.901371382e-02 -1.772960462e-02
9.950279444e-02 2.552391887e-01
-2.427858859e-01 -2.357698418e-02
-6.840088964e-02 5.970492586e-02
-1.624536514e-02 -1.744777262e-01
-9.328600019e-02 -1.732468158e-01
-1.984557509e-01 -6.439571828e-02
-1.299783736e-01 1.210327372e-01
1.440910995e-01 -1.890305243e-02
2.759531736e-01 -6.385295838e-02
2.308123410e-01 6.049184129e-02
-8.658955246e-02 -5.023910850e-02
-8.221962303e-02 1.815174371e-01
-1.802264303e-01 -6.802743673e-02
-1.375429183e-01 1.897513866e-03
1.502055861e-02 -1.942107454e-02
6.083960831e-02 -4.513213411e-03
-6.455393136e-02 -9.998290241e-02
-1.274085641e-01 -9.619314969e-02
1.957662217e-02 -9.452991933e-02
1.007729396e-01 -7.257702947e-02
-8.379095793e-02 -2.890886925e-02
-2.093928121e-02 -6.040488929e-02
-3.024355508e-02 3.051700592e-01
7.628952619e-03 -1.796682328e-01
-5.880811438e-02 -5.555531010e-02
1.641346663e-01 4.020233080e-02
1.395218819e-02 1.843631826e-02
3.499440476e-02 8.384320885e-02
-8.223363012e-02 -2.245217375e-02
-2.392114326e-02 5.118173733e-02
-4.297895357e-03 -7.087638229e-02
-6.232437491e-02 1.770400703e-01
1.331806481e-01 -3.802561387e-02
-4.498790205e-02 1.855098754e-01
-6.655289233e-02 3.233206272e-02
2.843791246e-02 -8.242089301e-02
1.745174266e-02 4.508560151e-02
9.956713021e-02 -3.758610785e-02
-1.731541194e-02 -3.984834626e-02
5.173180625e-02 1.489799615e-04
-1.402162202e-02 -1.204407141e-01
-5.698649585e-02 -6.567997485e-02
-2.903915942e-02 -1.663262956e-02
1.192340278e-03 -3.935344517e-02
-2.588985115e-02 -1.740561612e-02
-3.509037942e-02 -7.430317998e-02
-1.478369627e-02 2.776654437e-03
2.118418738e-02 5.015953910e-03
3.018062096e-03 -1.261949092e-01
2.219762886e-03 -2.226478606e-02
1.429048032e-01 -5.216403306e-02
-4.010305926e-02 -2.405989915e-02
3.218014166e-02 -7.289145142e-02
-1.587373577e-02 -5.107431486e-02
-6.899513304e-02 3.244834766e-02
-6.436471641e-02 6.798180286e-03
-6.913296878e-02 -6.970719993e-02
-1.094400510e-02 2.550579049e-02
-3.263160959e-02 5.440157652e-02
7.928363234e-02 -3.563746437e-02
6.791620702e-02 -2.552328818e-02
-7.603361458e-02 6.670518965e-02
-4.583016038e-03 5.407609860e-04
-5.152980983e-02 -2.793885395e-02
6.572248414e-03 6.079807878e-02
-1.281855255e-02 4.182169214e-03
-9.510882944e-02 3.463409841e-02
5.158644635e-03 -1.499629673e-02
-4.325741157e-02 9.763214737e-02
2.025382780e-02 -3.182474896e-02
1.989170909e-02 -1.641383208e-02
4.587768577e-03 -1.105563063e-02
1.063535642e-02 5.451510660e-03
1.569770835e-02 -6.209486723e-02
4.772936553e-02 8.353605866e-02
-1.905344613e-02 -1.563454606e-02
-1.357871946e-02 -2.208462916e-02
-2.302153880e-04 -1.458318345e-02
4.782997444e-02 -3.113904968e-02
-1.027223468e-02 -1.991727948e-02
1.068626437e-02 5.694927648e-02
-5.583956093e-02 -7.087041438e-02
2.114878222e-02 -7.914615422e-02
-2.379360795e-02 1.009376068e-02
-6.866815686e-02 -7.615718246e-02
1.022122335e-02 -4.203753080e-03
-4.629144073e-02 4.937843606e-02
-2.423530631e-02 3.572706133e-02
-1.047210991e-01 1.560321916e-02
1.271379292e-01 -5.579219013e-02
9.311741218e-03 -4.906327650e-02
-1.434671041e-02 2.718695905e-03
-6.564346701e-02 -3.099532798e-02
1.092255041e-01 -1.322247926e-02
-1.689757966e-02 -1.075690836e-01
1.106781736e-01 -1.986408420e-02
6.081965566e-02 -6.875077635e-02
4.238529503e-02 -1.142281853e-02
-1.870337687e-02 5.655479059e-02
-1.186588481e-01 5.825662985e-02
5.919734482e-03 -6.741097569e-02
3.117575124e-02 -1.254826318e-02
-9.148653597e-02 -2.277653478e-02
1.590459794e-02 4.793201014e-02
-3.246767214e-03 -7.235834002e-02
2.967499942e-02 3.137623519e-02
7.083595544e-02 2.427433385e-03
1.077507138e-01 1.550212875e-02
1.198529154e-01 -3.599557094e-03
2.174902521e-02 -1.107057836e-02
-1.975652995e-03 -4.631167278e-02
2.248721756e-02 -4.439781979e-02
3.163002059e-02 1.544766128e-02
-5.987874232e-03 1.151642427e-01
-6.068894640e-02 -3.214624152e-02
4.571373016e-02 -3.196496889e-02
-1.881023496e-02 -1.809398271e-02
1.554821581e-01 -4.350338876e-02
3.924259171e-02 -2.037671395e-02
4.781043157e-02 -7.879470289e-02
-8.857876807e-02 1.170070190e-02
-5.833727866e-02 1.133192331e-03
-5.497133732e-02 -7.351244986e-02
3.797956510e-03 1.638770476e-02
2.469430678e-03 -1.341556758e-01
-3.514844179e-02 1.565516889e-01
-5.121405050e-02 -3.054997139e-02
7.270803675e-03 -1.026461944e-01
1.640316844e-01 1.160905734e-01
8.612080477e-03 -1.085521206e-01
6.347133964e-02 -1.024899632e-01
4.579948261e-02 -8.748961240e-02
-1.460171938e-01 -1.569492742e-02
-1.373398751e-01 4.047944397e-02
2.551879287e-01 -5.483604595e-02
8.789192885e-02 -5.634328350e-02
2.191545255e-02 -2.668089569e-01
1.570611745e-01 -1.085351706e-01
1.234201118e-01 -1.709718257e-01
5.494591221e-02 -4.909166694e-02
-2.329367399e-02 -7.937541232e-03
-4.559793323e-02 -2.089769393e-02
-5.199542269e-02 2.029117495e-01
7.210377604e-02 -7.507254183e-02
-6.552132778e-03 -9.377860278e-02
6.473550946e-02 -5.599439517e-02
1.525829732e-02 -5.573622137e-02
7.554324344e-03 -9.545316547e-02
3.930237517e-02 5.445398763e-02
-4.512394965e-02 5.663567781e-02
5.241680145e-02 1.137145534e-01
-4.771230370e-02 -3.280044720e-02
4.336468130e-02 -6.398040056e-02
-5.511896312e-02 2.309850156e-01
-1.192714795e-01 -1.599673415e-03
2.925830893e-02 -6.839875132e-02
-7.454852015e-02 4.489282146e-02
-6.689344347e-02 4.504245147e-02
-3.795532882e-02 -4.220798984e-02
-1.701301336e-01 5.098877475e-02
2.026091097e-03 -1.464799047e-02
-2.077924460e-02 -1.232103910e-02
-5.737392232e-02 -5.696285143e-02
7.916773856e-02 -4.237293731e-03
5.308089405e-02 -1.314374804e-01
-9.017650783e-02 2.371041290e-02
5.401066318e-02 1.961098984e-02
1.309003979e-01 -1.720393635e-02
-4.184792936e-02 1.376486123e-01
5.556740984e-02 3.665837944e-01
-1.546495408e-01 5.335896835e-02
5.448642746e-02 6.613600999e-02
-3.155131266e-02 -1.662328392e-01
1.454685181e-01 4.077875242e-02
9.881683439e-02 -3.544726595e-02
-8.123245090e-02 6.409397721e-02
6.741731614e-02 -1.698912531e-01
3.752572834e-02 -8.585184813e-02
-7.837411016e-02 -3.597038984e-02
3.639077768e-02 -7.134788204e-03
-1.075271890e-01 -1.436614990e-01
-8.256643265e-02 -1.749182492e-01
1.165738180e-01 -1.088401228e-01
9.195695072e-02 1.603570022e-02
-1.099626347e-02 5.160123855e-02
8.047607541e-02 -1.083426103e-01
1.997567117e-01 -9.007021785e-02
1.013654470e-01 -3.007364459e-02
-1.380162984e-01 -4.175494239e-02
-7.839158922e-02 -1.106531098e-01
-6.074238569e-02 2.117764056e-01
-9.218663722e-02 2.162416093e-02
1.406029612e-01 -1.697971113e-02
3.602111340e-02 2.066381089e-02
-3.553061560e-02 -7.199273258e-02
-3.458134085e-02 -1.354994439e-02
-4.769593850e-02 1.478198469e-01
1.988784224e-02 -1.195224598e-01
1.697511077e-01 7.358523458e-02
-5.165751651e-02 -3.687411547e-02
-2.069817781e-01 -2.210844774e-03
-2.254864275e-01 -6.968698651e-02
-6.024350971e-02 3.930660784e-01
1.080813855e-01 -1.371331066e-01
1.873969883e-01 -1.495242417e-01
