-3.945554420e-02 1.034302115e-01
-5.637739226e-02 -6.578001380e-02
5.128018931e-02 -9.077977389e-02
-2.563228644e-02 3.040072694e-02
-4.764108732e-02 -0.000000000e+00
-0.000000000e+00 -0.000000000e+00
0.000000000e+00 -0.000000000e+00
0.000000000e+00 -0.000000000e+00
-0.000000000e+00 -0.000000000e+00
-1.601864749e-35 -6.099030054e-35
-8.082442591e-35 2.896151829e-36
-5.049044406e-35 -3.980000884e-35
4.242764623e-35 -1.077150660e-35
1.571522193e-36 7.675288618e-02
1.182171050e-03 -2.985040285e-02
7.628306746e-02 -2.566908300e-02
-6.094984338e-02 5.769531056e-02
-2.390647121e-02 -4.727517068e-02
-1.086730044e-03 -1.881397143e-02
2.287139744e-02 2.298201807e-02
2.019377612e-02 -8.321224712e-03
2.478922158e-02 1.901059598e-02
-1.734428667e-02 -5.193732679e-02
-4.809877276e-02 -2.316713892e-02
-2.382509410e-02 -3.375410661e-02
-5.222529918e-02 -3.855259158e-03
-4.324785434e-03 5.312024057e-02
4.495082423e-03 4.155769944e-02
5.351514369e-02 -3.192827851e-02
-2.975482866e-02 3.122995794e-02
-2.800627425e-02 -1.884072274e-02
-1.226304471e-02 3.099388629e-02
2.247601561e-02 2.252657432e-03
1.135711744e-02 7.331772149e-02
-3.011639044e-02 -7.004322857e-02
-1.494882442e-02 -8.632723987e-02
-3.541449085e-02 -4.217664897e-02
-4.522646591e-02 -4.492136091e-02
-3.619956598e-02 -4.104245827e-02
-4.522905126e-02 -4.546491429e-02
-3.747732192e-02 -5.581852794e-02
-5.370078981e-02 -7.041478995e-03
-4.951898381e-02 -1.819170825e-02
5.165408552e-02 -3.230705485e-02
-3.131354600e-02 5.270446837e-02
3.366119787e-02 3.798236325e-02
-1.338607538e-02 4.632872343e-02
-1.645897701e-02 2.386878990e-02
4.315245897e-02 -1.456047874e-02
-1.592013426e-02 -3.398629650e-02
5.527701229e-02 -6.937412918e-02
2.479452826e-02 1.113487557e-01
-5.278301612e-02 -5.589859094e-03
-2.992964908e-02 -7.995721698e-02
1.719088107e-02 1.436804421e-02
3.360218927e-02 2.435054444e-02
2.326490171e-02 4.010223318e-03
2.760175802e-02 2.082675323e-02
2.659521997e-02 3.296162188e-02
2.694357000e-02 4.326709360e-02
2.009070106e-02 1.693402603e-02
2.018734999e-02 -1.001622062e-02
2.860319801e-03 -3.481230140e-02
4.827845842e-02 2.039718069e-02
-4.221177846e-02 6.937776692e-03
-7.565674931e-02 -1.656226628e-02
-5.387029611e-03 -7.210486569e-03
5.672916770e-02 -1.664770208e-02
-4.586493224e-02 -6.891250610e-02
-2.224999480e-02 -1.570353657e-02
-8.288151585e-03 1.243040664e-03
5.560806766e-02 7.093113661e-02
2.052659914e-02 -3.856499866e-02
-2.248032577e-02 -9.394253604e-03
-8.521653712e-02 1.485399529e-02
-1.791756041e-02 -1.426401269e-02
1.034918725e-01 -6.031409279e-02
-4.007656127e-02 8.704457432e-03
8.596917614e-03 1.574126258e-02
2.233275399e-02 1.107902173e-02
6.592309102e-03 7.158311456e-02
1.215957291e-02 9.290352464e-02
4.968334455e-03 -7.374892011e-03
-2.378762327e-02 -5.297287181e-02
-6.379026175e-02 -6.839851290e-02
-5.324465036e-02 2.361561544e-02
-1.616275753e-03 -2.035976015e-02
3.094262211e-03 -3.077184549e-03
-2.828738652e-02 5.218737642e-04
-1.090654638e-02 4.349698499e-02
-9.187828004e-02 -8.815566543e-04
-4.550274089e-02 -3.427799046e-02
1.235037744e-01 -1.562622748e-02
-5.029456690e-02 3.800781677e-03
-5.179133266e-02 4.217733815e-02
-3.247848898e-02 2.380719222e-02
2.146325819e-02 -3.830440342e-02
3.124005161e-02 1.299493853e-02
2.555264800e-04 4.114406183e-02
-3.052426875e-02 7.703485340e-02
3.006616049e-02 -1.241337974e-02
6.003641710e-02 -9.701152332e-03
-2.449086681e-02 5.157174543e-03
-2.853828482e-02 -5.635173619e-02
-8.419821039e-03 4.833427072e-02
-1.963404380e-02 -1.105086133e-02
4.969444498e-02 -2.238276228e-02
2.215095237e-02 5.703864992e-02
