0.00001354 0.00000498
-0.00000360 -0.00000455
-0.00000586 -0.00000773
-0.00002314 -0.00000656
-0.00001315 0.00000000
0.00000000 0.00000000
0.00000000 0.00000000
0.00000000 0.00000000
0.00000000 0.00000000
-0.00000518 -0.00000326
-0.00000846 -0.00003186
-0.00001329 -0.00000891
-0.00000297 0.00001733
0.00000244 -0.00001768
-0.00000479 0.00001191
0.00002214 0.00004145
-0.00000278 -0.00001273
-0.00001695 -0.00001847
0.00000210 0.00000222
-0.00000972 0.00000228
-0.00001757 -0.00000725
0.00000617 -0.00001196
-0.00000703 0.00001079
0.00001279 -0.00000968
-0.00000683 -0.00000560
-0.00000763 -0.00000565
0.00000196 -0.00001144
-0.00001847 -0.00000467
-0.00000125 -0.00002340
0.00001689 -0.00001593
-0.00001019 0.00001650
-0.00002171 -0.00001096
-0.00001113 -0.00001969
0.00000024 -0.00002077
-0.00000049 -0.00000340
-0.00001266 0.00001408
0.00001048 0.00001424
-0.00000191 -0.00001966
-0.00002342 -0.00001872
0.00000277 0.00000453
-0.00000550 -0.00000375
-0.00000134 0.00000012
0.00000400 0.00000996
-0.00001140 0.00000643
-0.00000497 -0.00003707
-0.00002150 -0.00000516
-0.00000875 -0.00001814
-0.00002601 -0.00000778
0.00000396 -0.00000044
0.00002156 -0.00000423
-0.00000252 -0.00001367
-0.00001921 -0.00002689
-0.00001169 -0.00000283
0.00000131 0.00000592
-0.00002860 -0.00001324
-0.00002700 -0.00001832
-0.00004234 -0.00001153
-0.00001168 -0.00002249
0.00002739 -0.00000189
0.00002091 0.00000694
-0.00001449 -0.00001471
-0.00001945 -0.00000959
0.00000692 0.00000145
-0.00000000 -0.00000000
-0.00000000 -0.00000000
-0.00000000 0.00000000
-0.00000000 -0.00000000
0.00000000 0.00000058
-0.00001829 0.00000222
0.00000544 0.00001692
0.00001911 -0.00000687
-0.00001679 -0.00002402
-0.00000815 0.00001700
0.00001254 0.00001763
0.00003565 -0.00000548
-0.00001739 -0.00001167
-0.00002661 -0.00003232
-0.00002202 0.00000508
0.00001021 0.00002520
0.00000528 -0.00001646
-0.00000220 0.00000296
0.00000669 0.00000487
-0.00001451 -0.00002735
-0.00002913 -0.00001742
-0.00000605 0.00001177
-0.00000314 -0.00002451
-0.00002134 -0.00000999
0.00000049 0.00000298
-0.00000438 -0.00001781
-0.00000008 0.00001354
0.00001079 0.00000074
0.00001167 0.00000373
0.00001216 0.00000521
0.00000371 -0.00001030
-0.00003612 -0.00002094
0.00000198 0.00000647
0.00001282 0.00001741
-0.00000990 -0.00001732
-0.00000300 -0.00000200
-0.00000599 -0.00000027
-0.00001150 -0.00004052
-0.00002576 -0.00001056
-0.00000267 0.00002540
0.00000968 -0.00003237
-0.00001540 -0.00000433
-0.00001914 0.00001189
0.00001156 -0.00001094
0.00001913 0.00001237
0.00051725 0.00047024
0.00026194 0.00045131
0.00019203 -0.00026605
0.00001192 -0.00042853
-0.00054927 0.00000000
-0.00000000 0.00000000
-0.00000000 -0.00000000
-0.00000000 0.00000000
-0.00000000 -0.00000000
0.00064820 0.00013953
-0.00002579 0.00043545
-0.00004749 -0.00011330
0.00032476 -0.00060048
-0.00040596 0.00056099
-0.00006533 0.00026848
0.00000576 -0.00076980
-0.00067042 -0.00046584
-0.00046972 -0.00029926
0.00039499 0.00018302
0.00009246 -0.00009771
-0.00013040 -0.00014228
-0.00015863 -0.00032653
-0.00010541 0.00037197
0.00037334 -0.00000509
0.00025452 -0.00001331
-0.00032050 -0.00003809
-0.00056083 -0.00038330
0.00067601 -0.00019387
-0.00045127 0.00027058
-0.00028254 -0.00015156
-0.00014469 -0.00012636
0.00021286 0.00102174
0.00070542 0.00011149
0.00051972 0.00028899
-0.00008880 0.00015964
-0.00017699 -0.00022144
0.00050744 0.00031709
-0.00006050 0.00036574
0.00017722 -0.00016249
0.00008104 -0.00029087
-0.00028753 -0.00101583
-0.00100782 -0.00063333
-0.00079742 -0.00082197
-0.00044897 -0.00045506
-0.00044740 -0.00030792
0.00109118 0.00047876
0.00008854 0.00073414
0.00037383 -0.00001121
0.00034580 -0.00020744
-0.00035403 0.00126909
0.00065602 0.00025792
0.00093186 0.00039680
-0.00009848 0.00046573
-0.00014747 -0.00054504
0.00132142 0.00080915
0.00023523 0.00073873
0.00061991 0.00036215
0.00035245 0.00011779
-0.00023490 0.00097149
0.00054360 0.00037345
0.00060159 0.00052593
-0.00016310 0.00031253
0.00015045 -0.00043234
-0.00000000 0.00000000
0.00000000 -0.00000000
-0.00000000 -0.00000000
0.00000000 -0.00000000
-0.00000000 -0.00018499
-0.00005886 -0.00007410
-0.00024219 -0.00037904
-0.00043772 0.00012116
-0.00028284 -0.00033866
-0.00017043 -0.00031955
-0.00015578 -0.00039613
-0.00052440 -0.00031689
-0.00050196 -0.00014815
0.00012439 0.00060931
0.00038814 -0.00044257
0.00026414 -0.00026344
-0.00026537 0.00001560
-0.00038288 -0.00021005
0.00090798 0.00039255
0.00003208 0.00079118
0.00013074 -0.00018676
0.00011962 -0.00049558
-0.00043588 0.00068581
0.00064328 -0.00004019
0.00015056 -0.00008667
-0.00042236 0.00007662
-0.00030489 -0.00052227
0.00031215 0.00015724
0.00018001 0.00020247
-0.00019513 -0.00018338
-0.00054365 -0.00009569
-0.00004929 0.00074647
-0.00007673 0.00007017
0.00000739 -0.00035940
-0.00024250 -0.00028881
-0.00039141 -0.00023565
0.00076577 0.00014796
-0.00021525 0.00053247
0.00002793 -0.00018174
0.00031764 -0.00059286
-0.00033096 0.00054861
0.00010758 -0.00014366
0.00048410 0.00000950
-0.00025242 0.00008221
-0.00014953 -0.00011771
-0.00000001 -0.00000005
-0.00000006 -0.00000001
-0.00000005 -0.00000003
-0.00000005 -0.00000002
-0.00000007 0.00000000
0.00000000 -0.00000000
-0.00000000 -0.00000000
-0.00000000 -0.00000000
-0.00000000 -0.00000000
-0.00000004 -0.00000002
-0.00000002 -0.00000004
0.00000000 0.00000000
-0.00000003 0.00000003
-0.00000003 0.00000002
0.00000002 -0.00000003
-0.00000000 -0.00000003
-0.00000007 -0.00000001
-0.00000003 0.00000003
-0.00000002 -0.00000002
0.00000002 -0.00000002
-0.00000012 0.00000008
0.00000002 -0.00000007
0.00000002 -0.00000002
-0.00000006 -0.00000003
-0.00000002 -0.00000005
0.00000000 -0.00000003
-0.00000002 -0.00000005
0.00000001 0.00000003
-0.00000003 -0.00000000
0.00000001 -0.00000006
0.00000002 -0.00000002
-0.00000001 -0.00000004
-0.00000003 0.00000005
-0.00000006 -0.00000008
0.00000004 -0.00000002
-0.00000002 -0.00000002
-0.00000001 -0.00000002
-0.00000001 -0.00000001
-0.00000001 0.00000001
-0.00000001 0.00000001
-0.00000000 0.00000006
-0.00000000 0.00000007
0.00000005 -0.00000010
-0.00000002 0.00000000
-0.00000010 -0.00000004
-0.00000007 -0.00000004
0.00000003 -0.00000008
-0.00000003 0.00000009
-0.00000001 0.00000003
0.00000007 -0.00000003
-0.00000007 -0.00000006
-0.00000006 -0.00000005
-0.00000003 -0.00000002
-0.00000005 -0.00000005
-0.00000009 -0.00000007
0.00000002 -0.00000007
-0.00000006 0.00000007
-0.00000001 0.00000003
0.00000006 0.00000002
-0.00000006 -0.00000001
0.00000002 -0.00000009
0.00000001 -0.00000002
-0.00000003 0.00000003
0.00000000 -0.00000000
-0.00000000 0.00000000
0.00000000 0.00000000
0.00000000 -0.00000000
0.00000000 0.00000002
0.00000002 0.00000008
0.00000005 -0.00000004
0.00000001 0.00000003
-0.00000002 -0.00000001
0.00000008 0.00000003
-0.00000002 0.00000006
-0.00000004 -0.00000006
0.00000003 -0.00000002
0.00000001 -0.00000002
0.00000004 0.00000003
-0.00000003 -0.00000000
-0.00000006 -0.00000001
-0.00000002 -0.00000004
-0.00000001 -0.00000005
-0.00000007 -0.00000002
-0.00000003 -0.00000006
-0.00000004 -0.00000002
-0.00000011 -0.00000006
0.00000002 0.00000005
-0.00000003 -0.00000000
0.00000003 0.00000002
0.00000002 0.00000005
0.00000002 -0.00000004
-0.00000005 0.00000001
-0.00000004 -0.00000009
0.00000002 -0.00000007
-0.00000006 -0.00000002
0.00000005 -0.00000002
0.00000001 -0.00000000
-0.00000002 0.00000004
0.00000000 0.00000003
-0.00000006 -0.00000002
-0.00000003 -0.00000004
0.00000004 -0.00000001
-0.00000000 0.00000004
-0.00000002 -0.00000005
0.00000001 -0.00000002
-0.00000004 0.00000003
-0.00000003 -0.00000001
0.00000003 -0.00000001
0.00000000 0.00000000
-0.00000000 -0.00000000
-0.00000000 0.00000000
0.00000000 -0.00000000
-0.00000000 -0.00000000
-0.00000000 0.00000000
-0.00000000 -0.00000000
-0.00000000 -0.00000000
-0.00000000 0.00000000
0.00000000 0.00000000
0.00000000 -0.00000000
0.00000000 0.00000000
0.00000000 -0.00000000
-0.00000000 -0.00000000
-0.00000000 -0.00000000
0.00000000 -0.00000000
-0.00000000 -0.00000000
-0.00000000 -0.00000000
0.00000000 -0.00000000
0.00000000 0.00000000
-0.00000000 0.00000000
-0.00000000 0.00000000
-0.00000000 0.00000000
0.00000000 -0.00000000
-0.00000000 0.00000000
0.00000000 0.00000000
-0.00000000 -0.00000000
-0.00000000 0.00000000
-0.00000000 -0.00000000
-0.00000000 -0.00000000
-0.00000000 -0.00000000
0.00000000 0.00000000
-0.00000000 -0.00000000
0.00000000 0.00000000
-0.00000000 -0.00000000
0.00000000 -0.00000000
0.00000000 -0.00000000
0.00000000 -0.00000000
0.00000000 -0.00000000
0.00000000 -0.00000000
-0.00000000 0.00000000
-0.00000000 -0.00000000
0.00000000 0.00000000
0.00000000 -0.00000000
0.00000000 0.00000000
0.00000000 -0.00000000
0.00000000 0.00000000
-0.00000000 -0.00000000
-0.00000000 0.00000000
-0.00000000 0.00000000
-0.00000000 0.00000000
0.00000000 -0.00000000
-0.00000000 -0.00000000
0.00000000 -0.00000000
0.00000000 -0.00000000
0.00000000 0.00000000
-0.00000000 -0.00000000
-0.00000000 0.00000000
-0.00000000 0.00000000
0.00000000 -0.00000000
-0.00000000 -0.00000000
-0.00000000 0.00000000
-0.00000000 -0.00000000
0.00000000 -0.00000000
-0.00000000 -0.00000000
-0.00000000 0.00000000
0.00000000 0.00000000
-0.00000000 0.00000000
-0.00000000 -0.00000000
-0.00000000 0.00000000
0.00000000 -0.00000000
-0.00000000 -0.00000000
-0.00000000 -0.00000000
-0.00000000 0.00000000
-0.00000000 0.00000000
-0.00000000 -0.00000000
-0.00000000 -0.00000000
0.00000000 -0.00000000
-0.00000000 -0.00000000
-0.00000000 -0.00000000
-0.00000000 -0.00000000
0.00000000 -0.00000000
-0.00000000 -0.00000000
-0.00000000 0.00000000
-0.00000000 -0.00000000
-0.00000000 -0.00000000
-0.00000000 -0.00000000
0.00000000 -0.00000000
-0.00000000 -0.00000000
-0.00000000 -0.00000000
0.00000000 -0.00000000
0.00000000 -0.00000000
-0.00000000 -0.00000000
-0.00000000 0.00000000
-0.00000000 -0.00000000
-0.00000000 -0.00000000
0.00000000 -0.00000000
-0.00000000 -0.00000000
-0.00000000 -0.00000000
-0.00000000 -0.00000000
0.00000000 -0.00000000
-0.00000000 -0.00000000
-0.00000000 -0.00000000
-0.00000000 -0.00000000
0.00000000 -0.00000000
0.00000000 -0.00000000
-0.00000000 -0.00000000
-0.00000000 -0.00000000
0.00000000 0.00000000
-0.00000000 0.00000000
0.00000000 0.00000000
0.00000000 0.00000000
0.00000000 -0.00000000
0.00000000 -0.00000000
-0.00000000 0.00000000
0.00000000 0.00000000
-0.00000000 -0.00000000
0.00000000 0.00000000
-0.00000000 0.00000000
0.00000000 0.00000000
0.00000000 0.00000000
0.00000000 0.00000000
0.00000000 0.00000000
0.00000000 0.00000000
0.00000000 0.00000000
0.00000000 0.00000000
0.00000000 0.00000000
0.00000000 -0.00000000
0.00000000 0.00000000
-0.00000000 0.00000000
0.00000000 0.00000000
0.00000000 0.00000000
0.00000000 0.00000000
0.00000000 0.00000000
0.00000000 0.00000000
0.00000000 0.00000000
0.00000000 0.00000000
0.00000000 0.00000000
0.00000000 0.00000000
0.00000000 0.00000000
0.00000000 0.00000000
0.00000000 0.00000000
0.00000000 -0.00000000
0.00000000 0.00000000
0.00000000 0.00000000
-0.00000000 0.00000000
0.00000000 0.00000000
0.00000000 0.00000000
0.00000000 -0.00000000
-0.00000000 -0.00000000
-0.00000000 -0.00000000
-0.00000000 -0.00000000
-0.00000000 -0.00000000
0.00000000 0.00000000
0.00000000 0.00000000
0.00000000 0.00000000
0.00000000 0.00000000
0.00000000 0.00000000
0.00000000 0.00000000
0.00000000 0.00000000
0.00000000 0.00000000
0.00000000 0.00000000
0.00000000 0.00000000
0.00000000 0.00000000
0.00000000 0.00000000
0.00000000 0.00000000
0.00000000 -0.00000000
0.00000000 0.00000000
-0.00000000 0.00000000
0.00000000 0.00000000
0.00000000 0.00000000
0.00000000 0.00000000
0.00000000 0.00000000
0.00000000 0.00000000
0.00000000 0.00000000
0.00000000 0.00000000
0.00000000 0.00000000
-0.00000000 0.00000000
0.00000000 -0.00000000
0.00000000 0.00000000
0.00000000 0.00000000
-0.00000000 0.00000000
0.00000000 0.00000000
0.00000000 0.00000000
-0.00000000 0.00000000
0.00000000 -0.00000000
0.00000000 0.00000000
0.00000000 0.00000000
0.00000000 0.00000000
0.00000000 0.00000000
0.00000000 0.00000000
0.00000000 0.00000000
0.00000000 0.00000000
0.00000000 0.00000000
0.00000000 0.00000000
0.00000000 0.00000000
0.00000000 0.00000000
0.00000000 0.00000000
-0.00000000 0.00000000
0.00000000 0.00000000
0.00000000 0.00000000
0.00000000 0.00000000
0.00000000 0.00000000
0.00000000 0.00000000
0.00000000 0.00000000
0.00000000 0.00000000
0.00000000 0.00000000
0.00000000 0.00000000
0.00000000 0.00000000
0.00000000 0.00000000
0.00000000 0.00000000
0.00000000 0.00000000
0.00000000 0.00000000
0.00000000 0.00000000
0.00000000 0.00000000
0.00000000 0.00000000
0.00000000 -0.00000000
0.00000000 -0.00000000
-0.00000000 -0.00000000
0.00000000 0.00000000
0.00000000 0.00000000
0.00000000 0.00000000
0.00000000 0.00000000
-0.00000000 0.00000000
0.00000000 0.00000000
0.00000000 0.00000000
0.00000000 0.00000000
0.00000000 0.00000000
0.00000000 0.00000000
0.00000000 -0.00000000
-0.00000000 -0.00000000
0.00000000 0.00000000
0.00000000 0.00000000
0.00000000 -0.00000000
0.00000000 0.00000000
-0.00000000 0.00000000
0.00000000 0.00000000
0.00000000 0.00000000
0.00000000 0.00000000
0.00000000 0.00000000
0.00000000 -0.00000000
-0.00000000 0.00000000
0.00000000 0.00000000
-0.00000000 -0.00000000
-0.00000000 0.00000000
0.00000000 0.00000000
0.00000000 0.00000000
-0.00000000 0.00000000
0.00000000 0.00000000
0.00000000 0.00000000
0.00000000 0.00000000
0.00000000 0.00000000
0.00000000 0.00000000
0.00000000 0.00000000
0.00000000 0.00000000
0.00000000 0.00000000
0.00000000 -0.00000000
-0.00000000 -0.00000000
0.00000000 0.00000000
0.00000000 0.00000000
0.00000000 0.00000000
0.00000000 0.00000000
0.00000000 0.00000000
0.00000000 0.00000000
0.00000000 0.00000000
0.00000000 0.00000000
-0.00000000 -0.00000000
-0.00000000 0.00000000
0.00000000 0.00000000
0.00000000 0.00000000
0.00000000 0.00000000
0.00000000 0.00000000
0.00000000 0.00000000
0.00000000 0.00000000
0.00000000 0.00000000
0.00000000 0.00000000
-0.00000000 -0.00000000
-0.00000000 0.00000000
0.00000000 -0.00000000
0.00000000 -0.00000000
-0.00000000 -0.00000000
-0.00000000 -0.00000000
0.00000000 0.00000000
0.00000000 -0.00000000
-0.00000000 -0.00000000
0.00000000 0.00000000
0.00000000 0.00000000
0.00000000 0.00000000
-0.00000000 -0.00000000
-0.00000000 0.00000000
0.00000000 0.00000000
0.00000000 0.00000000
0.00000000 -0.00000000
-0.00000000 -0.00000000
0.00000000 -0.00000000
0.00000000 0.00000000
0.00000000 -0.00000000
0.00000000 0.00000000
0.00000000 -0.00000000
0.00000000 0.00000000
0.00000000 0.00000000
0.00000000 -0.00000000
-0.00000000 0.00000000
0.00000000 0.00000000
0.00000000 0.00000000
0.00000000 0.00000000
-0.00000000 -0.00000000
-0.00000000 -0.00000000
-0.00000000 0.00000000
0.00000000 0.00000000
0.00000000 -0.00000000
-0.00000000 0.00000000
0.00000000 0.00000000
0.00000000 0.00000000
0.00000000 0.00000000
0.00000000 0.00000000
0.00000000 0.00000000
0.00000000 0.00000000
0.00000000 0.00000000
0.00000000 -0.00000000
-0.00000000 -0.00000000
0.00000000 0.00000000
0.00000000 0.00000000
0.00000000 -0.00000000
-0.00000000 -0.00000000
-0.00000000 -0.00000000
-0.00000000 -0.00000000
0.00000000 0.00000000
-0.00000000 0.00000000
0.00000000 0.00000000
0.00000000 -0.00000000
-0.00000000 0.00000000
-0.00000000 -0.00000000
0.00000000 0.00000000
-0.00000000 0.00000000
0.00000000 -0.00000000
-0.00000000 -0.00000000
-0.00000000 -0.00000000
-0.00000000 -0.00000000
0.00000000 0.00000000
-0.00000000 -0.00000000
-0.00000000 -0.00000000
-0.00000000 0.00000000
0.00000000 -0.00000000
0.00000000 0.00000000
-0.00000000 0.00000000
-0.00000000 0.00000000
-0.00000000 -0.00000000
-0.00000000 -0.00000000
-0.00000000 -0.00000000
-0.00000000 -0.00000000
0.00000000 0.00000000
0.00000000 0.00000000
0.00000000 -0.00000000
0.00000000 -0.00000000
-0.00000000 -0.00000000
0.00000000 -0.00000000
-0.00000000 0.00000000
-0.00000000 -0.00000000
-0.00000000 -0.00000000
0.00000000 -0.00000000
-0.00000000 -0.00000000
-0.00000000 -0.00000000
0.00000000 -0.00000000
-0.00000000 -0.00000000
-0.00000000 -0.00000000
-0.00000000 0.00000000
-0.00000000 0.00000000
-0.00000000 -0.00000000
-0.00000000 0.00000000
0.00000000 -0.00000000
0.00000000 -0.00000000
-0.00000000 0.00000000
-0.00000000 0.00000000
0.00000000 -0.00000000
0.00000000 -0.00000000
-0.00000000 -0.00000000
-0.00000000 -0.00000000
-0.00000000 0.00000000
0.00000000 -0.00000000
0.00000000 0.00000000
-0.00000000 -0.00000000
-0.00000000 -0.00000000
0.00000000 -0.00000000
-0.00000000 -0.00000000
-0.00000000 0.00000000
-0.00000000 -0.00000000
-0.00000000 0.00000000
0.00000000 -0.00000000
0.00000000 -0.00000000
0.00000000 0.00000000
0.00000000 -0.00000000
-0.00000000 -0.00000000
-0.00000000 0.00000000
-0.00000000 0.00000000
-0.00000000 -0.00000000
-0.00000000 0.00000000
0.00000000 -0.00000000
-0.00000000 -0.00000000
-0.00000000 -0.00000000
-0.00000000 0.00000000
-0.00000000 0.00000000
0.00000000 0.00000000
-0.00000000 0.00000000
-0.00000000 -0.00000000
0.00000000 0.00000000
-0.00000000 0.00000000
-0.00000000 -0.00000000
-0.00000000 0.00000000
-0.00000000 -0.00000000
-0.00000000 -0.00000000
-0.00000000 -0.00000000
-0.00000000 -0.00000000
-0.00000000 -0.00000000
-0.00000000 0.00000000
0.00000000 -0.00000000
-0.00000000 -0.00000000
-0.00000000 -0.00000000
-0.00000000 -0.00000000
-0.00000000 -0.00000000
-0.00000000 -0.00000000
-0.00000000 0.00000000
-0.00000000 -0.00000000
0.00000000 -0.00000000
-0.00000000 -0.00000000
-0.00000000 -0.00000000
-0.00000000 -0.00000000
-0.00000000 0.00000000
-0.00000000 -0.00000000
0.00000000 -0.00000000
-0.00000000 -0.00000000
-0.00000000 -0.00000000
-0.02953468 -0.03928478
0.02280845 0.03457635
0.01434388 -0.03230775
0.01159080 0.00612809
-0.01559414 0.00000000
0.00000000 -0.00000000
-0.00000000 -0.00000000
-0.00000000 0.00000000
-0.00000000 -0.00000000
-0.01952773 -0.01281787
0.01566442 0.03761135
-0.02714495 -0.00080961
-0.01822330 0.01844908
0.00307570 0.03196267
-0.00984062 0.01278125
-0.04918872 0.03593495
0.04682042 0.05083039
0.01556419 -0.00162070
-0.06827158 0.05359353
0.01709330 -0.00756111
0.00586899 -0.00746887
0.02947686 -0.05655110
-0.01979305 -0.05828803
-0.00235487 0.01560068
0.03265472 -0.00747017
-0.02317308 0.01425494
-0.01424288 0.00414249
0.04024250 -0.01743669
0.04703026 0.00530132
0.01523862 0.02809985
0.01347029 0.04859907
-0.01236632 -0.02568861
0.06475794 -0.00531334
-0.02269984 0.00396626
0.02822689 -0.01212126
-0.02146412 0.03447494
-0.03773778 0.01002372
0.00254349 0.05705634
-0.00560317 -0.01100076
-0.02487635 0.00889613
-0.00941425 -0.06085996
-0.00292645 0.05863495
0.00129464 -0.01931991
-0.01331906 0.05223363
-0.04494298 -0.07543734
-0.00350147 0.02400298
-0.05276719 0.00588048
0.02259345 0.01018176
-0.02903452 -0.02121386
0.03053087 -0.01731169
0.01495171 -0.03083812
0.00316090 0.02336739
-0.00598461 -0.01369797
-0.00482216 0.00792480
-0.02179276 0.04983593
-0.02475707 0.00970702
0.02563698 0.02146443
-0.01501962 -0.02414375
0.04922060 -0.02356306
0.01727482 0.01396163
0.01724234 0.03734435
-0.03093052 -0.00780025
-0.01362862 -0.02843005
-0.00000000 0.00000000
0.00000000 0.00000000
0.00000000 -0.00000000
0.00000000 0.00000000
0.00000000 -0.02079809
0.02316600 0.01749288
-0.02799839 -0.03466277
0.02805561 0.03401766
0.03016432 0.00238962
0.02026974 0.01159777
0.03528646 -0.02140796
0.01270935 0.01647367
0.05929473 0.00545088
-0.00589274 0.04614487
-0.01330678 -0.00099544
-0.03406537 0.02233383
0.05668079 0.02069012
0.04943441 0.03476087
-0.02690130 -0.02039729
0.00760342 0.03524217
-0.01192126 -0.01091071
0.00765048 0.00603356
-0.00189947 0.00445720
0.01958492 0.00519356
-0.04710642 0.03300984
0.02613714 0.01152374
0.01224991 0.02391363
-0.01867452 0.00766210
0.00566344 -0.03150273
-0.01761194 0.01912619
0.02611196 0.01116841
-0.00711287 -0.01831215
-0.04519241 0.03239813
-0.01436254 0.06536189
-0.01118620 0.02643063
-0.00254850 0.01197621
0.00087214 -0.00015324
-0.01233185 0.04184567
-0.02596015 0.00704583
-0.02246324 0.03881456
0.01873208 0.02946073
-0.02657760 -0.01741341
0.00882188 -0.00063261
0.02353298 -0.01009654
0.05539057 0.00999565
