-0.00927690 -0.02025926
-0.01920493 -0.00342778
0.00194595 -0.00229818
-0.00810545 -0.00206046
0.01366721 0.01158802
-0.01159180 -0.00485499
-0.00126859 -0.00815483
-0.00470606 -0.00641025
0.00014436 -0.00583417
0.00011161 -0.00968191
-0.00494948 -0.01119383
-0.01534596 -0.00540212
-0.00751541 -0.00597729
0.00107421 -0.00393677
0.00302324 -0.01012916
0.01197782 0.00276882
-0.01064960 -0.01043600
-0.00844197 -0.00604830
0.00431800 -0.00425878
-0.00019063 -0.00271250
-0.01469626 -0.02072459
-0.00312895 0.00355340
-0.01452909 -0.02602056
-0.00652778 -0.01304294
0.00602984 0.00055155
0.00542527 0.00922306
0.00188823 -0.00707108
-0.00758028 0.03043999
0.01394247 -0.00625506
-0.01000777 0.02212821
0.00530141 0.01208979
0.00131429 -0.01155126
-0.00585683 -0.00728534
-0.00664172 -0.01755365
-0.01182138 0.00463601
-0.00163886 -0.01600791
-0.00997699 -0.00935066
-0.01147729 0.02036192
-0.01803051 -0.00517540
-0.00297975 0.00352827
0.00187973 -0.00834288
0.00600547 0.01029706
0.01213221 0.00271937
0.01285170 -0.00087646
-0.00836385 -0.01225555
-0.00599921 0.00946619
0.00031296 0.01579130
-0.02612279 -0.01022546
0.02187115 0.00207784
-0.02240666 0.00995051
-0.00058124 -0.00753918
-0.00341460 -0.00871338
0.00028256 0.00316895
-0.00250656 -0.01314754
-0.00230198 0.00818418
-0.01148873 0.00461078
-0.01298870 0.00024920
0.00456516 -0.00779569
-0.01256897 0.00688439
-0.01824492 -0.00960309
-0.00048335 0.01047078
0.00332739 -0.01331306
-0.01293826 -0.00770402
-0.00258542 -0.01030474
-0.00534885 -0.00096514
0.01508750 -0.00663346
0.00919577 -0.00218622
0.00961976 -0.01307585
-0.00581117 -0.00825838
-0.00431944 -0.01102160
-0.00340139 0.00961148
-0.00086380 0.00477124
0.00213251 0.00979959
-0.00425132 -0.00490452
-0.00733696 0.00688054
-0.00799859 -0.01076627
-0.01917420 0.01054094
0.00790593 -0.01327886
0.00677116 0.00117043
0.00599639 -0.02995940
-0.00492016 -0.00975317
-0.00277711 -0.00658437
-0.00476061 -0.00641781
-0.00520209 0.00063029
-0.01287569 -0.00517418
-0.01234417 -0.00093460
0.00545905 0.00261193
-0.00298520 0.01556500
-0.00998882 -0.00730417
-0.00233643 0.00564564
-0.01619003 -0.02055751
-0.00345623 -0.00802097
0.00408516 -0.00082509
0.00976910 -0.00998982
-0.00909283 -0.00394365
0.00959963 -0.00113059
-0.00207240 -0.00893684
0.01354401 0.00230412
0.00794109 0.00125719
0.00325269 -0.01740881
0.00595056 -0.00242057
0.00022622 -0.00727611
-0.00769430 -0.02089568
-0.00899563 0.00616988
-0.00435621 0.00008419
-0.00344088 -0.00610277
0.00006237 0.00875524
0.00192262 -0.01562454
0.02145720 0.01368413
-0.00913221 -0.00619224
0.00021230 0.00515556
-0.00731717 0.00305637
-0.00757052 -0.00054950
-0.00089039 0.01663540
-0.01303213 0.00283474
-0.00506187 -0.01381973
-0.01089395 0.00029597
-0.00543110 -0.00645762
0.00568523 0.00220519
-0.00578389 -0.00352898
-0.00075047 -0.00129479
-0.00851146 -0.00436293
-0.02024060 0.00074886
0.01918482 -0.00491100
0.00963161 0.00559163
-0.00235274 0.00610899
-0.00802506 0.00371030
-0.02117383 0.01745404
0.00591573 -0.00684665
0.00062493 -0.00797173
0.01291439 -0.00027434
-0.00192896 0.00852100
-0.00518301 -0.00727473
-0.00357176 -0.00500641
0.00037845 -0.01795831
0.00086624 0.00533983
0.00108188 0.01382983
-0.00677066 -0.01211397
0.00094969 -0.01097539
0.00047765 0.00703997
0.00447693 0.00767515
-0.01601210 0.00774920
0.00915440 -0.00989354
-0.00063679 0.00753835
0.00712696 -0.00099638
0.00157277 -0.01474544
-0.00833019 -0.01017945
-0.00595691 0.00940816
0.00327734 0.00032409
0.01289043 -0.00949352
-0.01054657 -0.01832762
0.02328029 0.00674520
0.00278505 -0.00359020
-0.00202215 -0.00536950
0.01458725 -0.00874390
-0.00889562 -0.01078177
-0.01236653 0.00226065
0.00444225 -0.01391647
-0.00275123 -0.00145105
-0.00080236 -0.01090937
0.01222852 -0.00500683
0.00814969 0.00728140
-0.00488674 0.00584023
0.00835070 -0.01568245
0.00528272 0.00624708
0.00682940 0.00652383
0.00517103 0.00543641
-0.01216193 0.00407217
0.00103177 0.01216330
-0.01483982 0.00213827
0.00933056 -0.01515305
-0.00262369 0.01558169
0.01835320 -0.00129918
-0.00786812 0.00255078
-0.00620497 0.00141080
-0.00212340 0.00100354
0.00988968 -0.00983141
0.00692044 -0.00498363
0.01248847 -0.00313857
-0.01092380 0.00066312
-0.00640707 -0.01310026
-0.00053210 -0.01186052
0.00805924 0.01472045
0.01472231 0.00678244
0.01438282 -0.01979995
0.00794479 0.00878328
-0.00112731 -0.00028964
-0.00630500 0.00037360
0.00410393 -0.00010739
-0.01629069 0.00069887
0.01784446 -0.02847721
-0.00531106 -0.00625195
0.00451512 0.00669836
0.01341952 0.02116486
-0.00703806 0.00411347
0.00360091 -0.00332020
0.00466751 -0.00985833
-0.01751840 -0.00942655
-0.00549476 -0.01188784
-0.01255637 0.01016111
-0.00344575 -0.00171170
0.01602688 0.01336991
0.00193888 -0.00843531
0.00539282 0.02808776
0.00249889 0.00326666
-0.00774607 0.00656769
-0.00105432 0.00663053
0.01688518 -0.00468329
-0.02421144 0.00860593
-0.00718186 -0.02119430
0.00856545 -0.00304047
0.00761382 0.00492275
0.00416989 -0.00511505
0.01196711 -0.00397832
-0.01180624 0.00912056
-0.00736568 0.01427825
-0.01129537 -0.01079092
-0.01103123 -0.00963419
-0.00110761 -0.00900433
-0.00478000 -0.00212988
-0.00529935 -0.01139468
-0.00330007 -0.00504250
-0.00713735 0.00271556
-0.01988656 -0.00346363
-0.00402870 0.01302158
-0.00117340 -0.00093497
-0.00004646 -0.00229442
0.00046635 0.00366890
0.00301822 0.00097459
-0.00342247 -0.00385308
-0.01175050 -0.01442289
-0.00335712 -0.00658967
-0.01487043 0.00300388
0.00318013 0.01140638
0.00437770 -0.00451452
-0.00246949 -0.00105016
-0.00204253 -0.01062366
-0.00947798 -0.00316571
-0.00082424 0.00151230
-0.01092436 0.00229591
-0.00206281 0.00177499
0.00110411 -0.00668538
0.00067045 0.01384666
0.03649877 0.01487366
0.00642417 0.01794738
0.00225966 -0.00218951
0.00106737 -0.01673563
-0.00575402 0.00330809
-0.00343128 0.01545568
-0.00002463 -0.00458417
0.02102916 0.00823706
0.01422243 0.02410116
0.00384046 0.00875237
-0.00434631 -0.00822462
-0.00043269 0.00789474
0.00827589 0.00879926
-0.00566843 -0.00121442
0.00205660 -0.00164618
0.00322417 -0.00224951
-0.00241942 -0.01028086
0.00093761 0.00303951
0.00395941 0.01149153
0.00150224 -0.00476267
0.00146596 -0.00668727
-0.00310454 -0.00159222
0.00066252 -0.01703673
-0.00008918 0.00161369
-0.00699522 0.00143670
0.00080080 0.00174502
-0.01238375 0.00318283
-0.01076394 0.00225611
-0.01788141 -0.00965278
-0.00975130 -0.00653232
-0.00648530 0.00154601
0.00276205 -0.01098011
-0.00485075 -0.00742345
-0.00052763 0.00303752
-0.00318554 0.00452802
0.01232142 0.00212033
-0.00020273 0.00910499
-0.01314739 -0.00166825
-0.01236654 0.00065060
0.00528492 0.00025246
0.00659070 -0.00649087
-0.01006400 -0.00052426
-0.00457921 0.00332570
-0.00794493 -0.01752895
0.00263251 0.01157194
0.00559504 -0.00057189
0.00257058 -0.00381467
-0.00115707 0.01475184
-0.00096636 0.00520372
0.00534095 0.00153889
-0.00404255 -0.01557521
0.00885559 -0.00044160
-0.01130888 0.01290844
-0.00315707 -0.00477187
-0.00014937 -0.00134531
-0.00837047 -0.00199831
-0.00709926 -0.00567466
-0.00879277 -0.00056580
0.00114979 -0.00594242
-0.00144005 -0.00994018
-0.00664412 -0.00807447
0.00450015 0.00296098
0.01184524 -0.00178680
-0.00045983 0.00506094
0.00916936 -0.00580950
-0.00826880 0.00249001
-0.01396874 0.00395995
0.00048931 0.00533342
-0.00291881 -0.00244850
0.00814751 -0.01506753
0.00891935 -0.00269408
-0.00272127 0.01628439
-0.00560856 -0.01119287
0.00407524 -0.00054122
-0.00724802 -0.00007128
0.00652855 0.00258774
-0.00000082 -0.00241456
0.00536520 0.00642477
-0.00311697 0.01146422
0.00392544 -0.00157992
0.00625416 -0.00447787
0.00383208 0.00746843
-0.01442595 0.01234796
-0.00536093 -0.00502277
0.00899273 0.00653856
-0.00920058 -0.01030401
-0.01345832 -0.00229256
-0.00822034 -0.01246137
0.00835657 -0.00691108
-0.00185073 0.00413164
-0.00187760 -0.00674515
-0.01351307 -0.00380318
-0.00293641 -0.00586300
-0.00244369 -0.01327754
0.00573071 -0.00468456
-0.00254543 0.00657132
-0.00593557 0.00610633
-0.00078951 -0.00100927
0.00690204 0.00394561
-0.00085614 0.00825168
-0.00136353 -0.00130863
-0.00214512 -0.00485786
0.00419133 0.00364587
0.01030832 -0.00448162
-0.00538579 0.00044095
0.00298096 -0.00378627
0.00337682 0.00291389
-0.00352139 -0.00075025
0.00282918 0.00574258
0.00051457 -0.00271669
0.00126874 -0.02196705
0.00407632 0.00812911
-0.00810303 0.00328539
-0.00108083 -0.00311040
-0.00004121 -0.00628184
-0.00451483 -0.00489551
-0.01126142 0.00099334
0.00795976 0.01021512
0.01115415 -0.00367387
-0.00516164 0.00389279
0.00783300 -0.00932257
-0.00073959 -0.00230307
-0.00759746 0.00051632
0.00310156 -0.00067986
0.02251683 0.01340456
-0.01090599 0.00301286
-0.00449708 0.00499902
0.00235200 0.00178692
0.00281644 0.00737303
0.00315451 -0.00408581
-0.00675659 -0.00116211
-0.00818480 -0.00154391
0.00243011 -0.00565266
0.00736178 0.00039292
0.00999503 -0.00322085
0.00200117 -0.00103497
-0.00229377 -0.00018505
-0.01029307 0.00897770
0.00438524 -0.00344234
0.00861724 -0.01484398
0.00037718 -0.00027343
-0.00247964 0.00437702
0.00222824 0.00377120
0.00607732 0.00161698
0.00062110 0.00596135
0.01049012 0.00165469
0.00423500 0.02438049
0.01071072 0.00019626
0.01335723 0.01693389
-0.01176095 0.00120252
0.00593221 0.01051883
-0.00277570 0.00362243
0.00545992 0.01615390
-0.00749374 -0.00791030
0.00130843 0.00002836
0.01965811 0.00401347
-0.00501480 0.00138426
0.00391762 0.00740239
0.00125149 0.00518701
0.01096015 0.00295994
0.00341247 -0.00915924
-0.00793412 -0.00432582
0.00450775 -0.00706970
0.01050541 0.00127059
0.00025004 0.01454852
-0.00446695 0.00054001
-0.00298690 -0.00189206
0.00236134 -0.00825850
0.00269285 -0.00689741
-0.00522652 -0.00072558
-0.00935145 -0.01640982
0.01225815 0.00192225
0.00186627 -0.00031144
0.00567649 0.00287035
0.00480715 0.00574175
0.00811432 0.00269147
0.01242668 0.02124242
0.01061289 0.00174128
0.00578590 0.00412544
0.00551851 0.01395957
0.00582811 -0.00345022
0.00168013 -0.01032733
0.01318968 -0.00665424
0.00846613 -0.00262171
-0.01509802 -0.00362936
-0.00643817 0.00083047
-0.01673550 -0.00930312
-0.00126148 -0.00502704
-0.00253007 -0.00003985
0.00065623 -0.00693280
-0.00564144 -0.00565244
-0.01388595 -0.01383023
0.00729831 0.00813897
0.01736462 -0.00003532
-0.00790898 -0.00456032
0.00544382 -0.00685736
-0.00877163 -0.00190797
0.00074876 0.00095801
-0.00036843 -0.01073926
-0.00288679 -0.00989816
-0.00240179 0.00247874
0.00830265 0.00040158
-0.00569817 -0.01844898
-0.00505478 0.00955259
-0.01226664 -0.01031254
-0.00168966 0.00287576
-0.00274027 -0.00353769
-0.01588042 0.01029229
0.00438978 0.00215300
0.00298325 0.01182146
-0.00949380 -0.01521563
0.01064995 -0.00831608
-0.00605574 -0.00674520
-0.01156237 -0.00897375
0.01416062 -0.00695371
-0.02828772 0.00978131
-0.00050887 0.02305433
0.00837203 0.00852120
0.00951245 0.03070198
0.00161006 -0.01164318
0.00306979 -0.00048236
-0.00142327 -0.00942136
-0.00478344 -0.00845985
-0.00591536 -0.00215126
-0.00393442 -0.01242043
0.00387737 0.01409617
-0.01314605 -0.00982611
-0.00533726 -0.00278574
-0.00090129 -0.01429477
0.00128469 0.01462719
0.00238333 -0.00066647
0.00676251 -0.01257337
0.00616652 0.00403109
-0.00225373 -0.01400142
0.00467599 -0.00249808
-0.00370087 0.00293293
-0.01446736 0.02048660
0.00735876 0.00042658
-0.00655699 -0.01012727
-0.01064163 -0.00135871
-0.01294785 -0.01673031
-0.00249740 -0.00914501
0.00461985 0.00393011
-0.00412616 -0.00233819
0.00445355 -0.01614729
-0.01078459 0.00443023
0.00377212 -0.00381162
-0.00412957 -0.00873561
-0.02121389 -0.00339064
0.00997865 -0.00402615
0.00071242 -0.00556763
0.00387015 0.00249383
-0.00061212 -0.00671687
0.00241307 0.01066540
-0.00247223 -0.01182787
0.00427873 0.01244724
-0.00265663 -0.00219451
0.00546302 -0.00736549
-0.00401271 -0.00519378
0.00820718 0.00249758
-0.00476506 0.01328694
-0.01789011 0.00429136
-0.00153189 -0.00198330
-0.01666770 -0.00723364
-0.02264781 -0.00996357
0.00433935 -0.01951356
-0.01174870 0.01846353
0.01065173 -0.00261572
-0.00465156 0.00316453
0.00179185 0.00565739
-0.00420462 -0.00452128
-0.00375148 -0.00320398
0.00271206 -0.00646724
-0.00417440 0.00544165
-0.00163227 -0.01359604
0.00444882 -0.00455286
-0.00144617 -0.00719998
-0.00713391 -0.01185790
0.00458286 0.00886012
-0.00322802 -0.00316000
0.00429949 0.01779032
-0.01614497 -0.01872401
-0.00866006 -0.00265791
0.00041987 -0.01078753
0.00288075 0.00073457
0.00040140 -0.02361331
-0.00524631 -0.00365028
0.01029673 -0.00022241
-0.00704528 -0.01814357
-0.00762293 -0.00040819
0.01643651 -0.00659686
-0.00244155 -0.01502036
0.00676888 0.01059775
-0.00784660 0.00522778
0.00618294 -0.00101961
-0.00395638 -0.00210087
-0.00372435 -0.00040430
-0.00713001 0.00014897
0.01489310 0.02185550
-0.00625451 -0.01655468
0.00490687 0.00562331
-0.01021429 0.00048347
0.01254959 -0.01423856
-0.01966792 -0.01875971
-0.00611905 0.01048874
0.00296588 -0.00292715
-0.00319825 0.00700792
-0.00818614 0.00763651
0.00209640 0.00448331
-0.00465712 -0.00190661
0.00409483 0.00363665
-0.00459325 -0.00778404
0.00921507 0.00754345
-0.00092676 0.00881944
-0.00299889 -0.00057916
-0.03325499 -0.00754915
0.01901656 0.01025790
-0.00105399 -0.02093907
-0.00349040 0.01588376
0.01340890 -0.00457111
-0.01059440 -0.00764491
-0.00074255 -0.00753972
-0.00483941 0.00055051
-0.00450468 -0.01470174
-0.01713045 -0.01578110
0.01258925 -0.00246720
0.00850668 0.01486385
0.00014963 -0.00567795
-0.01153042 0.01334857
0.00159012 -0.00229236
0.00867895 -0.02085183
-0.00687529 0.00699270
0.00376173 -0.01136202
-0.00702121 0.01025063
0.00065269 0.00602923
-0.00103169 -0.01588941
-0.01614963 0.00099495
-0.01068828 0.00332727
-0.00247500 -0.01841420
-0.00113371 -0.00432379
0.00350236 -0.00919682
0.00198067 -0.00189914
-0.01231672 -0.00845266
-0.00664159 0.00795984
0.00485281 -0.01058456
0.00218372 -0.01862684
0.00128063 0.01032454
-0.01161331 -0.01060378
-0.00401987 -0.02097207
-0.01326882 0.00178562
-0.00153268 0.00615255
0.01103749 -0.00149613
-0.00993075 -0.02025864
-0.01827992 -0.00314972
-0.00160302 0.00128762
-0.01136523 -0.00122409
-0.01516882 -0.00591156
-0.01165967 -0.00574569
0.02006269 -0.00369813
-0.00169785 -0.01894667
-0.00965310 0.00278038
-0.00032422 0.01157275
0.00463285 -0.01456657
0.00209045 -0.00513332
-0.00025909 -0.01479070
0.01145110 0.00713252
0.00466017 0.01170754
-0.00922153 -0.01753688
-0.02146143 0.01917979
0.00175469 -0.01582541
-0.01386767 0.00101954
0.00332065 0.01102532
0.00045635 0.00123019
0.01181503 -0.00357274
-0.00791491 -0.01385438
-0.00813026 -0.01204865
0.00989000 -0.00203366
0.00350864 0.00709738
0.00218773 -0.00109233
-0.00159833 -0.01010885
0.00885362 0.00297817
-0.00073768 -0.00982947
-0.00691917 0.00501882
-0.00979356 0.00053005
-0.00312165 0.00296637
-0.00102281 0.00879140
0.00379732 0.00528396
-0.00208860 0.01882169
-0.00263750 0.00473745
0.01064297 -0.00304636
-0.00283571 -0.01878358
-0.00177145 -0.00182184
-0.00354366 -0.01510379
-0.00144166 0.00457976
-0.01065964 0.00883680
-0.00977658 -0.01388861
-0.02760256 0.00005998
0.00238189 0.00134064
0.02688556 -0.00799016
-0.01147874 -0.02102769
0.00106704 -0.00402423
0.00612147 -0.00473824
-0.00716349 -0.00559465
0.00048913 0.00835871
0.00230522 0.01025994
0.00109903 -0.01132240
0.00185736 0.00329285
-0.00645584 -0.00068762
-0.01647297 -0.00217703
-0.01514273 0.00040771
0.00114872 -0.00834973
-0.00387671 0.00559583
-0.00111178 -0.00080937
-0.00853333 -0.00553452
0.00070928 -0.00180644
-0.00532674 -0.00000132
0.00737632 -0.01242061
-0.00264007 -0.01860848
-0.00686386 -0.01497805
-0.00172284 0.00055114
0.00372781 -0.02500184
-0.00637765 0.00613894
-0.00413649 0.00737153
-0.00787858 0.00475215
-0.00753963 -0.01008146
-0.00421084 -0.00069548
0.00848878 0.00224992
0.00979014 -0.01162855
0.00859087 -0.01931444
0.00055010 -0.03183375
0.01201973 0.00254501
0.02061147 0.00680716
0.01416394 -0.00565341
0.01053980 0.00055707
0.00406542 0.02224739
0.02578595 0.00667126
0.02191962 0.00032436
0.00085411 -0.01648659
-0.00244783 -0.00879160
-0.01241569 -0.00835563
-0.00956262 0.00463021
0.00320176 0.00041590
0.01158218 0.00082953
-0.01423213 0.01242190
0.00936695 -0.00113942
-0.00271877 -0.00244910
-0.00020200 0.00239343
0.00336441 0.00231861
-0.01070218 -0.00239541
-0.00951274 -0.01163185
-0.00456234 0.00484851
-0.00899124 -0.01046734
-0.00946723 0.02041971
-0.00307777 0.00275025
-0.00666335 -0.00497528
-0.01424194 0.00045343
0.00094127 -0.01041436
-0.00240929 -0.00340856
0.01315158 -0.00486226
-0.01509880 -0.00925482
0.01048054 0.00088876
0.00525525 -0.01059533
-0.00476886 -0.00147610
-0.01392839 -0.00140172
-0.00609867 0.00467508
0.01744697 -0.00449973
-0.01357134 -0.01967787
-0.01315443 -0.01354614
0.00105004 -0.00325857
0.00387521 0.00723409
0.01211841 -0.00956446
0.01051476 -0.01350264
-0.01165535 -0.00388937
0.00487729 -0.00783345
-0.00585767 -0.01846082
0.00996886 0.00103240
0.00103132 0.00509067
-0.01930067 -0.01432175
-0.00055250 0.00792432
-0.02660071 -0.01016344
-0.00439946 0.00953855
0.00756964 -0.01120440
-0.00544923 0.00399640
0.01468313 -0.00749707
-0.00221736 0.00469284
-0.00405938 0.00817572
-0.00023290 -0.00757919
-0.01059318 -0.00772918
0.00202647 -0.00025693
-0.00767873 -0.00704259
-0.00174663 0.00307869
-0.00716664 -0.00148175
-0.00700667 -0.00030809
-0.00025557 -0.01256066
-0.00478089 0.01171804
0.02029082 0.00081770
-0.01235279 -0.00606107
-0.01477507 -0.01408990
-0.00554222 0.00000267
-0.00900104 0.00514471
0.00838523 0.00324757
-0.01980628 -0.02410499
-0.00537168 0.00133622
0.00891814 -0.00323471
0.00216943 -0.00541956
0.00969369 0.01158569
0.00302544 -0.01627415
-0.00473826 0.00674462
-0.00687011 0.00062944
-0.01417609 -0.01128268
-0.00136425 0.00068846
0.00622041 -0.01424316
-0.00145037 -0.01535551
0.00353906 -0.01732215
0.00985891 0.00524215
0.02587107 0.00410026
0.01574058 -0.01232424
-0.00667487 0.00352540
0.00274590 -0.00231733
-0.01163872 -0.00895873
-0.01340921 -0.01429482
-0.00942282 -0.01278988
-0.00354276 -0.00467565
-0.00089436 -0.00257091
-0.00066154 -0.00093555
-0.00345011 0.00018606
-0.00714143 -0.01167499
0.00022593 0.00707201
0.01335594 -0.00223717
-0.00830043 0.01094544
0.00067516 -0.00869281
-0.01176906 -0.00165284
0.00735274 0.00190718
-0.00321976 0.00805443
0.00028514 0.00914468
-0.00922664 0.00449319
-0.02183385 -0.00542318
-0.00804075 0.00339369
0.00627331 -0.00856858
0.00244197 0.01199330
-0.00855208 0.00888810
0.00376352 0.00212810
-0.00014072 -0.01102270
-0.00814936 0.00733126
0.00089997 0.00515023
-0.00564268 0.00406348
-0.00078322 0.00159370
-0.00842808 -0.01501235
0.00076659 -0.01815990
-0.00563327 -0.01003244
0.00925148 -0.02185683
0.00182196 -0.01368639
0.00439274 0.00529060
0.00087046 -0.00278954
-0.01542965 0.00420807
-0.00493680 -0.01005814
-0.01163074 0.01866705
-0.02039632 -0.00130202
-0.00536644 -0.00586818
-0.00810851 -0.00649020
0.01265330 -0.00430399
-0.00509778 -0.00265734
-0.02164266 0.00342123
-0.00198816 -0.00993074
-0.00285550 -0.01525755
0.00339627 -0.00832757
0.01287649 -0.01394750
-0.00407486 -0.01752752
-0.01479450 -0.00994087
-0.00350388 0.01300044
0.00864735 -0.00312531
-0.00736055 -0.00436236
-0.00239851 -0.00375847
0.00608596 0.00503021
0.01228006 -0.00055034
-0.00286415 -0.01839378
-0.00204393 -0.00014025
-0.00163680 0.01259117
-0.00431042 -0.01660788
-0.02720742 0.00474948
-0.00500569 0.00219254
0.00608406 -0.00864902
0.01319021 -0.03830319
-0.01125379 0.00497766
-0.00511573 0.02114529
0.00984056 -0.00188195
-0.01056562 0.00120342
0.00102843 -0.00364729
-0.01511553 -0.00257945
-0.00816866 0.00997059
0.00373341 -0.00901593
-0.00131112 -0.01249014
-0.00335009 -0.01623396
-0.00683623 -0.01077901
0.00784131 -0.00493729
-0.01252318 -0.01580894
0.00043407 0.00214372
-0.00385340 -0.00334798
-0.00158076 -0.00898945
-0.00719128 0.00493290
0.00659618 0.00066646
-0.00751981 0.00688082
0.00539913 -0.00926824
-0.00689809 0.01414688
-0.00172709 0.00333231
0.01260113 0.00394360
0.00059083 -0.00931195
-0.00523010 -0.00098881
0.00488631 -0.00409870
0.00920814 0.00559519
0.00019220 0.00158641
0.00462268 -0.02815081
-0.02182354 0.00927218
0.00084823 0.00537041
0.01261241 -0.00357572
-0.01016549 0.00002130
0.00777555 -0.01034111
0.00083140 0.00111907
0.00737930 0.01403134
0.01522024 -0.00215800
0.00437349 -0.00637672
-0.00198510 -0.00774287
-0.00727836 -0.00818749
-0.00894335 0.00177656
-0.01087305 -0.00274659
-0.01492115 -0.00353403
0.00117465 -0.00164130
-0.00059656 0.00055981
-0.00905944 -0.00319942
-0.01945384 0.00167748
0.00511790 -0.00312079
-0.00620638 -0.00918814
0.00128693 -0.00361215
-0.00421449 -0.00620564
-0.01837608 -0.01037303
-0.00164398 0.01376774
-0.02241183 -0.01157310
0.00111448 -0.00670752
-0.02008470 -0.01804340
0.00009729 0.00856222
0.00718468 -0.00935331
0.00548884 -0.00585160
-0.01202812 -0.00692995
0.00616511 0.00322683
0.01587905 -0.00933276
-0.02240554 -0.02052724
-0.01360192 -0.00156793
0.00331374 -0.01304138
0.00720092 0.01342465
0.00201458 -0.00277711
0.00020089 0.01479786
0.01998967 0.00787603
0.01264950 -0.00890339
-0.01120808 -0.01356694
-0.00407027 0.00713361
-0.01940573 -0.00558525
-0.01216189 0.00113599
0.01437973 0.01706474
0.00585583 -0.02022662
0.00724616 0.01004702
-0.01442042 0.00052922
-0.00759895 -0.00234806
-0.00030387 -0.00366172
0.00291824 -0.00503441
0.00824831 -0.00578721
-0.00474094 -0.00537362
-0.00431945 -0.00251975
-0.00957205 -0.02239683
0.01671746 0.00931724
-0.03312495 0.00305612
0.00008769 0.00355302
-0.00328024 -0.00692505
-0.01384267 -0.00138644
-0.00063650 -0.01584212
-0.00981672 -0.00959528
-0.01761029 0.00776238
-0.00555913 -0.00071400
0.00806235 -0.00018708
-0.00093510 -0.01371994
0.01344252 -0.01053120
-0.01582874 0.00023330
0.00938351 -0.01600323
0.00573164 0.00607412
-0.00283831 0.00030877
0.00639360 -0.00631287
-0.01754137 0.01234143
-0.00345056 -0.00212185
0.00774651 -0.00049444
-0.01501764 0.00098450
0.01901980 0.00169412
-0.02543050 0.01138227
-0.00904234 -0.01415783
0.00554715 -0.01120915
-0.00662217 0.01299619
0.00095047 -0.01338325
-0.01100272 -0.00140862
-0.01719797 0.00292931
-0.02053546 -0.01190407
0.00707924 0.00821529
0.01105492 -0.03294038
0.02216685 0.00156486
-0.01015428 -0.00870353
-0.00033079 -0.00038795
-0.00580700 -0.00927613
-0.00287438 -0.01235263
-0.01531410 -0.01702797
-0.01026793 -0.00526597
-0.00493431 0.00720686
-0.00567918 -0.00962973
0.01388169 -0.01716999
0.01780907 -0.01295928
-0.00688982 -0.01204352
0.00441573 0.00599510
0.00942956 -0.01867566
-0.00140088 -0.00791973
0.00988523 -0.00084961
0.01316842 -0.00560559
0.00126408 0.01213127
-0.00081143 0.01223882
-0.02391434 -0.00201018
0.01397585 -0.01055800
0.00545605 -0.01826820
-0.00565878 -0.01051591
0.00244456 0.01249525
-0.02377884 -0.00031633
-0.01429283 -0.01483706
0.00693926 0.00075699
-0.00899145 0.00630376
0.00094675 -0.01057309
-0.02650800 0.00003066
-0.00126964 0.02251535
-0.01050677 -0.00910083
0.02151160 -0.00242314
0.00487627 0.02926157
-0.00988684 0.00380207
-0.00100103 0.00821326
-0.00350568 -0.00517566
-0.01039517 -0.01306177
-0.00901812 0.00237916
0.00144127 -0.01153432
-0.00836224 0.00387789
-0.00085915 -0.00709056
-0.00099401 0.00006481
0.01796884 -0.00114581
-0.01141677 0.00184908
0.00923126 -0.00130565
-0.01078882 0.00587111
0.01446465 0.01333246
-0.00762726 -0.00888600
-0.01160969 0.03037216
0.00481571 0.01290939
-0.03691423 -0.00254619
0.00314079 -0.00439076
0.00160672 -0.00798890
-0.02564898 -0.01269509
0.00524765 -0.00716019
-0.00194816 0.00172321
0.01139336 -0.01944630
-0.01375035 0.01813176
0.01290781 0.00888147
-0.01386016 0.00223916
-0.02478893 0.00130860
0.02093736 -0.00743604
0.00031475 0.00762606
-0.01542460 -0.01820921
0.00001503 -0.00974384
-0.00900944 0.00128417
0.00394899 0.01324743
-0.00879514 -0.01879659
-0.01652365 0.00233857
0.00002438 -0.00336946
-0.01806208 0.00584450
-0.00812995 -0.00336951
0.00347719 -0.00599729
0.01125275 0.00382556
-0.00146886 0.00194743
-0.01452401 -0.01330033
-0.00257129 -0.00230135
-0.00089349 0.01806940
-0.01097888 0.00470480
0.00201417 0.00012734
-0.00386651 -0.01372852
-0.00024144 -0.01020708
0.00574164 -0.00553062
0.01200355 0.00533474
-0.00693312 0.00060690
0.00480061 -0.00402762
-0.00007410 -0.00573111
-0.00238822 -0.01016339
-0.00219528 -0.00547058
-0.00272135 0.00929626
-0.00526843 0.01972105
-0.00152615 -0.02357790
-0.01705508 0.00935199
-0.00431482 -0.01120899
0.00048051 -0.00206400
-0.00941892 -0.00770482
0.00486683 0.02112795
-0.01368516 -0.00324731
-0.01349607 -0.00341569
0.00694835 -0.00468108
0.01237480 -0.00406290
0.01003142 -0.00668864
-0.00191296 -0.01265551
0.01467505 0.01347472
0.00610853 0.01670318
-0.00735652 -0.01060849
-0.02161670 0.00140730
0.00750126 -0.01095355
-0.00320850 -0.00306674
0.01240689 -0.00526923
-0.00265979 0.00272066
-0.00830417 0.00154644
-0.02148674 0.00886053
-0.00438589 0.00201196
-0.02186809 0.00723984
-0.00165612 -0.00164044
0.00660498 0.00203669
-0.00618367 -0.01334606
-0.00912852 0.01240433
0.00371927 0.00313666
-0.01532462 -0.00240416
-0.00869689 0.00294416
0.01351073 -0.00023809
-0.00715450 -0.01544216
0.00009041 0.00969615
0.00213156 0.00221156
0.00387410 0.00318190
-0.01080155 0.01185017
0.01421977 -0.00090426
-0.01880839 -0.00694401
0.00136030 0.01031385
0.00703128 0.00938874
0.00961162 0.02149292
-0.00150753 -0.00294886
0.00015936 -0.00846801
0.00888565 -0.00852191
-0.01159248 -0.00732723
0.00976127 -0.01366345
-0.01208013 -0.00390469
-0.00360322 -0.00952926
0.01569098 -0.00407273
-0.01685416 -0.00244226
-0.00034795 0.00348504
-0.00735071 0.00159001
-0.00266400 -0.00638427
0.00006957 0.00446973
-0.00759309 -0.00774725
-0.00473312 0.00123915
-0.00525095 -0.00220674
-0.00713259 -0.00159888
0.00349791 -0.00952978
0.00206104 0.01354287
-0.00029882 0.01293057
0.00541394 -0.00074509
0.00389751 -0.00687936
-0.00190755 0.00041428
0.00909485 -0.00906783
0.01241051 -0.00033144
-0.00809291 -0.00975964
-0.00609550 -0.01276966
-0.00537857 -0.00315394
0.01845799 0.00557171
0.00585473 0.00616327
-0.00342603 0.00348606
-0.00104200 -0.00699169
-0.01209698 0.00922249
-0.00529333 -0.00141029
0.00669930 -0.00729362
-0.01047652 -0.00703505
-0.00517597 0.00340513
0.01266200 -0.00841464
0.00267622 -0.00152440
-0.00484639 0.00524955
-0.00144839 -0.01199562
0.00663551 -0.00067414
-0.00033285 -0.00259980
0.00524648 0.00328691
0.00204838 0.00247406
-0.00866263 -0.00035092
0.00912674 0.00532558
-0.00082756 0.00829097
0.00957847 -0.00305191
0.00010506 0.00169532
0.00154966 -0.00155036
-0.00081235 -0.00167120
-0.00713842 -0.00590985
-0.00818143 -0.01217241
0.00581457 0.00855156
-0.01603028 0.00147434
0.00198012 -0.00732245
0.00705729 -0.00430107
-0.00503199 -0.00311532
0.00255043 -0.00259874
-0.01189758 -0.00344085
0.00160576 0.00148860
0.02449094 -0.00167183
-0.00026564 0.00303559
-0.00525174 -0.00949178
0.00746679 -0.00189818
-0.00259236 -0.00381895
0.00426459 0.00330242
-0.00400670 -0.00895907
-0.00707062 0.00107684
0.00894509 -0.01071202
-0.01663776 -0.00778592
-0.00833572 -0.00433668
0.00334688 0.01701517
-0.00861185 0.00741594
-0.00806699 -0.00600466
0.00710946 -0.00467054
0.00444760 -0.00666891
0.00015357 0.01158776
0.00521201 0.02010456
0.00748425 -0.01168137
0.00966893 0.01188237
0.00180637 -0.00034075
0.01100956 -0.00655144
-0.00238063 -0.00090892
-0.00232455 -0.00794766
0.00541768 -0.00576408
-0.00383051 0.00614445
-0.00368643 -0.00500143
0.00425865 -0.01095414
0.00439234 -0.00830740
0.00283604 -0.00778359
0.00980210 0.00638216
-0.00656167 0.00005235
0.01713409 -0.00318145
-0.00327526 0.00564958
-0.00664427 -0.00528602
-0.00560794 -0.00370912
0.00496287 0.01602742
0.00426356 0.00348536
0.00542682 0.00538919
-0.00945382 0.00379547
0.01572267 -0.00085608
0.00315909 -0.00359255
-0.00138115 0.00146793
0.00827959 0.00182201
0.01183578 0.00088007
-0.00575311 0.00632043
-0.00973996 0.00019912
-0.01089527 0.00116261
-0.00040636 0.00781114
0.02152193 -0.00058449
-0.00506481 0.00091315
-0.00037786 -0.01117667
-0.00869680 0.00687455
-0.00418727 0.00092293
-0.00952824 0.00975284
-0.01428112 -0.00191815
-0.00201911 -0.00740358
-0.01690968 0.00891188
-0.00746699 0.00261380
0.00711801 -0.00449003
-0.00570314 0.00243190
0.00842914 -0.00324256
-0.00387480 -0.00447813
-0.00747423 0.01148832
0.00587057 0.00145735
-0.01050140 -0.00405203
-0.00296058 0.00250090
0.00905934 0.00684024
-0.00733840 -0.01112176
0.00202118 -0.01672185
0.00407436 0.01221133
0.01667408 -0.00679930
-0.00312507 0.00511777
0.00042168 -0.01139324
-0.00813405 -0.00128977
-0.00532119 -0.00335255
0.00310260 0.00530667
-0.00635218 0.00009054
0.00837046 -0.00145646
0.00484631 0.00238573
-0.00338500 0.00716785
-0.00318035 0.00786299
-0.01269293 -0.00443661
-0.00316588 0.00502256
-0.00408284 0.00371051
0.00200675 0.00257259
0.00227191 0.00842795
0.00403098 -0.00944078
0.00519926 -0.00537067
0.00898652 0.00127352
-0.01093656 0.00890494
0.00884050 -0.00518422
0.00711807 -0.00476618
0.00040472 0.01160397
0.00283249 -0.01105214
0.01619979 0.00266909
0.00397655 -0.00986528
0.01221541 -0.00542708
-0.01240424 -0.00286157
-0.00595350 -0.00385034
-0.00984122 0.00053109
-0.00250305 -0.00436471
-0.00043295 -0.00086816
0.00349224 0.00256560
0.00595987 -0.00581936
-0.00842713 -0.00287029
-0.00259652 -0.00106967
-0.00328573 0.00178114
0.00876657 -0.00004808
-0.00267340 -0.00006077
0.00078242 -0.00410286
-0.00336650 -0.00221488
0.01932542 0.00667273
0.00622885 -0.00113769
-0.00858204 0.00880645
0.00672783 0.00673284
0.02505498 -0.00122038
-0.00097199 0.00149744
-0.00641454 -0.00063774
0.00424663 -0.00333653
0.00024278 0.00596396
-0.00636838 -0.00794281
0.01429738 -0.01347059
-0.00094335 -0.00421236
0.01127815 -0.00423087
0.01195781 -0.00469995
-0.00879963 0.01428875
-0.00852388 -0.00446607
0.00271915 0.00917447
-0.00938418 0.01334720
-0.00951346 -0.01160141
0.00081063 0.00072543
-0.01015710 0.01052943
-0.00074519 -0.00506049
0.00456872 0.00950025
0.00376189 -0.00070091
0.00395812 0.01650928
-0.00775340 0.01222702
-0.00266321 -0.01208498
0.00116569 0.00830280
-0.00451887 0.00343189
0.00738064 0.00968238
0.00074489 0.00554159
-0.00619701 0.00181726
0.00581927 0.00030231
0.00050132 0.00036082
0.00240089 0.00634276
-0.00441116 0.00115494
-0.00193554 0.01083047
-0.00758202 0.00124293
0.00222423 0.01400134
0.00882379 0.01103960
-0.00559522 -0.00383955
0.00301862 -0.00803146
-0.00658907 -0.00224252
0.00865142 0.00983386
-0.01490028 -0.01419512
-0.01175978 0.01344461
-0.01229456 -0.00545993
-0.00743812 -0.00339341
-0.00679192 -0.01108215
0.00119583 -0.00199156
0.00423630 -0.00493086
0.00317817 -0.01478605
0.00424044 -0.00729105
-0.01175609 -0.00280993
-0.01449007 0.00744665
-0.00745179 0.00061828
-0.00161830 0.00398379
-0.01127531 0.00655691
-0.00531578 -0.00086641
-0.01104245 0.00465394
0.00972061 0.00294997
-0.01207047 -0.00595928
0.00044357 -0.00024418
-0.00100581 0.00370217
-0.00234120 0.00675984
0.00095615 -0.00004785
0.00492742 0.01090791
0.00849467 0.00664303
0.00493270 0.01021375
0.01864163 -0.01226076
-0.00967844 -0.01263182
-0.01099662 -0.00023977
0.02986017 -0.01298258
-0.00956472 0.02720571
-0.01393651 0.01256732
0.00622485 0.02099774
0.02237280 0.00053088
-0.01675287 -0.00466122
0.00398569 -0.01704191
-0.00923004 -0.01235226
-0.00352227 -0.01649162
-0.00906086 0.01842649
-0.02145844 -0.00421136
0.01086818 -0.01815579
0.00592052 -0.00308093
0.00780751 -0.00132415
0.00053230 -0.00502937
0.00207058 -0.00837676
0.00021921 -0.00230123
-0.00328184 -0.00220385
0.00212530 -0.02303677
-0.00773740 -0.00760404
0.00217706 0.00284653
-0.00670922 -0.00084413
0.00496964 -0.01083268
-0.00380315 -0.00666367
-0.01010607 0.00046656
-0.00489347 0.00687533
0.00077533 -0.00427079
-0.02569167 0.02242376
-0.00080319 -0.01071506
0.00030658 -0.00045006
0.00282803 0.00045210
-0.00403815 -0.00006504
0.00547868 -0.00831982
-0.01893813 -0.01954890
0.00970562 -0.01335470
-0.01404319 -0.00321132
-0.00492015 0.00512082
0.00299808 -0.00168447
-0.01308067 0.00744160
0.02129718 -0.00553763
-0.01008065 0.00309679
-0.00071689 -0.01181962
-0.00348039 -0.00036761
-0.00977529 0.00103383
-0.01156620 0.00500035
-0.01558021 -0.02350456
0.01344092 -0.00685655
0.01323492 -0.01242264
-0.01384407 -0.00226227
-0.01142684 -0.00485629
-0.00106413 0.00752350
0.01364462 -0.01634394
0.01115473 -0.00371219
0.01365504 -0.00030813
-0.00875792 -0.00082049
-0.00581646 -0.00243380
-0.00510286 0.00150431
-0.00953900 0.00194102
-0.01912330 -0.03164985
-0.00840191 0.00320264
-0.01104604 -0.01375571
0.00470179 0.00766566
0.00047884 -0.02364242
-0.00127273 -0.01925123
-0.00272155 -0.02049310
-0.00329141 -0.01300055
-0.00663553 -0.01255807
0.00832366 0.00205173
-0.00673659 -0.00996632
0.00098694 -0.02173367
-0.00576109 -0.00261467
-0.00776044 -0.00156160
0.00909114 0.01658693
-0.01988488 -0.01026416
-0.00904128 -0.02217231
0.00494445 -0.02216533
0.00225817 -0.00579808
0.00135962 -0.01399672
-0.01737013 0.00583993
-0.01274513 -0.00405403
-0.00137140 0.00453899
0.00734943 0.01017919
-0.00393341 0.00815252
-0.00904573 0.00188476
-0.00796185 0.01301526
-0.01014695 0.00434354
0.00601065 -0.01486993
0.00355363 0.00273796
-0.02072692 0.01361386
-0.01367290 -0.01341874
0.00028784 -0.00411353
-0.00291221 0.00392768
-0.00096179 0.00504855
-0.00487851 0.01043759
0.00547038 -0.00183657
0.01803740 -0.01805077
0.00459229 0.01300080
-0.00395884 -0.00998195
-0.00823057 0.01568613
0.00167800 0.00331840
0.02279730 -0.02174325
0.00238490 -0.00339771
-0.01347306 0.01195484
-0.02812851 -0.00629067
-0.00983920 -0.01665829
-0.01252952 -0.01813655
-0.01311762 -0.00561793
-0.00801957 -0.00745052
-0.00166703 0.00814562
-0.01345627 -0.00194784
0.00774698 0.00937881
-0.02117449 -0.00258654
0.00724549 -0.00311004
0.00620126 -0.00655378
-0.00052127 0.00095024
-0.00397727 0.00704846
-0.00265949 -0.01986117
-0.01051555 -0.00721729
-0.01693476 -0.01089209
-0.03173178 0.02231877
0.00570557 0.01687834
-0.00011448 0.00388243
0.00462329 -0.00102136
0.00921631 -0.01616498
-0.01854993 -0.00937865
-0.00610303 0.00181366
0.00527760 0.00200027
-0.00180579 0.00060999
0.00652087 0.00026610
0.00215508 -0.00049093
-0.00283089 0.01046842
-0.00581604 0.00455385
0.00171402 -0.01871786
-0.02419050 0.00025820
-0.00908306 -0.00570055
0.00168604 -0.01175701
0.01593348 0.00274623
0.00342543 -0.00754129
0.00573667 0.00015802
-0.01160144 -0.00246125
0.01512705 -0.01434929
-0.01051865 -0.01174824
0.02131335 -0.00420812
-0.00806454 -0.00118406
0.01777202 0.00304172
-0.02329299 -0.00247548
-0.00137310 -0.00689778
0.01487691 -0.00729021
0.00834491 -0.00309753
-0.01513479 0.00487155
-0.00351758 0.00778220
-0.01875687 -0.00802190
0.00777258 0.00898001
-0.01470009 0.00379255
0.00646037 -0.01077772
0.01269084 0.00379922
0.00088874 -0.02428900
-0.00175472 0.01019381
-0.00031967 -0.00141040
-0.00269801 -0.01024732
-0.00859709 0.00341298
-0.01722251 -0.00080080
0.01228486 -0.00901244
-0.00740996 0.00798384
-0.01426872 -0.00583106
0.01588851 0.00474442
-0.01278395 -0.00311541
0.01195589 -0.00619757
0.00321429 0.01663249
-0.00627088 0.00768762
-0.00389880 0.00041874
-0.01554111 -0.01214073
0.01089428 -0.00482306
-0.00580932 -0.00781244
-0.00171706 0.01058824
-0.00456815 0.00876082
0.00121296 -0.01042326
-0.00471132 -0.00395933
-0.01630478 -0.00567699
0.00037441 0.00536137
-0.01057434 0.00773791
-0.01105363 0.00089293
-0.00241775 0.00539353
-0.01261631 0.00377566
0.01095031 -0.00898887
-0.01008274 0.01146096
-0.00427258 0.01253813
0.01572106 -0.00386535
0.00212226 -0.00676489
0.00689313 -0.00794624
-0.00473148 0.00191218
0.01497180 0.00899509
0.00259821 0.02503840
0.00359910 -0.00545216
-0.01265570 -0.00051422
-0.00189317 -0.00971664
-0.00892439 0.00679443
-0.01119815 0.00137915
-0.00169809 -0.00746269
-0.00589322 -0.00531476
0.00129466 0.00809176
-0.00158906 -0.00791207
-0.01029078 0.00050225
-0.00118973 0.00570831
0.00706654 0.00831481
0.00210880 0.00179699
-0.00363559 0.00049062
0.01260819 0.00671445
-0.00559454 -0.00356418
-0.00592984 0.00228946
0.01506845 -0.00486398
-0.01487534 0.00700265
0.00404260 -0.00105271
0.00892221 0.00718005
0.01713555 0.00568083
0.00032487 -0.00179202
0.00839176 0.00750064
0.00936226 0.00468396
0.00524460 0.00733309
-0.00053588 0.00277516
-0.00788411 -0.00189086
0.00612757 0.00628966
-0.00497005 -0.00781655
0.00031394 0.00208326
-0.00498224 0.00966296
0.02706104 -0.00532312
-0.00746472 0.00046382
-0.00365637 -0.00140130
0.00201856 0.00596446
-0.00153541 0.00014903
-0.01074856 0.00082911
-0.00203680 -0.00181801
-0.00097040 -0.00270926
-0.00544200 -0.00332984
0.00544287 0.00351358
0.00015348 0.01277335
0.00403897 0.00045647
0.00543925 0.00071033
-0.00257795 0.01099024
-0.00403126 -0.00142415
-0.00445266 -0.00544455
-0.00358153 0.00085582
-0.01170438 -0.00801326
-0.00168149 0.01991151
0.00166959 0.00181396
0.00129205 0.00976874
-0.00300681 -0.00733062
0.01225215 0.00434320
0.01522995 0.00030530
0.00244060 -0.00546116
0.00299175 0.01168514
-0.00776041 -0.00241055
0.00254596 -0.00391104
0.00813834 0.00343062
-0.00802572 -0.00172846
-0.00373125 0.00533991
-0.00104560 0.01487991
0.01028511 -0.00888113
0.00239915 -0.01239974
0.00068556 0.00228230
0.00305733 -0.00124864
-0.00077728 0.01597775
-0.00650960 0.00458670
0.00757762 -0.00382836
0.00523047 -0.00366228
0.00121929 0.00362122
0.00749819 -0.00651679
-0.00383805 0.00261633
0.00894756 0.00200262
-0.00387763 -0.00997414
0.00141381 0.00308897
-0.00561304 0.00636844
-0.01406862 -0.00673948
-0.00075636 -0.00448487
0.00565013 0.00990972
-0.00063321 -0.00228862
0.00090518 0.00451847
0.00653507 -0.00407294
0.00523989 -0.00430119
0.01521292 -0.00078920
-0.01406657 -0.00631966
-0.00644255 -0.00792594
-0.00482660 0.00125461
0.02399430 -0.00224845
0.00824499 0.01045154
-0.00509202 0.00348169
-0.00411439 0.00746339
0.00762200 0.00784302
0.00807900 0.00527827
-0.00560339 0.00549958
0.00497745 0.00199346
-0.00482566 0.00637626
-0.00404787 0.00487775
-0.00669570 0.00097392
0.00178847 0.00337248
0.00391593 0.00451330
0.00242896 0.00272568
0.00948259 0.00877825
-0.01242514 -0.00117820
0.00172065 0.00471680
-0.00609699 -0.01318541
-0.01718981 -0.00971022
-0.01869332 0.00225107
-0.01097424 -0.00964626
-0.00158231 -0.01912420
0.01345904 0.01880173
0.00501052 0.00474463
-0.01622691 -0.00649320
0.00775818 -0.00100190
-0.00048725 -0.00407203
-0.00134948 -0.00458201
-0.00351089 -0.00347876
-0.00422863 -0.00969174
-0.00684624 -0.00147118
-0.00675835 -0.00880283
0.01856860 -0.00002431
-0.00022945 -0.00252182
0.01620868 0.00839077
-0.00159449 0.00672635
0.00582989 -0.00304151
-0.00427891 0.00507748
-0.00646168 0.00297098
0.01490430 -0.00546518
0.00513537 0.00552311
0.00871737 0.01374714
0.00017335 0.00642564
-0.00257420 0.00852279
0.00161775 -0.00624204
-0.00315536 -0.00963514
-0.00301581 0.00924312
-0.01103088 0.00558483
-0.00605198 0.00274592
-0.00281060 0.00940352
0.00431443 0.00167114
0.01990688 -0.00778921
0.00675701 0.00013401
0.00245015 -0.01139539
-0.01335641 -0.00211446
-0.00184713 0.00638873
-0.00503210 0.01119474
0.00397860 -0.00509536
0.00430510 -0.00809737
-0.01218630 0.00854524
0.00080239 -0.00643968
0.00031426 0.00200719
-0.00940698 0.01315950
0.00096414 0.01644999
-0.00724933 -0.00084325
-0.00112248 -0.00036249
0.00434160 -0.00026270
0.00938041 0.00639123
-0.00418422 -0.00054640
0.00289194 -0.00085903
-0.00046965 0.00437694
-0.00278376 0.00609711
-0.00076122 -0.00110183
0.01583022 0.01142910
-0.00146703 -0.00134684
0.00212209 -0.00124504
0.00378502 -0.00159102
-0.00164525 -0.00888637
-0.00694961 0.00014725
0.00691235 -0.00301365
-0.00434178 -0.00336765
0.00229748 0.01192486
0.00656302 -0.01440967
-0.00188704 -0.00293489
-0.00417553 0.00093362
-0.00480048 0.00743574
0.00191312 0.01041531
-0.01147023 0.00289137
0.00010585 0.00489367
-0.00819976 0.01401964
0.01036747 -0.00394556
0.00130127 0.00698492
-0.00283941 0.00272591
0.00324780 -0.00024147
0.01073841 0.00581699
-0.00362737 -0.00775842
-0.00021552 0.00293124
-0.00447712 -0.00531893
-0.00755776 0.00225128
-0.00038403 -0.00042716
0.01942528 -0.00141647
-0.00746201 0.00259125
0.00251448 -0.00131015
-0.00810430 -0.00372905
0.01807095 0.00944926
-0.01770071 -0.00104537
-0.01236203 0.00556003
0.00548145 -0.00709515
-0.00330953 0.00484492
0.01336162 -0.00047125
0.00454483 0.00445453
-0.01154907 -0.01096641
0.00688757 0.00571644
0.02765205 0.01251488
-0.00588147 0.00287650
-0.01491722 0.00879119
0.01503381 -0.01086758
-0.00756217 0.00157836
0.00830409 0.00113744
-0.00413291 -0.00672106
0.00360126 -0.00770273
-0.00143717 0.00198005
0.00141485 0.00190975
-0.00461256 0.00294294
0.00259258 -0.00123052
-0.00795444 -0.00064776
0.00709122 0.00115809
-0.00398039 0.01236751
0.01193304 0.00391011
-0.00422065 0.01092658
-0.00608477 -0.00100182
-0.00025923 0.00031448
-0.00482918 0.00397365
-0.00003718 0.00992628
0.01243416 0.00211935
-0.00910446 -0.00599970
-0.00953516 -0.00357665
0.01182651 0.00714161
-0.00245821 0.00081027
-0.00544735 -0.01239472
0.00782473 -0.00292889
0.00732278 -0.00544599
0.01064930 0.00001700
-0.00350499 0.00010686
-0.00197966 0.00408203
-0.00558452 0.00784946
0.00868097 0.01700464
0.00140721 -0.00809113
0.00530604 -0.00425536
0.00836002 0.00850188
0.01141550 0.00302167
0.00393201 -0.00840027
-0.00382333 -0.00191424
0.00523888 0.00151727
-0.00526121 0.00842564
-0.00911896 -0.00094272
0.01559537 0.01200954
0.02130938 0.00544566
0.00433702 -0.00559248
0.00768521 0.00531764
-0.00551873 -0.00045874
0.00037360 -0.00197077
0.00625663 -0.01027204
0.00234879 -0.00381599
-0.00454621 -0.00450579
0.00612123 -0.00680194
-0.00081925 0.00248057
-0.00318650 -0.00771106
0.00022620 -0.00422469
-0.00335922 -0.00299483
-0.00655039 -0.00541080
0.00805547 -0.00788127
-0.00630085 0.01363040
-0.00977771 0.00848693
-0.00302833 0.00380899
-0.00475620 0.00218597
0.00262770 0.00933977
-0.00650021 0.00724328
-0.00627023 0.00342558
-0.00238051 -0.00162999
0.01706054 0.01742550
-0.00900845 -0.01220505
0.00096647 -0.00177983
-0.00057893 -0.00005982
-0.00799599 -0.00343944
0.00562913 -0.00752793
-0.00320640 0.00185463
-0.00411024 0.00037408
-0.00673067 -0.00505589
0.00740245 -0.00568720
-0.00408521 0.00812080
-0.00955605 0.01466413
-0.01221372 0.00382410
-0.00169291 -0.00651649
-0.00471637 -0.00166615
-0.00796842 -0.00398837
0.00964336 0.00545607
-0.00114060 -0.00350789
0.00447867 -0.00020084
0.00378339 0.00476406
0.00136077 0.00164937
-0.00428725 0.00137389
0.00335548 0.00487390
-0.00339183 -0.00091811
0.00488949 0.00434204
-0.00409063 0.00307956
0.00491726 -0.00047019
-0.00376519 0.01647105
0.00406193 0.00115461
0.00675882 0.00459538
0.00148645 0.00416030
-0.00929103 -0.00061232
-0.01074852 0.00709125
0.00014607 -0.00252082
-0.00186551 0.00148481
0.00477649 0.00227396
-0.00170682 0.00060116
0.00924965 0.00947884
0.00762189 -0.00034384
-0.00594925 -0.00290325
0.00319778 0.00264201
0.00016788 -0.00474188
0.00793656 -0.00254467
-0.00538750 -0.00771314
-0.00230577 -0.00126646
-0.00867127 0.00144698
0.00971401 0.00615144
0.01090252 -0.00793692
0.01076740 0.00803778
0.00405729 0.00820773
0.00980934 -0.00468505
-0.00081998 -0.01088799
-0.00484217 0.00453827
-0.00521526 0.00104028
0.01604474 0.00193397
0.00420239 0.00409134
-0.00166659 -0.00921212
-0.01551670 -0.00638411
-0.00313907 0.02129951
0.01061155 -0.00984392
0.00555858 -0.00213171
0.00782354 -0.00512420
-0.00893421 -0.00397752
0.01704031 -0.00027006
-0.01203709 -0.00477568
0.00536071 0.00410277
-0.00272797 0.00466867
-0.00159972 -0.00881233
0.00979891 0.00069525
-0.01088024 -0.00924457
-0.00689139 0.00194010
-0.00151725 -0.00001493
0.00371023 0.00245040
0.00619085 0.00195205
-0.00119745 -0.00547845
0.01592108 0.00434158
-0.01341996 -0.00402572
-0.00325334 0.00331885
-0.00589452 0.00036012
-0.00338382 -0.00215896
-0.00113420 -0.00535483
-0.00452642 0.01279718
0.00325102 -0.00135583
-0.00216603 0.00171034
-0.00779111 0.00341640
0.00946922 0.01624683
-0.00016167 -0.00119722
-0.00791263 0.00170418
0.00286375 -0.01070097
-0.00591139 0.00645885
0.00638349 0.00627841
-0.00109338 0.00104547
-0.00138533 0.00219010
-0.00858589 -0.00094356
-0.00414912 -0.00503539
0.00681720 0.00087420
0.00356660 0.00607116
-0.00979280 0.00221016
0.00427978 0.00826092
0.02291858 0.00509257
0.00698811 0.00473511
0.00068321 0.00095927
0.00518658 0.00275157
-0.00252933 -0.00426154
0.00597028 0.00719687
-0.00650845 0.00494846
-0.00264684 -0.00145483
0.00148529 0.00270384
0.00561716 0.01039350
-0.00419973 -0.00619392
0.00906729 -0.00765694
-0.00566780 -0.00191149
-0.00058422 0.00891919
-0.00041821 0.00166676
0.00017104 -0.00173376
0.00073389 -0.00638912
-0.00447332 0.00405922
0.00997743 0.00003699
0.00261237 0.00445100
0.00054239 0.01009709
-0.00407466 -0.00498325
0.00198967 -0.00012192
0.00408741 -0.00081063
0.00363793 0.00300302
0.00322662 -0.00895537
0.00327794 0.00048769
0.00054417 -0.00558850
0.00308787 0.00764708
-0.00444338 0.01039071
-0.00587478 -0.00347441
-0.00409135 -0.00266842
-0.00423257 -0.00109047
0.00764821 0.00137007
0.00244781 -0.00388209
0.00456295 -0.00468841
0.00248121 -0.00076554
0.00542909 0.00630310
0.00168498 -0.00349843
-0.00060115 0.00451626
-0.00314864 0.00922998
-0.00359199 -0.00677895
0.01123566 -0.00221308
0.00895020 -0.00727962
0.00315030 0.00476070
-0.00559451 0.00023765
-0.00118417 -0.00059588
-0.00179102 -0.00236227
-0.00508082 -0.00032846
0.01054023 0.02003698
-0.00656698 -0.01371348
0.00446075 -0.00220659
0.00654145 0.00329380
0.00233953 0.00675652
0.00013983 0.00469301
-0.00896650 -0.00574347
-0.01321144 -0.00473524
-0.00060536 0.00077065
0.00870968 0.00114992
-0.00935666 -0.00386322
-0.01304883 -0.00237524
0.01222488 0.01309534
0.00017869 0.00271145
0.00689187 -0.01263025
0.00058741 0.00389573
-0.00287992 -0.00176094
0.00162592 -0.01299157
0.00941087 0.00280172
-0.00001420 -0.00904475
0.00158256 -0.00532087
0.00859926 0.00159304
-0.00909276 -0.00765857
0.01045806 -0.00304552
0.00114122 0.00519682
0.00045991 -0.00641008
-0.01409894 -0.00294884
0.00242857 0.00948670
0.01943476 0.01217018
-0.00103390 0.01371583
-0.00254921 -0.00960286
-0.00277683 0.00684239
-0.01562292 -0.00314049
0.00438389 0.00863975
0.00196079 0.00128878
-0.00953513 0.01049117
0.01657903 -0.00266934
0.03204751 0.01716447
0.01651085 0.01790061
0.01068387 0.00667695
-0.00300966 -0.00446497
-0.00372101 -0.01331297
-0.00178647 0.02518560
0.00855720 0.00164368
0.01459557 0.00577179
0.01431322 0.02068007
0.00878786 0.01189397
0.00059171 -0.00030766
-0.01050598 -0.00786987
0.01124498 -0.00494696
-0.00608774 -0.00031629
-0.00161353 0.00541251
0.00022237 0.00199080
0.00277436 -0.00255457
0.00473050 -0.00309317
0.00803257 0.00708320
-0.00520974 -0.00201404
-0.00216157 -0.00221573
0.01035507 0.00322785
-0.00431251 -0.00024108
0.00049095 -0.00516501
-0.00239442 0.00079454
0.00471091 -0.00546546
-0.00075102 -0.01571057
-0.00114015 0.00991563
-0.00634410 -0.00156698
0.00114056 -0.01449848
0.00757801 0.01014879
-0.00758456 -0.00657620
-0.00941265 0.01169164
0.00425417 0.00546335
-0.00037084 0.00649395
0.00902642 0.00658258
0.00760895 -0.00287471
-0.00610831 0.00212232
-0.00290080 -0.00037702
0.01406196 -0.00525124
-0.00395037 0.01258836
0.01273557 -0.00159303
0.00773738 -0.00910810
0.00451941 0.00020212
0.01413392 -0.00585701
0.00829283 0.01145833
0.00410777 0.00792887
0.00475945 0.02119129
0.00296898 -0.00992532
-0.00121844 0.00748547
0.00475174 0.00304214
0.00487834 0.00754544
-0.01109433 -0.01085625
-0.01034095 0.00685558
-0.00970243 -0.00149848
-0.01155441 -0.00839550
-0.00905162 -0.01098352
0.00206250 0.00744106
0.01319390 0.00579696
0.00755539 -0.01047796
0.00304222 0.01148539
-0.00215029 0.00554676
0.00328837 -0.00389798
0.00482493 -0.00140403
0.00290136 0.00572389
-0.00585060 -0.00537314
0.00009294 -0.00826695
0.00148743 0.00604914
-0.00186987 -0.00661393
0.00089068 0.00090313
0.00832135 0.00295074
0.01445282 0.00525961
-0.00333409 0.00093597
-0.01450019 0.01378139
-0.01072392 0.00392973
0.00518340 0.00874108
0.00771013 0.00898571
-0.00753020 0.01590531
-0.00678059 0.00947694
-0.00621456 0.01265436
0.00579583 0.00312834
0.00524605 0.00407960
0.00176509 0.01284799
-0.00517975 -0.00571930
-0.00096964 -0.01458037
-0.00549143 0.00644782
0.00101436 -0.00807011
-0.00805423 -0.00834019
0.01084058 0.00566654
0.01779075 -0.01050945
-0.00170153 0.00483261
-0.00861304 -0.00167204
-0.00182331 0.00415433
-0.00873365 0.00203381
0.00971289 -0.00396782
-0.00443460 -0.01870855
0.01047775 -0.00050318
0.00790573 -0.00907029
0.01213903 0.00323599
-0.00323198 0.00026180
-0.00460771 -0.00250751
0.00194757 0.00996536
0.02002447 -0.00664249
0.00255575 0.00304022
0.00854042 0.00246606
0.00167182 0.01168431
0.00682530 -0.00427487
-0.00653476 0.00272429
0.00115858 0.00535570
-0.00090782 0.00685352
0.01123151 -0.01694640
-0.00006992 -0.00317826
0.00466764 0.00115068
-0.00443908 0.00458085
-0.00676060 0.00668332
-0.00557495 0.00033854
0.01255897 -0.00017478
0.00662341 0.00291125
-0.00413261 -0.00964458
-0.00507066 0.00543546
-0.00728287 0.00457459
0.00156836 0.00099785
-0.00410246 -0.00309146
0.00815404 0.00489954
0.02210466 0.00845398
-0.00616704 -0.00588033
0.02073710 -0.00354061
-0.00524121 -0.00208949
-0.00500804 -0.00477855
0.01065221 0.00620634
0.00315137 0.00811606
0.00169563 0.00602741
-0.00806925 0.00674421
0.00261033 0.00636591
0.00261104 0.00878421
0.01034069 -0.00030489
0.00066996 -0.00039897
0.00300429 0.00800502
-0.00694357 -0.00914394
0.00061448 -0.00673339
-0.01043738 0.00307460
-0.00049730 0.00138494
-0.00143190 -0.00077135
0.00747653 0.00118602
0.00906447 0.00835315
0.00319680 0.00008498
-0.00805648 -0.00051500
0.00531622 0.00317875
0.00967457 0.01323147
0.01091366 0.00638526
0.01444943 0.00369834
-0.00431202 0.01054093
0.00643805 0.00317931
0.00920949 -0.00134483
-0.01781399 -0.00379159
0.00991032 0.00404653
0.00066823 0.00398863
0.00682206 0.00466474
0.00035943 -0.00231828
-0.00482796 -0.00246058
0.00553541 0.00525238
0.00574443 0.01065599
0.00045847 -0.00818176
0.00099978 0.00429778
0.00824807 0.00470228
0.00777945 0.00002229
0.00070275 0.00738689
0.00197976 -0.00442075
0.00214000 -0.00562638
-0.01010356 0.00296004
0.00326218 -0.01397517
0.01547341 0.00902431
0.00546099 0.01638583
0.00408101 -0.00141397
0.00542420 0.00030200
-0.00682290 0.00445537
0.00162374 0.00181925
0.00492776 0.00206984
0.00007061 -0.00100722
0.00361929 0.00926075
-0.00261967 -0.00384684
-0.00611602 0.00798467
-0.00179243 -0.00695182
-0.00400716 -0.00329455
-0.00776554 0.00311191
-0.00388270 -0.00725240
0.00157808 -0.00716630
-0.00814899 0.00767176
-0.00938228 -0.01178947
0.01797415 0.00255111
-0.00317078 0.00338762
-0.00208382 0.01245052
-0.00130291 0.00488043
0.00654527 -0.00304337
-0.00858092 -0.00576917
0.00226141 0.00421939
-0.00953160 -0.00313045
0.01241547 0.01618766
0.01305406 0.00140432
-0.00843046 -0.00168288
0.00257836 0.00410005
0.00714662 -0.01286134
-0.00351428 -0.00163584
-0.00249307 0.00740536
0.00790628 -0.00343430
0.00109658 -0.00057744
0.00867540 0.01536439
-0.00183665 0.01533652
0.00805178 0.00221040
-0.00655318 0.01432056
0.01473895 -0.00699417
-0.00538692 -0.00622391
0.01153967 0.01021588
0.00569835 0.00383375
-0.00765051 -0.00689378
0.00772811 0.00317362
-0.00616038 -0.00092907
-0.00457662 0.00286967
-0.00695795 -0.01000530
0.00017770 -0.01093315
0.00196679 -0.00792377
0.00576633 -0.00442641
0.00536189 0.00519482
-0.00574106 -0.01580832
0.00391156 -0.00305332
0.00340909 0.00969767
-0.00376166 0.00277563
0.00008956 0.00133762
-0.00487370 -0.00089092
-0.00740684 0.00253075
-0.00922631 -0.00397251
-0.00224903 0.00489132
-0.00464407 -0.00003586
0.00400403 0.01022417
0.00279488 0.01214271
-0.00774261 0.00229866
0.00889963 0.00607307
-0.01430561 0.00482708
0.00910679 0.00046187
0.01434105 0.00145889
-0.01812872 -0.00489434
0.00347278 0.02300899
-0.00579228 -0.00146078
0.00630182 0.00597385
0.00446718 -0.00335083
0.00696995 0.00788968
-0.00022068 0.00292085
-0.00080848 -0.00387002
0.00092860 0.00814394
0.00103039 0.00601542
0.00021031 0.01108055
0.02041413 -0.00430195
-0.00832848 -0.01062903
0.00383053 -0.00434748
0.00522770 -0.00247812
0.00749742 -0.00426404
0.00474523 -0.00543506
0.00054405 0.01191899
0.01860587 -0.00328172
-0.00858551 0.00780435
-0.00926593 -0.00074353
0.00227615 0.00459830
-0.00524787 0.01197211
0.00606021 -0.00522579
0.00008793 0.00122408
-0.00893459 0.00295888
-0.00321516 0.01060453
-0.00166093 -0.00530066
0.00344331 0.01905921
-0.00112419 0.00940592
-0.00641296 0.00411057
-0.00445636 0.00708788
-0.00172859 -0.01175295
0.00238272 0.01291734
0.00440887 0.00588360
0.00930829 0.00562268
0.00777520 0.00845191
0.00891268 0.00000727
-0.00390105 -0.01646143
-0.00594258 0.01470901
0.01880165 0.00162279
0.01364449 -0.00576692
0.01210345 -0.00690833
-0.01303350 0.00182137
0.00050849 -0.00331288
-0.00033029 -0.00223411
-0.01040043 -0.00515226
0.00409572 -0.00089827
-0.00103600 0.00270444
-0.00052141 0.00434116
0.00351287 -0.00730220
0.01210004 0.00190958
0.01080758 0.00490774
0.01498006 -0.01354804
-0.00544541 0.00207204
0.00280128 0.00260939
-0.00288884 0.00321121
-0.00168477 -0.00683617
0.00843598 -0.00863603
0.01534258 -0.00117925
0.01144520 -0.01074242
0.00593566 0.02200959
0.00530324 -0.00187579
0.00670504 0.00683552
0.00419692 0.00660865
-0.00368683 -0.00765908
0.01807773 0.00231036
0.02069027 0.00236164
-0.00288344 -0.00681579
-0.00169573 0.01229251
0.00585525 -0.00004365
0.00227771 0.00218950
-0.00366581 0.00227363
0.00130754 0.00177765
0.01263554 0.00412421
0.00408110 0.00228020
-0.00362582 0.00025103
-0.00071646 -0.00007595
-0.00423617 0.00218432
-0.00507003 -0.00685486
0.00861139 0.00669460
0.01358410 0.01575472
0.00728840 -0.00365430
0.00685379 0.01182000
-0.00636347 -0.00371847
-0.00319381 0.00182724
-0.00669832 0.01652554
-0.00643950 -0.00038685
-0.00964229 0.01519942
0.00458300 -0.00401586
0.01216552 -0.01173411
-0.00354861 0.01991673
0.00658507 0.00629131
0.00512905 0.00454309
-0.00151985 0.00321638
0.00950865 -0.00518150
0.00739078 -0.00006595
0.00234800 -0.00429865
0.00098245 -0.00766664
0.00809261 -0.00611011
-0.00459662 -0.00933512
-0.01433925 0.00122361
-0.01207603 0.00261922
0.01289837 -0.00331588
0.01058171 -0.00391079
-0.00490711 0.01245063
-0.01793047 0.00827614
0.01032682 0.00591188
0.00065409 -0.00376063
0.00187799 0.00333483
0.00272120 -0.00796566
0.00541027 0.00420486
0.00362702 0.00555534
0.00783699 0.00204769
-0.00622364 -0.00194117
-0.00535543 0.00044173
0.00133110 0.00164471
-0.00287434 0.00728449
0.00473779 -0.00311396
0.00141873 -0.00875768
0.00286613 -0.00516787
-0.00482230 -0.00376265
0.00424197 -0.01474457
-0.00584591 0.00059095
0.00319747 -0.00152148
0.01383442 0.00512568
0.01154688 -0.00543945
0.00151502 -0.00610064
-0.00382618 0.00988304
-0.01035069 -0.00271094
-0.00169443 0.00414957
-0.00160272 -0.01532765
-0.00640866 -0.00619221
-0.00226549 0.01020126
-0.00848510 -0.00149152
0.01648263 -0.00094868
0.01194563 -0.01320820
-0.00693872 -0.01194483
-0.01062583 0.00039937
-0.00442690 -0.00137506
0.00092544 -0.00542972
-0.00222815 -0.00662583
-0.01882840 -0.00326531
0.00499962 0.00848061
-0.00665061 -0.00287816
-0.01591722 0.02359166
-0.00167753 0.00196062
-0.00050901 0.01988844
0.01316330 0.00943015
0.00239899 0.00810403
-0.00664895 -0.01362574
-0.00317803 0.00181262
-0.01008618 -0.00205895
-0.00341585 0.00374700
-0.00712666 -0.01119489
-0.00357794 -0.00503704
-0.00603582 0.00738454
-0.00618485 0.00628699
-0.00862889 0.00332045
0.00162774 -0.00381502
0.00162151 0.00668990
0.00352609 0.01454648
0.00868477 0.01029233
-0.00282736 -0.01435308
0.00691381 -0.01429533
0.00386494 -0.00041208
0.00287570 -0.00268123
0.00372624 0.00070782
0.01999350 0.00382428
-0.00590933 0.00618518
0.00263694 0.00027148
-0.00103385 0.00231785
0.00001109 0.00274605
0.00021539 0.00174484
0.00391983 0.00096994
-0.00502316 -0.00198595
-0.00775312 -0.00204538
-0.00469989 -0.00603933
-0.00326178 -0.00010361
0.00287203 -0.00758413
0.01281565 0.01000920
-0.00492365 0.00149146
0.01458631 0.01779883
0.00558237 -0.01063122
-0.01474577 0.01448661
-0.00555665 0.00300991
-0.00447943 0.01081094
-0.00065877 0.00135604
-0.00453157 0.00117550
0.01418775 -0.00220454
0.00008737 -0.00806232
-0.00186205 0.00597960
-0.00496494 -0.00482971
-0.00807028 -0.00538907
0.00513605 0.00912164
-0.00615616 -0.00468150
0.00207065 -0.00174378
-0.00430693 -0.01179950
-0.00828005 -0.00460447
-0.00314748 -0.01009449
-0.00501152 -0.00078611
0.00269830 -0.00565046
0.01338049 -0.00344918
0.00534087 -0.00277265
0.00652907 0.00079052
0.00010791 -0.00290040
0.00287569 -0.00538331
0.01149240 0.00394217
0.00402435 0.00315787
0.00714278 0.00440435
-0.00272076 0.00707850
-0.00589969 0.00295244
-0.00318534 -0.00324098
-0.00136841 0.00379339
-0.00425017 0.01426533
-0.00239247 0.00932527
0.00571218 -0.00272040
0.00797836 0.01507603
0.00244015 -0.01048633
0.00342744 0.00144089
0.01666564 0.00521230
-0.00134980 -0.00405385
0.00878785 -0.00472814
-0.00132248 0.00034597
-0.00210978 0.01122133
0.01057020 0.00152274
-0.00377488 -0.00510835
-0.00165724 -0.00033788
0.00896989 0.00279855
0.00442476 0.00237310
-0.00137912 -0.00283866
0.00731989 -0.00120539
0.00122848 0.01048077
0.00252120 0.01125610
0.00651199 -0.00981613
0.00436926 0.00590935
0.00849036 -0.00402329
-0.00171821 -0.00092758
-0.00435409 0.00636260
-0.00307102 0.01196416
-0.00199207 0.00172875
0.00173505 -0.00691845
0.00474474 -0.00312242
0.00397712 0.00001929
0.01080758 -0.01087146
-0.00027361 0.00563109
-0.00937359 -0.00212636
-0.00208818 0.00013130
0.00070038 0.00676996
0.00404566 0.00962292
0.00470940 0.01141765
0.00763725 -0.00671550
0.00729073 0.01705336
0.00668521 0.00324348
0.00069913 -0.00625077
0.00241218 -0.01252859
0.01816471 -0.01121659
0.00706932 0.01048595
-0.00233952 0.00288200
0.00054272 0.00135420
0.00641054 -0.00042623
0.00799759 -0.00040470
0.00002251 0.01349184
0.00325934 0.00359697
0.01114730 -0.01123784
-0.00240324 0.00578506
-0.00361711 -0.00061499
0.00002417 0.00450775
0.00728596 -0.00090851
-0.00496922 0.01058612
0.00119961 -0.00484559
0.00162977 -0.00863346
0.00483976 0.00027257
-0.00351836 0.00365966
-0.00994201 -0.00405262
0.00451935 0.00325109
-0.00731380 -0.01039393
0.01203359 0.00626850
0.00759531 0.00609886
-0.00282556 -0.00979711
-0.00733678 0.00006166
-0.00649121 0.00817698
0.00189898 -0.00884645
-0.00309235 0.00154751
-0.00175891 -0.01088921
0.01519645 -0.00472266
-0.00323395 0.00188794
-0.00240059 0.00388260
0.00314507 0.00122188
-0.00472672 0.00360616
0.00585651 -0.00135116
-0.01093091 0.01269612
0.00757833 0.00529190
-0.00437390 0.00105965
0.00370626 0.00539639
0.00710677 0.00255369
-0.01159564 -0.00176150
-0.00147311 0.00504856
0.01054016 0.00064517
-0.00485261 0.00058457
0.00874754 -0.00636491
0.00259869 0.01513897
0.00509991 -0.00537969
-0.00296084 0.00358525
-0.00172388 -0.00391883
0.00484141 0.00209997
-0.00469576 -0.00388520
-0.00368073 0.00313733
-0.00312386 0.00789409
-0.01378173 -0.00367240
-0.00176427 -0.00387364
-0.00366053 -0.00781696
0.01090389 -0.00484422
0.00919517 0.00041941
0.00536087 0.00485318
-0.00423804 0.00298933
-0.00086692 -0.00363230
0.00009053 0.00664078
0.00283648 0.00195770
-0.00708024 -0.00426693
-0.00626739 -0.00837483
-0.01821442 0.00676774
0.00514327 -0.01037446
0.00064314 0.00159146
-0.00134831 -0.00092745
0.00152425 0.00551432
0.00077069 -0.00092430
0.00206924 0.00394993
0.00509205 -0.00530660
0.00835516 0.00086186
0.00280505 -0.00149434
-0.00464330 0.00372673
-0.00252305 0.00665747
0.00234708 -0.00669340
-0.00365130 -0.00181988
0.00480698 -0.00959900
0.00134782 0.00000343
0.00714412 -0.01392033
-0.00347017 0.00105638
0.00154529 -0.00532402
0.02120949 -0.00270309
0.00047161 -0.00866760
0.00638877 -0.00651222
0.01661759 -0.00487610
-0.00211226 0.00306301
0.01015734 0.00054273
-0.00019327 0.00876118
0.00303324 -0.00178584
-0.00433859 -0.00199995
-0.00898958 -0.00043119
0.00459776 0.02514808
0.00726820 -0.00071174
-0.00584461 0.00318962
0.00223734 -0.00452292
-0.00101811 -0.00047431
-0.00955215 -0.00682322
-0.00681089 -0.00703992
-0.00278104 0.00692668
-0.00332255 0.01091404
0.00079724 -0.00554049
0.00758603 0.00143244
0.00615898 -0.00735553
-0.00124353 -0.00115392
-0.00392214 0.00331165
-0.00599839 -0.00047923
-0.00202157 0.01072174
-0.00169400 0.00076562
-0.00114873 0.00080257
0.00473085 -0.00015537
-0.00103206 -0.00096965
0.00340217 0.00044282
0.00220908 0.01404795
0.00523488 -0.01304041
0.00324920 0.00625578
0.00139893 -0.00322671
-0.00098285 -0.00478692
-0.00690126 0.00766332
0.00409913 -0.00231024
0.00737129 -0.00714703
-0.00527708 -0.01063851
0.01033886 -0.00243776
-0.01237697 -0.00847182
0.00238467 -0.00564399
-0.01146857 -0.00265769
-0.00234259 0.00547455
0.00080639 0.00579469
-0.00127621 -0.00032875
-0.00482512 -0.00625834
0.00728136 0.00208154
-0.00824177 -0.00679747
-0.00108668 -0.00312145
-0.00356781 0.00066558
-0.00478391 -0.00195890
-0.01606709 -0.00182189
0.01117952 0.00489102
0.00259419 0.00565974
0.00318829 -0.01450416
-0.00370835 0.00264784
-0.00326438 -0.00944428
0.00839579 -0.01236122
-0.00714343 0.00530824
-0.01122962 0.00231072
0.00419208 -0.00464458
0.00435589 0.00410095
0.00235169 -0.00812442
-0.00576839 -0.00273490
-0.00453295 0.01288264
-0.00130225 -0.00041049
0.01968549 0.01714258
0.00793584 0.01196737
0.01166929 0.00324561
0.01864491 0.00437250
-0.00884196 0.00983803
0.00333146 -0.00737624
-0.00648290 0.00517644
-0.00056864 -0.00172543
-0.02039191 -0.00490801
-0.00751042 -0.00083709
0.00551012 -0.00388061
-0.00818682 -0.00418986
-0.00772768 -0.00774190
0.00247784 0.00769127
0.01810035 0.00009037
-0.01472889 0.00696639
-0.00327147 -0.01017182
0.00307352 0.00780213
0.01358838 0.02056643
-0.01140921 -0.00186959
0.01028826 -0.00093970
0.00014530 -0.02013589
0.00290586 -0.01879032
-0.01165390 -0.00280611
0.00404699 -0.00420906
0.01292457 -0.00718308
-0.00456692 0.00599381
-0.00580120 -0.00156733
-0.00699546 -0.00450881
0.00029195 -0.00242936
-0.00267888 -0.01751520
0.02376698 -0.01106046
-0.01029244 0.01456832
-0.00330962 -0.00007819
0.00436240 -0.00134545
-0.00548394 0.00680874
-0.00623341 -0.00355094
0.00611461 0.00223825
-0.00793646 0.01277364
-0.00631709 0.01284889
0.00187702 0.00065417
-0.00645276 -0.00825854
-0.00151377 -0.00382635
-0.01539593 0.00757201
-0.00675739 0.00033183
0.01476307 0.00050794
-0.00892854 0.00606388
-0.00266850 -0.00581963
-0.00890268 -0.01125461
0.01222206 0.00445062
-0.00667673 0.00697867
-0.00265920 -0.01158992
0.00982011 0.00142006
-0.00999136 0.00688830
0.00255930 -0.00440248
-0.00379715 -0.01082545
-0.00453003 -0.00280365
-0.01279465 -0.00665537
-0.00548313 -0.01642342
-0.01233622 0.00400712
0.00651379 -0.00523245
-0.00004627 -0.00677368
0.00838063 -0.00491192
-0.00334692 0.00591387
-0.00441739 -0.01080023
0.01079218 -0.00660112
-0.00617033 -0.00001531
0.01192534 0.00427183
-0.01046302 0.00577792
-0.01488826 0.01213520
-0.00907032 0.01094795
0.00187852 -0.00902939
-0.00974215 -0.00096261
0.00076638 0.01290298
-0.00326361 0.00118243
-0.00838836 0.00498875
0.00711221 0.00815617
0.00263457 0.00493987
0.01157316 -0.00372880
-0.00306998 0.00069614
-0.01248249 0.00805959
0.00264440 -0.00098761
0.00729540 0.01580930
-0.01641281 0.01180727
-0.01063749 -0.00482937
0.00513691 -0.00966314
-0.00599610 0.00431194
0.00290880 0.02190850
-0.00441378 -0.00799526
0.01543416 -0.01371331
-0.00668900 -0.00070381
0.00157237 0.00365992
-0.00410048 0.00172771
-0.00444857 0.00074706
-0.00518369 0.00272747
0.00331827 -0.01053232
0.00325553 0.00217735
0.00531465 -0.00551413
-0.00061123 -0.00039676
-0.00093892 -0.00570324
-0.00243169 0.00748487
-0.01753484 0.00468373
0.01603959 -0.01184214
0.01418261 0.00103533
-0.01158457 0.01423577
-0.00553220 -0.00432323
-0.00089099 -0.00858026
-0.00719789 -0.02197009
0.00039778 0.00870805
-0.01294074 -0.00739206
-0.01489909 0.00022681
0.01009612 -0.00447253
0.01153971 0.00992353
-0.00220590 0.01174107
-0.00440565 0.00027642
-0.00009097 -0.00863281
0.01664260 -0.01046926
0.01427536 -0.00583307
0.00826321 0.00636021
-0.00260859 0.00323520
-0.01314201 -0.00156529
-0.00779964 0.00016261
-0.00545833 -0.00249951
0.00768840 -0.00080988
-0.01071783 0.00378121
0.00306471 -0.00312394
-0.01121432 -0.00558330
-0.00019506 0.00011931
-0.00009021 0.00238442
-0.00302761 -0.01026269
0.00074542 -0.00581024
-0.00507042 -0.00201694
0.00982657 -0.00518212
-0.00690755 0.00777737
0.00395076 -0.00551021
0.00819791 0.00815361
0.00216615 -0.00561548
-0.00025517 -0.00406160
-0.00417562 -0.00481904
-0.00868937 -0.00777557
-0.00744313 0.00885856
-0.00685656 0.00129025
0.00910509 -0.00212335
-0.00281656 0.00614342
-0.00650859 0.00989814
0.00228454 0.00028262
-0.00401322 -0.01632730
-0.00017974 0.02151748
-0.00145893 0.00802074
0.00630926 -0.01492420
-0.00952234 0.00190144
-0.01379295 0.00144551
-0.00463314 0.00715874
-0.00941753 -0.00499491
-0.00002433 -0.00948468
-0.00063423 0.00041589
0.00476190 -0.00782935
0.01290885 -0.00625501
-0.01422369 0.01059035
-0.00485619 0.00081945
-0.01662113 0.00816991
0.00436628 -0.00524537
-0.01016557 0.00138148
-0.00893463 0.00117803
-0.00448641 -0.00015002
-0.00429602 0.00220154
-0.00544167 -0.00507536
-0.01098333 0.01868789
0.00910974 -0.01371575
0.02468044 -0.00414850
-0.01315742 0.01323159
0.00325844 -0.00107018
-0.00276112 0.00004943
-0.00238161 0.00680421
-0.01384249 -0.01918614
0.01307103 -0.00225001
0.01866838 0.00026633
-0.00355783 0.01171901
-0.00378129 0.00081506
0.00564435 -0.01809604
-0.00292018 -0.00239714
-0.01039216 0.00365694
-0.02301908 0.00988654
0.00402234 -0.00712530
0.02509223 -0.00981380
0.00638214 -0.00155576
-0.00832687 -0.00917214
0.00819206 -0.01220079
-0.01147255 0.00125903
-0.01378952 -0.01772200
-0.01386042 -0.01873042
-0.01430046 -0.00291259
-0.00712845 -0.00376897
0.00238441 0.00122960
-0.00623355 -0.00373799
-0.00913978 0.00052846
-0.00071225 -0.00249589
-0.00289756 -0.00475796
-0.00793003 -0.01018749
-0.00748656 0.00608720
-0.00650417 0.00546664
-0.02068185 0.02102213
-0.00935000 -0.00788654
-0.00403687 0.00704605
-0.01406480 -0.00372513
-0.00357999 -0.00122278
0.00145791 -0.00338964
-0.00952720 -0.00115097
0.01256729 0.00471418
-0.00084791 0.00869551
-0.00249831 -0.00277609
-0.00155328 -0.00832365
-0.00025168 0.00172647
0.00427202 0.00274006
0.00733209 0.01347759
0.00177472 -0.01081645
0.01801606 0.02211317
0.01838448 0.03122319
0.02297851 0.00779013
-0.01006200 -0.00932470
-0.04779749 0.00243103
0.01118032 -0.00039576
0.00702084 0.00910369
0.00404542 0.00261337
0.01531986 -0.00109875
0.00257523 -0.00104867
-0.00117214 -0.00830780
0.00614425 0.00705021
0.00929140 0.01665584
-0.01820556 0.00431746
-0.00163326 -0.01262136
0.00684797 -0.00747418
0.00054960 -0.00134009
0.00247675 -0.00645170
0.00649344 0.00093235
-0.00947163 0.00640244
-0.00555466 0.01089752
0.00906900 -0.00228257
-0.00461408 -0.00592622
0.00166640 -0.00722742
-0.01169365 -0.02407451
0.00581952 0.00154158
0.01918098 0.00800483
-0.00363092 -0.00264655
-0.01015085 -0.00752185
-0.01419947 -0.00655389
0.00411096 -0.00092653
-0.00395710 -0.01809602
0.00648330 0.00541019
-0.01228432 -0.00373380
-0.01596917 -0.00608652
0.00820354 0.00789416
-0.00384841 0.00881419
-0.00027929 0.00800177
-0.01390057 0.00550584
0.00274565 -0.00267873
0.01000405 -0.00260805
-0.00329678 0.00880325
-0.01735197 -0.01129824
0.00340425 0.00730266
0.00132761 0.00130459
0.00808305 0.00808900
-0.00164565 -0.00440589
-0.00175042 -0.00229646
0.00261668 0.00190969
0.01499805 -0.01720313
0.01304344 0.00559947
0.00783702 -0.00233178
0.00897838 -0.01352483
0.02560994 0.00208257
-0.00240972 -0.00114051
-0.00376358 0.00137853
-0.01100693 -0.00673622
-0.00484632 0.00347333
-0.00471874 -0.00561220
0.00389041 0.00328514
-0.00259907 -0.01574900
-0.00822158 0.00858986
0.00525512 0.00891852
-0.01054500 0.00200686
-0.00586381 -0.00595530
-0.00501938 -0.01330263
-0.00721054 0.00093178
0.01563495 -0.00043257
0.00585343 -0.01497872
0.00317023 -0.00168984
0.01255180 -0.00062058
0.00368991 -0.00623399
-0.01076244 -0.01413919
0.00734005 -0.01092819
0.00352876 0.00320202
-0.00552530 -0.00542872
0.00479286 0.00409915
-0.00068130 0.00710930
0.00139616 -0.00785208
-0.01004658 0.00654966
0.00628459 0.01159740
-0.00623937 -0.00080654
0.00270872 0.00707755
0.00211212 0.00637094
-0.01058426 0.01187735
0.00775599 0.00682786
-0.01565876 -0.01882712
-0.00472886 -0.01199460
-0.00369991 -0.00570758
-0.00874240 0.00257962
0.00165915 -0.00189771
-0.00570470 -0.00191580
-0.00131186 -0.00736061
-0.00696046 -0.00871292
0.00463737 -0.00145468
0.00265849 -0.00247139
-0.00853686 -0.00107073
0.00030194 -0.00131492
0.01539802 -0.00704328
-0.00149654 0.00732881
0.00697386 0.00019384
-0.01345310 0.00960655
0.00021328 -0.00237286
-0.00140701 -0.01855965
-0.00372236 -0.02202536
-0.01036391 0.00623380
0.00928617 0.00860054
0.00087601 -0.01462734
-0.01156785 -0.00228918
0.00345236 0.00115254
-0.00251763 0.01550820
-0.00716299 -0.01149563
0.00770469 0.00109786
0.00755759 -0.01433009
0.00226887 -0.01236968
-0.00681008 -0.00919788
0.00710227 0.00115263
0.00173694 -0.00163529
0.00443960 0.00817626
-0.00287847 0.00004944
-0.01251862 -0.00022909
-0.00469851 -0.01209927
-0.00467370 -0.01101370
0.00950193 0.00542675
0.01005911 -0.00171734
0.01246350 -0.01971492
-0.00827779 -0.02160577
0.00323228 0.00698465
0.00258977 0.00061642
-0.00063702 -0.02054225
0.00319952 -0.00161016
-0.00187948 0.00005420
-0.00187290 0.00305643
0.00492001 0.00023312
0.01182182 0.00016648
0.00226958 -0.01437499
-0.00938285 0.01457006
-0.00018490 -0.00043177
-0.00414426 0.00503914
0.00240033 -0.00007579
0.00749692 -0.01143326
-0.00809377 -0.00981881
-0.00359226 0.00366919
-0.00385854 0.00581702
-0.00014400 0.00350213
0.00803014 0.00660900
0.00162028 0.01105019
0.00072209 0.00072757
-0.00307168 0.00432185
0.00815141 0.01521186
0.00484372 0.01138222
-0.00702003 0.00342072
0.02128327 -0.01308912
0.00607541 -0.01637641
-0.00322234 -0.00390487
0.00165187 0.00203909
0.00721761 -0.01536075
0.01724122 -0.00623501
-0.01114954 -0.01628453
-0.00047677 -0.00188929
0.01096371 0.01198961
-0.01438750 0.00072618
0.00308084 -0.00408591
0.02088793 0.01842435
0.00474268 0.01078278
0.00829450 -0.01927941
-0.00277591 -0.00083565
0.00526103 0.00062608
-0.01760531 -0.00571268
0.00550253 -0.00273499
0.01647383 0.00852258
-0.00769595 -0.00062013
0.01219467 -0.00062377
0.00636264 -0.01079127
0.00010001 0.02337560
0.01195076 0.00323434
-0.00641214 -0.00885037
-0.00046332 0.00248665
-0.01108369 0.01131708
-0.01333333 0.00040153
-0.01858177 -0.01428382
0.01833722 -0.00519312
0.00970470 0.00365046
0.00477266 0.00630116
0.00496238 -0.00201022
-0.01652009 -0.00270449
-0.01138022 -0.01025301
-0.00291100 0.00693046
-0.00083681 0.00453516
-0.00149949 -0.00059177
-0.00785667 -0.00760454
-0.00950166 -0.00577864
0.00886651 0.00244431
-0.01495212 -0.00208349
-0.00520141 -0.00367281
-0.00002436 -0.00452700
0.00091172 -0.00931493
-0.00616723 0.00788140
0.00675547 -0.00596572
-0.01551409 -0.00489614
-0.00703561 0.00609824
-0.01528455 0.00506886
0.01268217 0.00957032
-0.02216082 -0.00740047
-0.00383923 -0.00915670
-0.00576165 -0.00024258
0.00774226 0.00296308
-0.00114837 -0.00459289
-0.00105231 0.00918002
-0.01241852 -0.01493213
-0.01119510 -0.02371321
0.00527908 0.01689908
-0.01271211 0.00150735
-0.00208940 0.00203535
-0.01421927 0.00674904
-0.02245894 -0.01750960
0.02480941 -0.01986659
0.00996843 0.00935106
0.00617160 0.01203893
-0.00326641 0.01788531
0.00866098 0.00279943
-0.00579471 0.00316743
-0.01469177 -0.00723168
-0.01774870 -0.02726725
-0.00571674 -0.01708246
0.02134789 0.00061818
-0.00288256 0.00510421
-0.01717366 -0.00765501
-0.01290560 -0.00749885
-0.01383146 0.00326434
-0.00352106 -0.01741319
-0.00856368 -0.00817702
0.01371257 -0.00807632
0.00961201 0.01996374
0.00134294 -0.01435891
-0.00550136 -0.00083446
0.00855621 -0.00194002
-0.01641906 0.00256521
-0.00280632 0.01393919
0.01071532 -0.01162835
0.00277727 -0.00958117
-0.01435545 -0.01459047
-0.00994090 -0.01029819
-0.00379433 0.00987581
-0.00319279 0.00179323
-0.00120688 -0.00592163
-0.00680263 -0.00532669
0.01078887 -0.02168383
0.00326675 -0.00143419
-0.01408665 0.00036937
0.00127401 0.02304396
0.00060781 0.00532126
0.00068691 -0.00497104
-0.00962914 0.01913607
-0.03926898 0.02560828
0.00055779 0.00415405
0.01413526 -0.00875355
0.00343768 -0.00189890
0.00204450 -0.00173915
-0.00979588 0.01995508
-0.01432316 -0.00990386
-0.01088470 0.00462310
0.00085474 0.02234203
0.00484464 -0.01582015
-0.00792943 -0.00968266
-0.01023924 0.01381739
-0.01365595 0.00136019
0.00243761 0.00973044
-0.00531446 -0.01178294
0.00038992 0.00543218
-0.00542405 0.00116558
-0.00569873 -0.00400055
-0.00094200 0.00164783
0.00268315 0.00340482
-0.00679886 -0.01901389
0.00242469 0.01526785
0.00235773 -0.01515072
0.01194461 -0.00592317
0.00225512 -0.00827211
-0.03326293 0.00009496
0.00946733 -0.01803509
0.01310215 -0.00243145
0.00349719 -0.00176308
-0.00183350 0.00479638
-0.00656434 0.00359652
0.00502116 0.01179079
-0.00705259 0.00238804
-0.00925855 0.00423819
-0.00196915 0.00610607
-0.00966945 -0.00126415
-0.00440715 0.00995661
-0.00439223 -0.01161024
0.00550703 0.00222111
0.00362356 -0.01072391
-0.01223964 0.00787042
-0.01869793 -0.00281964
-0.00399142 0.00024195
0.00336143 -0.00082759
-0.00057582 0.00206002
-0.01012917 -0.00321149
-0.01209072 0.00441924
0.02337324 -0.01212578
0.01357601 -0.00572173
0.00019973 -0.01172188
0.00755037 -0.00743241
0.00057380 0.00321067
-0.00822493 0.00053176
0.00015772 0.00943650
-0.00579339 -0.00387951
0.00236576 -0.00280163
-0.01305626 -0.00152915
-0.00341264 -0.00024078
-0.00922675 0.00703070
-0.01051505 -0.00021743
0.00442696 0.01083962
0.01633583 -0.00119059
-0.02047620 0.02317320
-0.01472863 -0.00042178
-0.00574974 -0.01678360
0.01575452 0.00586205
-0.00452464 -0.00763756
-0.01052625 -0.00781437
-0.00994875 -0.01948633
-0.00618384 -0.02636783
-0.00184574 -0.00083079
-0.01351268 -0.00325975
0.01048259 0.01271296
-0.00475125 -0.02192436
0.00096949 -0.00924790
0.02030514 -0.00204726
-0.01180153 -0.00673526
0.00879631 -0.00345418
0.00073002 -0.00326536
-0.01121595 -0.01104795
-0.01081892 0.00918022
-0.00713271 -0.01201775
-0.01174153 0.00959960
0.01661155 0.00906777
-0.01718651 0.00441667
-0.00271626 -0.00211983
-0.00833853 -0.01978487
0.00505719 -0.00618855
-0.00840192 0.00176140
-0.01218875 -0.00762091
-0.00716773 -0.00252846
-0.00240691 -0.01439305
0.00720176 -0.00142985
-0.00910867 0.00935318
-0.01017328 -0.00508536
-0.00835769 -0.00302043
0.00147505 -0.02672963
0.00503949 0.00504227
-0.00046014 -0.00044635
-0.00232563 -0.01604567
-0.00844197 0.00191233
-0.00023175 -0.01134136
-0.00013058 -0.00373462
-0.00593109 -0.00224289
0.00872180 0.00718602
0.00038960 0.00165490
0.00501849 -0.00202929
-0.00724040 -0.00658249
-0.01449795 0.00651425
-0.00814526 -0.00423906
0.01270908 -0.00722325
-0.01247927 0.00812457
0.00145857 0.00870368
-0.01015233 -0.00503777
0.00674310 -0.00712665
-0.00715180 0.00610011
-0.00026035 -0.01204401
0.00855215 -0.00411992
0.02919517 -0.01302581
-0.01335758 0.01244070
-0.00802892 -0.00509147
0.00705764 -0.01736863
-0.00103172 0.00606222
-0.01265205 -0.00727168
-0.00770219 -0.00145354
-0.00158705 0.00634145
-0.01141121 0.00968255
-0.00455020 0.00706093
-0.01243703 0.00168949
0.01962597 -0.00556616
-0.00151683 -0.01172445
0.00145821 -0.00706711
0.00344388 0.01347218
0.00536076 -0.00442913
0.00711180 -0.00798225
-0.00196032 -0.01684632
0.00597193 -0.00037642
0.00590818 -0.00136467
0.00014478 -0.01796701
-0.00208763 -0.00153384
0.00999936 0.00398686
-0.01397678 0.01743883
0.00744210 -0.00127885
0.01900189 0.00814710
0.00006209 -0.01213123
0.01754165 -0.01211643
-0.01441919 0.00358150
0.00563065 0.01452583
-0.00547528 -0.00174584
0.00218354 -0.00067057
-0.00160856 -0.00374067
-0.00198820 -0.00241687
0.00838554 0.00064012
0.00168849 0.00322700
-0.00356408 0.00114790
0.00817490 -0.00804537
0.00510427 0.01746167
0.00245119 0.00381431
0.00130723 -0.01205980
0.00294564 0.00430334
0.01401600 -0.00598317
0.01326205 0.00091300
0.00287773 0.00135879
0.00317694 0.00443850
0.00563955 -0.00079098
0.00581418 0.00509558
0.00963115 0.00653950
0.00310864 -0.01254445
0.00378196 -0.00756724
0.00245924 -0.00509325
0.00611701 0.01352082
-0.00655401 -0.00749763
0.00415531 0.00632859
-0.01300803 -0.00469897
0.00845771 0.00064204
0.00832541 -0.00031427
-0.00929527 0.00301367
-0.00478199 -0.00754465
0.00684060 -0.00224221
0.00025248 0.00088695
-0.00345428 -0.01030991
0.00163690 0.00337109
-0.00775819 -0.00298234
0.00976026 -0.00304245
0.00135362 0.01105195
0.00217080 -0.01063310
-0.00161993 -0.00922028
-0.01111518 0.00548636
0.00526845 -0.00489702
0.00284995 0.00910059
0.01179289 0.00161587
-0.00728466 0.00014499
-0.00678134 -0.00596271
0.00350270 -0.00164379
-0.00927551 -0.00027027
0.00572523 -0.00256753
-0.00584323 0.00453996
0.01296711 0.00086099
0.00069725 0.00249806
-0.01129856 -0.00242968
-0.00512058 0.00028693
-0.00360936 -0.00319041
-0.00648448 0.00153928
0.00283317 -0.00385694
-0.00233632 0.00580769
-0.00028115 -0.00590744
-0.00905209 0.00140502
-0.00774374 0.01620057
-0.00057631 0.00813877
0.00163531 -0.00973304
-0.00653713 0.00174374
0.00029635 -0.00045987
0.00498160 0.02370203
-0.00111276 -0.00391527
0.01490736 -0.00123545
0.00007138 0.00372967
0.00594621 0.00296461
0.00079241 -0.00641553
-0.00432205 -0.01810179
0.00553349 -0.01648455
0.00799193 0.00145460
0.01049015 0.00992541
-0.00141262 0.00298967
-0.00766055 0.01151476
0.00265004 0.00365017
0.00279876 0.01231974
-0.00017526 0.00522177
-0.00000547 0.01644630
0.00062954 -0.00368789
-0.00153720 -0.00300372
-0.00812574 0.00149004
0.01491699 -0.00436932
0.00198614 -0.00228234
0.00125221 0.00654375
-0.00505561 -0.00359665
0.00284211 0.00161905
-0.00635201 -0.00104881
0.00073246 -0.00437184
-0.00655883 0.00694868
0.01084782 0.01201967
0.00181701 0.00100037
-0.00394222 0.00823620
-0.00759471 0.00788429
0.01836758 -0.00029518
0.00798720 -0.00367607
-0.00530960 -0.00303146
-0.00593017 -0.00001339
0.01034617 0.00269612
-0.00030487 -0.00216182
0.00718450 0.00004420
0.00826642 -0.00296962
-0.00334391 -0.00228179
0.01390060 0.00634617
0.01433420 0.01035286
0.00002679 0.00010018
0.00325653 -0.00305284
-0.00264094 0.00398140
0.00366033 -0.00552277
-0.00020730 -0.00288022
0.01105538 0.00330944
0.01229162 0.00220193
-0.00141607 -0.00401357
0.00860001 0.00113867
-0.00685516 -0.00741779
-0.02194256 -0.00695274
-0.00283044 0.01149887
-0.00689965 -0.00657715
-0.00205083 0.00119583
0.01123662 -0.00235457
0.00659234 0.00330073
0.00306132 -0.01327279
-0.00377591 0.00431367
0.00095642 -0.00344586
0.00345408 0.00204103
0.00492990 0.00310356
0.00251511 0.00532723
-0.00150196 0.00510759
0.00601336 -0.01104103
-0.00305942 0.00322083
-0.00366877 0.01437674
0.00201822 -0.00269852
-0.00190741 -0.00099521
0.00159939 0.00677105
-0.00477084 0.00172560
-0.00984895 -0.00617388
0.00233664 -0.00434171
0.01541076 -0.00827150
0.00371115 0.00198977
-0.00545570 -0.00175943
0.01277687 0.00147171
0.00797687 -0.00320829
-0.01418977 0.00034823
0.00650128 0.00153999
-0.00988332 0.00747702
-0.01090542 0.00002215
0.00921915 0.00432791
-0.01040429 0.01121470
0.00600864 0.00507423
-0.01622252 -0.00193494
-0.00866151 0.00013983
-0.00392791 0.00898124
-0.00034234 -0.00598396
-0.00307005 -0.00765395
-0.00031705 -0.00023116
0.00136080 0.01099497
0.01378047 0.00779598
-0.00215410 0.00177207
0.00035320 -0.00271888
0.00171753 -0.00249538
0.00148595 -0.01231398
-0.00037964 0.01072965
-0.00250047 -0.00746635
0.00176539 -0.00606211
0.00359587 -0.00072410
-0.00005516 0.00784877
0.00686054 -0.01196885
0.00624249 0.00728251
0.00066650 -0.00471366
-0.00582061 -0.00502443
0.00306692 -0.00372865
-0.00805834 0.01016521
0.00773065 0.00435383
0.01272595 -0.00107647
-0.00006469 -0.00402713
0.00062776 0.00387370
0.00028945 -0.01087716
-0.00202097 -0.00509595
0.00388738 -0.00438915
0.00831911 -0.00069829
-0.00120776 0.00436207
0.00183780 0.00134062
-0.00200496 0.01009708
-0.00876690 0.00715913
0.00920989 -0.00317467
-0.00293237 0.00046548
0.01348551 -0.00086045
0.00196276 0.00284713
0.00883542 -0.01034645
-0.00597722 0.00219235
-0.00257110 0.00356952
-0.00539058 -0.00696881
-0.00053816 0.00707099
0.00558910 -0.00554171
-0.00119208 0.00180428
0.00808971 0.01386187
-0.00590140 0.01462583
0.00192500 0.00091977
0.00018908 -0.00248893
0.00987933 -0.00237268
0.00371315 0.01072733
0.00148904 0.01314016
0.00597789 -0.00094286
-0.00323666 -0.00209304
0.00066180 -0.00342835
0.00485087 0.00290566
0.00746023 -0.00478254
0.00307105 0.00296816
-0.00333524 0.00413276
-0.00627983 -0.00815118
0.00584747 0.00441316
0.00567397 -0.00284912
0.01424791 -0.00045681
-0.00144731 0.00066487
-0.00280991 0.00687926
0.00213788 0.00470611
0.00290117 0.00711072
-0.00757818 0.00803726
