-0.00929952 -0.01366028
-0.00285290 -0.00930081
-0.01226927 0.00328718
-0.00076552 0.00069467
0.00618502 -0.00000000
-0.00000000 -0.00000000
-0.00000000 -0.00000000
-0.00000000 0.00000000
-0.00000000 -0.00000000
-0.00491676 -0.00922886
0.00181437 0.00652263
-0.02075309 -0.01013009
0.00043717 -0.00110072
-0.01390954 0.00399526
0.00183006 0.00439124
0.01153917 -0.00712421
-0.01292871 0.00740784
-0.00648913 -0.00832468
-0.00713027 -0.01480146
0.00131948 -0.00053499
-0.01316769 -0.00936463
0.00412210 -0.00663871
-0.00758942 0.00176987
-0.01320269 -0.00019518
0.00106913 0.00111270
-0.00516133 0.00189077
0.00082726 0.01374102
-0.00000000 0.00000000
0.00000000 -0.00000000
0.00000000 -0.00000000
0.00000000 -0.00000000
0.00000000 0.00000000
0.00000000 0.00000000
0.00000000 -0.00000000
-0.00000000 0.00000000
0.00000000 -0.00000000
-0.00000000 -0.00000000
0.00000000 -0.00000000
-0.00000000 -0.00000000
-0.00000000 -0.00000000
0.00000000 -0.00132624
-0.00784810 -0.00305091
-0.00695117 -0.02009609
-0.00425576 -0.00537418
-0.00947530 -0.00444821
-0.00148191 -0.01433099
-0.00705301 -0.00366527
-0.01241726 0.00084415
-0.00222838 -0.00386709
0.00775708 -0.00000000
0.00000000 -0.00000000
0.00000000 0.00000000
0.00000000 -0.00000000
-0.00000000 -0.00000000
-0.01018579 -0.01385832
0.00280037 0.00644533
-0.01339433 -0.00646318
0.00434128 0.00518818
0.00375106 -0.00000000
-0.00000000 0.00000000
-0.00000000 0.00000000
0.00000000 0.00000000
0.00000000 0.00000000
0.00111618 -0.00274666
0.00066425 0.01201945
0.00965129 0.00238024
-0.00577359 -0.00449626
0.00365631 -0.01399789
-0.01416150 -0.00194337
-0.00766347 -0.01513959
-0.01298285 -0.00060317
-0.00786630 -0.00309315
0.00000003 -0.00000012
0.00000007 0.00000015
-0.00000015 -0.00000007
0.00000001 -0.00000016
-0.00000004 -0.00717916
-0.00969799 0.00057797
-0.01370049 -0.00513434
-0.00880063 -0.00389137
0.00385509 0.00152743
0.00000000 0.00000000
0.00000000 -0.00000000
-0.00000000 0.00000000
-0.00000000 -0.00000000
0.00000000 -0.01933513
-0.00744862 -0.00373845
-0.00378867 -0.00394397
0.00352880 -0.00148050
0.01871674 0.00425907
-0.01475490 -0.02271832
-0.00872030 -0.00980709
-0.01939296 -0.01125644
0.00338788 -0.00594047
-0.00068859 -0.00000000
-0.00000000 0.00000000
-0.00000000 0.00000000
-0.00000000 -0.00000000
0.00000000 -0.00000000
0.01041245 -0.00458994
-0.00822806 0.00213129
-0.00714595 -0.00152027
0.00391718 0.00115390
-0.00072352 0.00570108
-0.00083412 -0.00131161
0.00956551 0.00455516
-0.00434640 -0.00912322
0.00804976 -0.00428805
0.01061904 -0.00345055
0.00075146 -0.00005703
0.01152840 -0.00794312
-0.00210620 -0.00635703
0.00053635 -0.00000000
-0.00000000 -0.00000000
-0.00000000 0.00000000
-0.00000000 -0.00000000
0.00000000 -0.00000000
0.00105720 0.00121677
-0.00253154 0.00821288
0.00758308 -0.00171248
0.00008194 0.01088124
0.00664452 -0.00441538
0.00706534 -0.00187879
0.00296382 0.01025911
-0.00211981 0.00338140
-0.00086935 -0.00228737
-0.00520347 -0.00269035
-0.00258126 -0.00268287
0.00067995 -0.00137414
-0.00191540 0.00273417
0.00460712 0.00939623
0.00366000 -0.00410282
0.00010171 0.00637096
0.00016874 -0.00521352
0.00206193 0.01116713
0.00000000 -0.00000000
-0.00000000 0.00000000
-0.00000000 0.00000000
0.00000000 0.00000000
0.00000000 0.00000000
0.00000000 0.00000000
-0.00000000 0.00000000
0.00000000 0.00000000
0.00000000 0.00000000
-0.00000000 -0.00000000
-0.00000000 0.00000000
0.00000000 -0.00000000
-0.00000000 0.00000000
0.00000000 0.00266946
0.00160038 0.00202691
0.00806356 -0.00009854
-0.00095122 0.00023726
0.00444198 0.00258735
0.00442952 -0.00235572
-0.00072823 0.00066075
0.00003203 -0.00681518
-0.00361697 -0.00084782
0.00141651 0.00000000
0.00000000 -0.00000000
0.00000000 0.00000000
-0.00000000 0.00000000
-0.00000000 0.00000000
0.00557268 -0.00067674
0.00240216 0.00324710
0.00687065 -0.00286105
-0.00384719 0.01170466
0.00633334 0.00000000
-0.00000000 -0.00000000
0.00000000 0.00000000
-0.00000000 -0.00000000
0.00000000 0.00000000
-0.01224132 -0.00653318
0.00252708 -0.00085684
0.00784114 0.00197170
0.00126688 0.00196612
-0.00120957 -0.00200793
-0.00280309 -0.00801654
-0.00468384 -0.00091855
-0.00148606 -0.00861786
0.00422604 0.00631307
-0.00000012 -0.00000007
-0.00000004 0.00000015
0.00000006 -0.00000008
-0.00000001 0.00000008
0.00000011 0.01129149
0.00526214 -0.00015289
-0.00200750 0.00583392
0.00489562 -0.00723861
0.00510585 0.00769876
-0.00000000 -0.00000000
0.00000000 -0.00000000
-0.00000000 -0.00000000
-0.00000000 -0.00000000
0.00000000 -0.00252297
-0.00117863 0.00175699
0.01392430 0.00865448
-0.00195881 -0.00049572
0.01096171 0.00448175
0.00018022 -0.00686281
-0.00771415 -0.00514672
-0.00201144 -0.00656187
-0.01471023 -0.00702769
-0.00060421 -0.00000000
-0.00000000 -0.00000000
0.00000000 0.00000000
-0.00000000 -0.00000000
0.00000000 0.00000000
-0.00144126 0.00594636
-0.00300373 -0.00906627
-0.00352223 -0.00272128
-0.00172436 -0.00549893
-0.00110291 0.00849819
0.00143157 -0.00166017
0.00432610 0.00532429
0.00753994 -0.00435291
0.00902885 0.00721974
-0.00376286 -0.01368160
-0.00574807 0.00135769
-0.00691194 0.00292906
0.00227729 -0.00494902
-0.00271657 -0.00000000
-0.00000000 0.00000000
-0.00000000 -0.00000000
0.00000000 0.00000000
-0.00000000 -0.00000000
-0.00397651 -0.01453999
-0.00151264 0.00813573
-0.01026530 -0.01854284
0.00028832 -0.01230428
-0.02060063 0.00028306
-0.01065946 0.00232048
-0.00451631 0.00182825
-0.01451577 -0.00209359
-0.00488996 -0.02043850
-0.00206762 -0.00984098
-0.00371411 0.00704648
-0.00829528 -0.01329761
-0.00396121 -0.01029989
-0.01396833 0.01180808
-0.00906864 -0.01231139
0.00256422 -0.00837438
-0.00955544 0.00376783
-0.00032337 0.00212301
0.00000000 0.00000000
-0.00000000 -0.00000000
0.00000000 0.00000000
-0.00000000 -0.00000000
-0.00000000 -0.00000000
0.00000000 0.00000000
-0.00000000 -0.00000000
-0.00000000 0.00000000
-0.00000000 -0.00000000
0.00000000 -0.00000000
0.00000000 -0.00000000
-0.00000000 -0.00000000
-0.00000000 -0.00000000
-0.00000000 -0.00025241
-0.00857673 0.00059770
0.00357893 -0.00833175
-0.01199138 -0.00300056
-0.01224322 -0.01088425
0.00105332 -0.00819383
-0.00642167 0.00440628
-0.01399269 -0.00595069
-0.00427845 -0.00777547
-0.00154913 -0.00000000
-0.00000000 -0.00000000
-0.00000000 0.00000000
0.00000000 -0.00000000
-0.00000000 0.00000000
-0.00292720 -0.01571564
-0.00876545 0.00155110
-0.01465976 -0.00997034
0.00115063 0.00199287
-0.00712762 -0.00000000
-0.00000000 0.00000000
-0.00000000 -0.00000000
-0.00000000 0.00000000
0.00000000 -0.00000000
-0.00897291 -0.01429374
0.00492443 -0.00126096
-0.00059818 0.00080786
0.00545278 -0.00172115
0.00265593 -0.00515259
-0.01468577 0.00018924
-0.00587842 -0.01437110
-0.00840005 -0.00251707
-0.00285040 -0.00516427
-0.00000001 -0.00000003
-0.00000008 0.00000001
-0.00000007 -0.00000009
0.00000018 -0.00000019
-0.00000019 0.00194795
-0.00723473 -0.00343470
-0.00215696 -0.00804297
0.00208548 -0.00232626
-0.00680052 0.00314129
0.00000000 0.00000000
0.00000000 -0.00000000
-0.00000000 0.00000000
-0.00000000 -0.00000000
0.00000000 -0.01240468
-0.01730051 0.00616359
0.00350002 -0.00701979
-0.00929907 -0.00157375
-0.00716750 0.00679556
0.00074685 -0.01175363
-0.00980119 0.00047592
-0.01024656 -0.01023537
-0.00522757 -0.00478070
-0.00331184 -0.00000000
-0.00000000 -0.00000000
0.00000000 -0.00000000
-0.00000000 -0.00000000
0.00000000 -0.00000000
0.00061780 0.00053506
-0.00369056 0.00199594
-0.00874600 -0.00294744
-0.00045228 -0.00372615
-0.00450934 0.00504925
-0.01038498 -0.00707821
0.00035079 0.00194421
-0.00341688 0.00606400
0.00674568 -0.00353057
-0.00109386 -0.00253569
0.00087346 -0.00458548
-0.01669957 -0.00439509
-0.00023581 -0.00238767
0.01137983 -0.00000000
-0.00000000 -0.00000000
-0.00000000 -0.00000000
-0.00000000 0.00000000
0.00000000 -0.00000000
0.00062615 -0.00196661
-0.00485235 -0.00866253
0.00620335 0.00379428
-0.00099489 -0.01448734
-0.00416168 0.00276068
0.00223568 -0.00017450
-0.00207749 0.00718493
0.00023719 -0.00459619
0.00715507 -0.01914927
-0.00580519 -0.00693619
-0.00150763 -0.00885141
-0.01576097 -0.00494362
-0.00713147 -0.00582143
-0.00099827 -0.01065015
0.00184053 0.00344850
0.00032271 -0.00786023
0.00082976 -0.00452459
-0.00299229 -0.00784815
-0.00000000 0.00000000
0.00000000 -0.00000000
-0.00000000 -0.00000000
-0.00000000 -0.00000000
0.00000000 -0.00000000
0.00000000 0.00000000
-0.00000000 0.00000000
0.00000000 0.00000000
0.00000000 -0.00000000
-0.00000000 0.00000000
-0.00000000 -0.00000000
-0.00000000 -0.00000000
0.00000000 -0.00000000
-0.00000000 -0.00221958
-0.00263578 -0.00332310
-0.00160414 -0.00049295
0.00366282 0.00213345
-0.01511680 0.00593977
0.00006765 -0.00002065
-0.00383911 0.00147609
-0.01000101 0.00017706
0.00279588 -0.00383697
-0.00522962 -0.00000000
-0.00000000 0.00000000
-0.00000000 -0.00000000
0.00000000 0.00000000
0.00000000 0.00000000
-0.00140829 -0.00097248
-0.00012300 -0.00629583
-0.00307533 0.00804188
0.00136485 -0.02293813
0.00515112 -0.00000000
0.00000000 0.00000000
-0.00000000 -0.00000000
0.00000000 -0.00000000
-0.00000000 0.00000000
-0.00496096 -0.00645277
-0.00064136 -0.00115716
-0.01975505 0.00564366
-0.00462416 0.01103145
0.01447795 -0.01392342
-0.01217602 -0.00696008
-0.01363054 -0.01194121
-0.00086658 -0.01018370
-0.01174989 -0.00193533
0.00000001 0.00000003
0.00000004 -0.00000001
0.00000000 -0.00000003
0.00000000 -0.00000003
-0.00000006 -0.01920741
-0.00510052 0.00937265
-0.00608987 -0.01106684
-0.00278644 -0.00954083
-0.01128618 0.00761147
-0.00000000 -0.00000000
0.00000000 -0.00000000
0.00000000 0.00000000
-0.00000000 -0.00000000
0.00000000 -0.00304593
0.00387960 0.00618007
-0.02371546 -0.01121242
0.02337313 0.00079741
0.00040464 0.00897310
-0.00716841 -0.00926114
-0.00463793 -0.00987589
-0.01852771 -0.00819524
-0.00969931 -0.01389248
-0.00549226 -0.00000000
-0.00000000 0.00000000
-0.00000000 -0.00000000
-0.00000000 0.00000000
-0.00000000 0.00000000
0.00450413 0.00073355
-0.01037836 0.00290753
-0.00585920 -0.00240071
0.00567528 -0.00024224
-0.01568915 -0.02337585
0.00456269 0.01015725
0.00267121 0.00340552
0.01316515 -0.00117258
0.00561917 0.01040929
-0.00466170 -0.00147983
0.00422228 -0.00349510
-0.00510983 0.00146128
-0.00573705 -0.00082235
0.00220144 0.00000000
0.00000000 0.00000000
-0.00000000 0.00000000
-0.00000000 -0.00000000
-0.00000000 -0.00000000
0.00518419 0.00536454
-0.00705882 -0.00939750
-0.00670732 0.00188547
0.00157693 -0.01447940
-0.00930188 -0.00216165
0.00752075 0.00238064
0.00901614 -0.00333192
0.00062435 0.00548746
-0.01789555 -0.01055223
-0.00677573 -0.00312983
-0.00802792 -0.00879574
-0.01078471 -0.00478993
-0.00259852 -0.00924199
-0.00602024 -0.00244480
-0.00211814 0.00263772
-0.00393591 -0.01411390
-0.00121475 0.00143074
0.00184058 -0.00557352
0.00000000 0.00000000
0.00000000 0.00000000
-0.00000000 0.00000000
0.00000000 0.00000000
-0.00000000 -0.00000000
0.00000000 -0.00000000
0.00000000 -0.00000000
0.00000000 0.00000000
-0.00000000 -0.00000000
0.00000000 0.00000000
0.00000000 -0.00000000
-0.00000000 0.00000000
0.00000000 -0.00000000
-0.00000000 0.00942727
-0.00288353 -0.00423340
-0.00409301 -0.00532473
-0.00087013 -0.00303362
-0.00688712 -0.00510806
-0.00218595 -0.00448553
0.00045798 -0.00719070
-0.01173240 -0.00016325
-0.00378738 -0.00112248
-0.00232125 -0.00000000
-0.00000000 -0.00000000
-0.00000000 -0.00000000
-0.00000000 -0.00000000
-0.00000000 -0.00000000
0.00528925 -0.00060422
0.00073986 -0.01546704
-0.00481552 0.00696942
0.00311678 -0.00180854
-0.00599231 0.00000000
0.00000000 0.00000000
-0.00000000 0.00000000
0.00000000 -0.00000000
-0.00000000 -0.00000000
-0.00700957 0.01068948
-0.00125918 0.00842222
0.00085783 -0.00106156
0.01337173 -0.00592916
-0.00429117 -0.00792801
-0.01124534 -0.00430741
-0.00937703 -0.01549791
-0.00820200 -0.00104077
-0.01233476 -0.01125510
0.00000012 0.00000014
-0.00000002 -0.00000006
0.00000000 -0.00000002
-0.00000001 -0.00000026
-0.00000004 -0.00198182
-0.00364201 -0.00173404
-0.00453244 -0.00866540
-0.00767645 -0.00101409
-0.00705591 -0.00752352
-0.00000000 -0.00000000
-0.00000000 -0.00000000
-0.00000000 -0.00000000
-0.00000000 -0.00000000
-0.00000000 -0.00124682
0.00096102 -0.00001401
-0.00395593 -0.00669051
0.00680317 0.00930734
-0.00196014 0.00375593
-0.00950295 -0.01111586
-0.01089845 -0.00832756
-0.01493270 -0.00675172
-0.00202180 -0.00678596
-0.00457493 -0.00000000
0.00000000 -0.00000000
-0.00000000 -0.00000000
0.00000000 -0.00000000
0.00000000 -0.00000000
0.00270185 -0.00387607
0.00046069 -0.00644291
-0.00748865 0.00092143
0.00044289 -0.00247704
-0.00172421 0.00462443
0.00310056 -0.00124287
0.00738342 0.00671696
0.00723480 0.00899695
0.00221289 -0.00426041
-0.00478798 -0.01366335
-0.00792322 -0.00523322
-0.00009216 0.00112095
-0.00575290 0.00393192
0.00556961 0.00000000
-0.00000000 -0.00000000
0.00000000 -0.00000000
0.00000000 0.00000000
0.00000000 -0.00000000
-0.00271342 -0.00022275
0.00291139 0.00574093
-0.01688687 -0.01248771
0.00047651 -0.00222402
-0.01322793 -0.00065769
0.00602382 0.01007705
0.00297649 -0.00331346
-0.00986814 0.00609793
-0.00838974 -0.01501001
-0.00495135 -0.00696671
-0.00107758 0.00339609
-0.00873701 -0.00856582
-0.00391811 -0.00799154
-0.00579666 0.00354244
-0.00965635 0.00167970
0.00346924 -0.00259858
-0.00572102 -0.00117988
-0.00325448 0.00581279
-0.00000000 0.00000000
0.00000000 0.00000000
0.00000000 0.00000000
0.00000000 0.00000000
0.00000000 -0.00000000
-0.00000000 0.00000000
-0.00000000 -0.00000000
-0.00000000 0.00000000
-0.00000000 -0.00000000
-0.00000000 -0.00000000
0.00000000 -0.00000000
-0.00000000 -0.00000000
-0.00000000 0.00000000
-0.00000000 0.00703413
-0.00266075 -0.00247616
-0.00160131 -0.02022209
-0.00787690 -0.00427015
-0.00525046 -0.00778201
0.00315750 -0.01242086
-0.00526336 -0.00240987
-0.01100300 -0.00513777
-0.00564450 -0.00473149
0.00130511 -0.00000000
0.00000000 0.00000000
-0.00000000 0.00000000
0.00000000 -0.00000000
-0.00000000 -0.00000000
-0.00379339 -0.00880180
0.00265014 0.00445247
-0.01237520 -0.00746676
-0.00299465 0.00284912
-0.00365994 -0.00000000
-0.00000000 0.00000000
-0.00000000 -0.00000000
0.00000000 0.00000000
0.00000000 -0.00000000
-0.00194488 0.00560061
0.00463241 0.00800915
-0.00325779 -0.00031620
-0.01100570 -0.00116131
-0.00173144 -0.00905471
-0.00971280 0.00305915
-0.00779954 -0.01106775
-0.01109869 -0.00669805
-0.00515285 -0.00145470
0.00000002 -0.00000004
0.00000004 0.00000023
-0.00000004 -0.00000002
0.00000006 -0.00000017
-0.00000013 -0.00335049
-0.00511480 0.00649727
-0.00748260 -0.00366895
-0.00653247 -0.00501419
0.00043617 0.00426248
0.00000000 0.00000000
0.00000000 -0.00000000
-0.00000000 -0.00000000
-0.00000000 0.00000000
-0.00000000 -0.01552179
-0.00402329 -0.00277213
-0.00311401 -0.00606195
0.01102806 0.00175522
0.00813649 -0.00355176
-0.00884389 -0.02226218
-0.01279519 -0.00806013
-0.01494718 -0.01401704
-0.00510112 -0.00546514
0.00098395 -0.00000000
-0.00000000 0.00000000
0.00000000 -0.00000000
-0.00000000 -0.00000000
-0.00000000 -0.00000000
0.00959808 -0.00479550
-0.00523514 0.00341468
-0.00807698 -0.00020976
0.00364410 -0.00183068
-0.00224238 -0.00009008
0.00797246 -0.00028226
0.00164306 0.00654117
-0.00219086 -0.00554740
0.00368134 -0.00933266
0.00324995 -0.00647081
-0.00709620 -0.00394747
-0.01937233 -0.01420673
0.00772221 -0.00162878
-0.00593191 -0.00000000
-0.00000000 0.00000000
-0.00000000 0.00000000
-0.00000000 -0.00000000
-0.00000000 -0.00000000
-0.00469637 -0.00059774
0.00472400 0.00213086
0.00477313 -0.00452297
-0.01710706 -0.00454113
-0.02009487 0.01514180
-0.00464064 0.00123498
0.00116833 0.00468746
-0.00059824 -0.01218307
0.00678594 -0.01359772
0.00447225 0.01157220
-0.00116655 -0.01363062
-0.01235067 -0.01297783
-0.00287847 -0.00039625
-0.00417302 -0.00205576
-0.00177068 -0.00437863
-0.00765576 0.00714715
-0.01604519 -0.00677839
-0.00180499 -0.00874518
-0.00000000 0.00000000
-0.00000000 0.00000000
-0.00000000 -0.00000000
0.00000000 -0.00000000
0.00000000 -0.00000000
-0.00000000 -0.00000000
-0.00000000 0.00000000
-0.00000000 -0.00000000
0.00000000 -0.00000000
-0.00000000 -0.00000000
-0.00000000 0.00000000
-0.00000000 -0.00000000
-0.00000000 -0.00000000
-0.00000000 -0.00336836
0.00548174 0.00276327
-0.00280920 0.00222742
-0.00070194 -0.00636221
-0.00559852 -0.00723094
0.00128177 0.00338087
-0.00897695 0.00007306
0.00074623 -0.02014187
0.00164443 -0.00036866
-0.00809379 0.00000000
-0.00000000 0.00000000
0.00000000 -0.00000000
0.00000000 0.00000000
-0.00000000 0.00000000
-0.00879633 0.00393948
-0.00468856 0.00343547
-0.01213272 -0.00978005
-0.00646213 -0.01129739
-0.00968518 -0.00000000
0.00000000 -0.00000000
-0.00000000 -0.00000000
-0.00000000 0.00000000
-0.00000000 0.00000000
0.01362580 -0.01068408
0.00350836 -0.00986417
-0.03138224 0.00510395
0.00897211 0.00044864
0.00513793 -0.00409584
-0.00754828 -0.00025075
-0.00475018 -0.01589417
-0.00729273 -0.00426411
-0.02443952 -0.01670609
-0.00000009 0.00000001
0.00000007 -0.00000009
-0.00000008 -0.00000020
-0.00000009 -0.00000007
-0.00000013 -0.00299334
-0.00430516 0.00653072
0.00830849 -0.01485572
0.00206247 -0.01251563
-0.02526285 -0.01836990
0.00000000 -0.00000000
0.00000000 0.00000000
-0.00000000 0.00000000
-0.00000000 -0.00000000
0.00000000 -0.00641123
-0.01724575 -0.00490773
-0.00825695 -0.03016705
-0.00515967 0.00803229
-0.00118616 0.00163404
0.00250399 -0.00466550
0.00003380 -0.00035139
-0.01055567 -0.00385594
0.00302852 -0.00343126
-0.00675683 -0.00000000
-0.00000000 -0.00000000
-0.00000000 -0.00000000
-0.00000000 0.00000000
-0.00000000 -0.00000000
-0.00690196 -0.00484810
-0.00667688 -0.00864966
0.00523874 -0.03399226
-0.00129373 0.00424361
-0.01399880 -0.01280312
0.00136885 0.00976131
0.01510954 -0.00119432
-0.00243463 -0.00416450
-0.00058577 0.00785193
-0.00561196 -0.00683308
0.00091126 -0.01332199
-0.00744270 0.00278829
-0.01113880 0.00024563
0.00065458 0.00000000
0.00000000 0.00000000
-0.00000000 0.00000000
-0.00000000 -0.00000000
-0.00000000 -0.00000000
-0.01090535 0.01024217
-0.01023339 -0.01465363
-0.00407575 0.00473635
-0.01106978 -0.01312033
-0.00296232 -0.01050464
0.00031095 0.00155974
-0.00209263 -0.00319336
0.00305955 -0.00569655
-0.01681735 -0.00322394
-0.00466593 0.00098316
-0.01083596 -0.00873699
-0.01295439 -0.00079872
-0.00187136 -0.01056238
-0.00498493 -0.01237114
-0.00210511 -0.00172534
-0.00908701 -0.01396800
-0.00102673 -0.00075689
-0.00054676 0.00149163
0.00000000 -0.00000000
0.00000000 0.00000000
-0.00000000 -0.00000000
-0.00000000 0.00000000
0.00000000 -0.00000000
0.00000000 0.00000000
-0.00000000 -0.00000000
-0.00000000 0.00000000
0.00000000 -0.00000000
0.00000000 0.00000000
-0.00000000 -0.00000000
-0.00000000 -0.00000000
0.00000000 -0.00000000
-0.00000000 0.00387766
-0.00116380 -0.00742710
-0.00919749 -0.00548150
0.00016268 -0.01207131
-0.00346612 -0.00046668
-0.00540608 -0.00151148
-0.00591966 -0.01350525
-0.01433666 0.00089963
-0.00966832 -0.00275954
0.00237656 -0.00000000
0.00000000 -0.00000000
-0.00000000 -0.00000000
-0.00000000 0.00000000
0.00000000 -0.00000000
-0.00504156 0.00155636
-0.00620262 -0.02130949
-0.00780817 0.00320485
-0.00887288 -0.00312587
-0.00508851 0.00000000
-0.00000000 -0.00000000
-0.00000000 0.00000000
-0.00000000 -0.00000000
-0.00000000 -0.00000000
-0.00075771 0.00504745
-0.00166069 -0.00530666
0.01015911 0.00849840
0.01338650 0.00299800
-0.00416114 -0.01000939
-0.00994139 -0.00509366
-0.00941873 -0.00892177
-0.00649856 -0.00464079
0.00143990 -0.00107528
-0.00000001 0.00000008
-0.00000007 -0.00000004
0.00000003 -0.00000007
-0.00000000 -0.00000023
-0.00000001 -0.00378612
-0.00376016 -0.00656848
-0.01192290 -0.00060856
-0.00607367 -0.00021941
0.00838057 -0.00350733
-0.00000000 -0.00000000
-0.00000000 -0.00000000
-0.00000000 -0.00000000
-0.00000000 0.00000000
-0.00000000 -0.00009824
-0.00377407 -0.00733438
-0.01194632 0.00319240
0.00234553 -0.00370151
-0.00118647 -0.00673246
-0.00625304 -0.00409356
-0.00437413 -0.00946021
-0.01338989 -0.00721062
-0.00849628 -0.00228634
-0.00402747 -0.00000000
0.00000000 -0.00000000
-0.00000000 0.00000000
0.00000000 0.00000000
-0.00000000 -0.00000000
-0.00601627 0.00163852
-0.01115351 -0.00744770
-0.00792121 -0.00034772
-0.00147582 -0.00541704
0.00833587 -0.00403480
0.00141490 -0.00500919
-0.00153703 0.00132249
0.00697190 0.01361979
0.00258079 -0.00435933
