-0.00670755 -0.00406379
0.00943786 0.00017727
0.01518916 0.00496331
0.00445705 -0.00773251
0.01179483 -0.01019774
-0.00129946 0.00226023
0.00015697 -0.00390777
0.01027225 -0.01131476
0.00852857 0.00371425
0.01309178 0.01213287
0.00155028 -0.00915543
-0.00510798 0.01077364
0.00866907 0.00438245
-0.00043926 0.00496958
-0.00819079 0.00054594
0.01010366 -0.00234592
-0.00204838 -0.00154350
-0.00040061 -0.00625441
0.00469504 -0.00646972
0.00400105 0.00556880
-0.00691233 -0.00180525
0.00896048 0.00006119
-0.01577537 0.00050130
-0.00474403 -0.00103003
0.00394051 -0.00655887
-0.00036366 0.00711939
0.00255110 0.01068580
0.00803248 -0.01265315
-0.00287974 0.00876108
0.00323003 -0.00000729
-0.00632858 -0.00344120
-0.00383059 0.00506911
-0.00600845 0.00002861
0.00465625 -0.00541187
0.00892239 0.00108693
0.01353146 0.01422430
-0.00109531 -0.00626587
0.00044174 0.00109856
-0.00601343 0.00731259
0.00532977 -0.01019373
0.01430687 0.00016409
0.00239620 -0.00207576
0.00019121 -0.01116966
0.00823828 -0.00115172
0.00624949 -0.00597836
0.00555020 0.01021866
0.00114663 0.00834074
-0.00670113 0.01305757
-0.00247708 -0.00361792
0.00798833 -0.00180983
0.00375253 0.00248609
-0.00494569 -0.00110019
0.00565316 -0.01009989
-0.01344634 0.00031170
-0.01226784 0.01465812
-0.00418276 0.00461930
0.00185843 0.00514046
-0.00282645 0.00438577
0.00483870 -0.00270490
0.00831280 0.00889845
0.00326463 0.01275229
-0.00197799 0.01315876
0.00199933 -0.00850218
0.00760553 -0.00674759
0.00060551 0.00739978
0.00129180 0.00502069
-0.00091615 0.01196959
-0.00091109 -0.00155951
0.00151960 0.00745443
0.00014826 0.00296027
0.00069488 -0.00093699
0.00370031 -0.00113515
-0.00405517 -0.00254560
0.00632646 -0.00392368
-0.00174853 0.00224601
-0.00412028 -0.00771350
0.00718516 0.00794368
-0.00568316 -0.00000470
0.00709501 0.00519957
-0.00111627 0.00215747
-0.00503931 -0.00008418
0.00396762 -0.00691478
0.00367346 -0.00887065
0.00449176 0.00017765
-0.00141330 0.00085432
-0.00370621 -0.00040704
-0.00690342 0.01750852
0.00022491 -0.00111117
-0.00421318 0.00538657
-0.00417125 0.00197376
-0.01871149 0.01102132
0.00804240 0.00823460
-0.00697653 -0.00587838
0.01303429 0.00466686
-0.01174085 0.01801539
0.00711344 -0.00022113
0.00685324 -0.00176392
-0.00108689 -0.00960831
-0.00012040 0.00186086
-0.00165971 0.00177003
0.01454562 0.00383180
0.00363827 0.00430745
0.00315462 -0.00513872
-0.00158373 -0.00462037
0.00610384 -0.00494742
-0.00255499 -0.00617666
0.00906827 0.00138800
-0.00391525 0.00110305
0.01098281 0.00587189
-0.00153849 0.00175291
0.01089019 0.00206667
0.01853505 0.00717953
0.00341040 0.03279388
-0.01147079 0.00173622
0.00792851 0.00901041
-0.00644187 -0.02444730
0.00260861 -0.00548037
0.00618305 -0.00246871
0.00867600 0.00031338
0.00476295 -0.00812452
-0.00260754 0.00830990
0.00169310 -0.00503078
0.00275454 0.00726895
0.00803207 -0.00567949
-0.01064860 0.01282091
-0.00045142 -0.01053487
0.00233924 0.00178030
0.00198694 -0.00057455
0.00517366 -0.00558629
-0.00947343 -0.00855222
0.01085050 0.00433239
-0.00016333 0.00030023
0.00403559 -0.00413614
-0.00565967 -0.00549592
0.00277343 0.00523971
-0.00384817 -0.00233625
0.00885832 -0.00052844
0.00160581 -0.00524393
0.00850778 -0.01086168
-0.00148047 0.02012811
0.00727072 -0.01007112
-0.00328639 -0.00416262
0.00022230 -0.00556620
0.01905418 -0.01102813
0.01205129 0.00288459
-0.00541640 0.00322417
-0.00610611 -0.01182884
0.00055148 -0.00655951
-0.00156275 0.00668946
-0.00171096 0.00142501
-0.00044090 0.00487132
-0.00147770 -0.00459672
0.00741535 0.02279461
0.01357145 -0.01518802
-0.00052552 -0.00506168
-0.01134373 -0.00570158
-0.00142684 0.02076602
-0.00405190 -0.00023595
-0.00303042 -0.00221191
-0.00277005 -0.00047894
-0.00275474 -0.00053714
-0.00263318 0.01560868
0.01690301 0.00198650
-0.00190065 0.00432508
-0.00174264 -0.00837186
-0.00879192 0.00685406
0.00728385 0.00357547
0.00180382 0.00938873
0.00038576 0.00774250
0.00653420 0.00848957
0.00199862 -0.01514214
0.00721428 -0.00808447
-0.00670337 -0.00799604
-0.01086868 -0.00622993
-0.00107504 -0.00433709
0.00671423 -0.01088004
-0.01369793 0.00092976
0.00974743 0.00299511
0.00053403 -0.00645125
-0.00364721 -0.00026886
-0.00643912 -0.00277479
-0.00026022 0.00083656
0.00009031 -0.00284438
0.00459311 0.00959411
-0.00749328 0.00775941
0.01426614 -0.00544406
-0.00140232 -0.00269124
-0.00341511 -0.00802629
-0.00974575 0.00928168
-0.00099124 -0.01145067
-0.00426438 0.00361452
-0.00000453 -0.01074495
-0.00545568 -0.00065941
0.00016799 0.00415950
-0.00131710 0.00311221
-0.00391175 0.00267483
-0.00020176 0.00733010
-0.00362753 -0.00889172
0.00030003 -0.00164501
-0.00771717 -0.00719350
-0.00905606 0.00487795
0.00114219 0.00305487
0.00246768 0.00484452
0.00802682 -0.00813263
0.00487867 -0.00352699
-0.00707976 0.00581440
0.01224374 -0.01013722
-0.00297856 -0.01182651
0.01651368 -0.00724602
0.00040276 -0.00084112
0.02340070 -0.00404829
0.00791427 -0.00173268
-0.00102293 0.01545765
-0.00864539 0.00237172
-0.00281262 0.00805193
0.01426126 -0.00343778
0.00861240 0.00495999
-0.01612631 -0.01717461
-0.01070844 -0.00554474
-0.00997212 -0.00121119
0.00650459 -0.00354302
-0.01117054 -0.00131850
-0.00638275 -0.00582706
0.01085679 0.00163105
0.00246497 -0.00547228
-0.00976953 -0.00350242
-0.00796796 -0.00806834
-0.00525941 0.00136116
0.00098205 -0.00393986
0.01642314 -0.01946748
-0.00035253 0.00223071
-0.00489778 -0.01689204
-0.00509989 0.00429708
-0.01410443 -0.00142972
-0.01086410 -0.01674806
-0.01003427 -0.00592615
-0.00404157 -0.00424152
0.00833951 0.00212586
0.01303872 -0.02701063
-0.00591905 -0.00142460
0.00833318 0.01061506
-0.00190709 -0.00021457
-0.00967339 -0.00739509
-0.00134727 0.03079363
0.01950510 0.03609987
0.02290226 -0.00130245
0.00181598 -0.02210180
0.00470095 -0.01688339
-0.00168953 0.00022895
0.00303565 -0.00471211
-0.00328080 0.01718426
-0.01088715 0.00095156
-0.01102771 -0.00248890
0.00045496 -0.00386145
0.00981796 0.00611567
0.02145374 -0.00565911
0.00416663 -0.01557176
0.00388501 0.01040840
0.00008969 0.01065407
-0.01687261 0.00936030
0.00026461 -0.01610503
-0.00796385 0.00919162
-0.01009716 0.01345785
0.00753655 -0.00582749
-0.00780632 -0.01094212
0.00634192 -0.00251809
-0.00221514 -0.00268121
-0.01373688 -0.01302867
0.00361056 0.00270404
-0.00186406 0.01052954
0.00431700 -0.00648401
-0.01238471 0.00287888
-0.00554337 -0.00748634
-0.01102053 0.01540644
0.00196240 0.01063357
-0.00857270 0.00215860
-0.00401503 -0.00747024
-0.00645949 -0.01004719
-0.00080729 0.01194984
-0.00749810 0.00209857
0.00257239 -0.01278151
0.01477294 0.00340484
-0.00582787 0.01104958
-0.00681690 0.00285745
-0.00953636 -0.01043370
-0.00426414 -0.00190753
0.01615312 0.00490229
0.00784296 0.00376318
-0.01457745 -0.01097341
0.00623653 0.00491324
-0.02552633 -0.01693553
-0.00433463 0.00126477
-0.00842830 -0.01037976
-0.00186581 0.01977156
0.00796076 -0.01541368
-0.01493363 0.00219894
-0.01200877 0.01837504
-0.00263698 0.00294875
-0.01868096 -0.00888187
-0.00587606 -0.01111235
-0.00065356 -0.00573256
0.00111203 0.00548124
0.00374753 -0.00562030
-0.01348371 -0.00017856
0.00192549 -0.02435016
0.00135053 0.00059800
0.00888600 -0.02072002
-0.01300866 -0.00394380
-0.00381779 -0.00495945
0.00122397 0.00036431
0.00889035 -0.01304957
0.00788052 0.01248002
-0.01333134 0.01393353
0.00193078 0.00474547
-0.00064488 -0.01705974
-0.00402166 -0.00789784
-0.01066946 -0.01240011
0.00111914 -0.00357638
-0.01333740 0.01757243
-0.00434718 0.00801756
-0.01358199 0.00072879
0.01165095 -0.00592686
-0.01519586 -0.00386570
0.00375286 -0.00156470
0.00068368 -0.01039586
0.01653805 0.00756690
-0.00155849 -0.00416727
0.01189419 0.00214596
0.00598493 0.00020994
-0.01344269 -0.02067189
-0.00628536 0.00715150
-0.01077985 0.00250880
0.01115983 -0.01802764
-0.00292321 0.00058442
-0.00642458 -0.00492083
-0.00190572 -0.00330870
-0.00458555 -0.00025238
0.00627881 -0.01254640
-0.00025708 -0.00196624
-0.00984369 0.00635733
0.00502514 -0.00287812
-0.00025091 0.00284720
0.00643998 0.00317867
0.00149379 0.00153166
-0.00995658 0.01285656
0.00093947 -0.00484678
-0.00365067 -0.00147243
0.00230667 -0.01706321
0.00340629 0.00966340
-0.01447131 0.01579761
-0.00149420 -0.00277026
0.00661102 -0.00957682
-0.01086102 0.00845803
-0.00371851 -0.01065590
-0.00781584 0.00480085
0.01492087 0.00475944
-0.00559217 -0.00867150
0.00007064 -0.00008416
-0.01475955 0.00455584
0.00424251 -0.01180940
-0.01214836 0.00689886
-0.00625445 -0.00296293
0.00456584 -0.00677673
0.00902913 -0.00832759
-0.01226327 -0.00249244
0.00304880 -0.00010610
0.00746598 0.00565900
0.00496380 -0.00838972
-0.01588715 -0.01986779
-0.01241155 -0.01430305
-0.00745133 0.00190016
-0.00133287 -0.01579367
-0.00576052 0.00574075
-0.00865113 -0.00831868
0.00788857 -0.00351833
0.00323687 0.00262465
0.01630896 0.02715115
0.00213177 -0.01733802
-0.00189917 0.00253717
-0.01123761 0.00078674
0.01129179 0.00101544
0.01047098 -0.00922673
-0.01082004 -0.01371149
-0.01848615 -0.01675788
-0.01127896 0.00941069
-0.00299917 -0.00206748
0.00103975 0.00954692
-0.01075551 0.01290441
0.00269257 0.00735178
0.00189913 -0.01142106
0.00073363 0.01900654
-0.01759859 -0.00486179
-0.00480009 0.00531045
0.01252505 -0.01981346
0.00135366 0.00843035
0.00843639 0.00952405
0.01540364 -0.01239038
-0.00431264 -0.00056279
0.01087513 0.00783443
-0.01153276 0.01792472
0.01156254 0.00199909
-0.00649854 -0.01505730
-0.00617087 0.00424436
0.00194140 -0.00784968
-0.01195936 -0.00750998
0.01560794 0.00712787
-0.00272390 0.01594261
0.01260685 0.00023291
-0.01409667 0.01250962
0.00580470 -0.00835716
-0.01884817 0.00205224
-0.01384826 -0.01205578
-0.00025557 0.00676590
-0.00342344 0.00856788
0.00586765 -0.00785468
0.00355940 0.00750754
-0.00195066 0.00288019
0.00118148 -0.00596744
0.00810590 -0.00542058
0.00267384 -0.01659084
0.00262364 0.01533319
0.00168190 0.00399424
0.01173615 -0.01032625
0.00412058 -0.00169237
0.00705506 0.01033579
-0.01303464 0.00616600
-0.00917244 -0.00836974
0.02771685 -0.00847628
-0.01329042 -0.01230948
0.00424556 -0.00057375
-0.00433238 -0.01551458
0.01724255 0.00660763
0.00958827 -0.00359501
-0.01523411 -0.01030889
-0.00264427 0.00085002
-0.00167253 -0.00620385
-0.01793781 -0.00925898
-0.00489791 -0.00271483
-0.00499450 -0.00528128
-0.00612190 0.00050586
-0.00443147 -0.01402968
0.00060105 -0.00435071
-0.00158996 -0.01124933
-0.00974814 -0.00950957
-0.00855668 0.00370064
-0.00700940 -0.00325202
-0.00367046 -0.00969086
-0.00737874 -0.00596820
-0.01486546 -0.00312855
-0.00957439 0.01964357
-0.00287336 -0.00205159
-0.00757587 0.01112945
-0.00732053 -0.00453443
0.00897141 0.00758100
0.01669423 -0.01253185
-0.00513890 0.00007349
-0.00382269 0.00368517
-0.02913016 0.01694037
-0.01877051 0.02090929
-0.00068241 0.00740336
0.02265446 0.00551619
0.01568105 0.00934898
0.01805256 0.00777627
0.03630485 -0.01212711
-0.00399002 -0.01628463
-0.00426632 -0.00467092
-0.00203174 -0.00802288
-0.00566732 -0.00105470
-0.00800740 -0.00760419
0.00554486 0.00787855
-0.01061465 0.01516696
0.00588662 -0.00445671
0.01303839 0.01069160
-0.00050677 0.00257534
-0.00740731 -0.01221587
-0.00576586 0.01743113
0.00764330 -0.00112175
-0.00720367 -0.00518581
0.00839877 -0.00699087
0.00227809 -0.01432000
0.00991662 -0.01059949
0.02170850 0.00254658
0.00131334 -0.01371335
-0.00078613 0.00174360
-0.00944098 -0.00587658
-0.00721975 -0.00494553
0.00284392 0.00479485
-0.00351212 -0.00348070
-0.01078349 0.00179171
-0.00584948 0.00923049
-0.00197311 0.00204205
0.00493240 -0.00933833
-0.00135811 -0.00271500
-0.00673647 -0.00575563
0.00275200 -0.01399157
0.00761936 -0.00175162
0.00201006 -0.00057300
-0.00386551 0.02023432
-0.01563819 0.00502133
-0.00752409 0.00037758
-0.00088029 0.00266671
-0.00453874 0.00540850
-0.00534958 0.00226218
-0.01292969 0.01015470
-0.01821197 0.00172023
-0.00970077 0.01620912
-0.00782539 -0.00444968
0.00547419 -0.00092344
0.00535776 -0.00001146
-0.01650990 0.00288890
-0.00214015 -0.00419076
-0.01587539 -0.00004049
-0.00670598 0.01239076
-0.01449980 -0.00900703
-0.01017342 -0.00199498
0.00057008 -0.00025551
-0.00033524 0.01117765
-0.00315856 0.00662366
0.00394331 0.00875134
-0.00252952 -0.00251593
0.00533817 -0.00824852
-0.00477412 -0.01598873
-0.00817466 0.00446982
-0.00941947 0.00644003
0.01410682 0.00739052
-0.01100449 0.00473368
-0.01446451 -0.00181870
-0.01468178 -0.00068990
0.01213423 0.00089970
-0.00854612 0.00120889
0.00345412 -0.00868761
0.00384976 -0.00830496
-0.01080761 0.00285005
-0.00807182 -0.00159457
0.00974118 0.00469144
-0.00417868 0.01618504
-0.00602659 0.00196547
0.00377503 -0.01000569
0.00284848 -0.00811187
0.00619662 -0.01136362
0.00537827 -0.00474215
0.00278859 0.01524634
-0.00969110 -0.00009838
-0.00989755 0.01134287
0.00241875 -0.00111202
0.00256411 -0.00013208
-0.01420883 -0.00641930
0.01141635 -0.00006491
0.00332512 -0.01280326
-0.00459134 -0.00195410
0.00099838 0.00318212
-0.00408965 0.00244784
-0.00280591 -0.00086966
-0.00210381 -0.01169055
0.00042092 0.00509646
-0.00150172 -0.00356010
-0.00127413 0.00663164
0.00095177 -0.00229862
0.00546870 -0.00090728
0.00171375 -0.00847968
-0.01054974 0.01100890
-0.00358164 -0.01701597
0.00741490 -0.00056123
-0.01187095 0.01354667
0.00034921 -0.01925620
0.00943367 -0.01071240
-0.00614302 -0.00542308
0.00349840 0.00527723
-0.01339875 -0.00469865
0.00303137 -0.00495821
0.01019902 0.00312128
0.01479880 0.01263838
0.00030947 -0.01291578
0.00183121 -0.01363641
0.01253031 -0.00699200
0.00182776 -0.02709587
0.00123627 -0.00910673
-0.00655776 0.00655818
-0.01222558 -0.00050345
-0.01592204 0.02190438
-0.01066641 0.00229572
-0.00031024 0.01491997
-0.00085157 -0.02885809
0.00699639 0.01059222
0.00140690 0.00459750
-0.00422003 0.00371657
-0.00203262 0.00077913
-0.00769351 -0.01011201
-0.00773460 0.00266277
-0.00383952 0.00417577
0.00024134 -0.01038010
-0.01064267 0.00238569
0.01261118 0.00288062
-0.01782978 0.00036823
0.00337364 0.00909527
0.00751984 0.00049978
-0.00148902 0.00153250
-0.01072899 -0.00188037
-0.00102999 0.00319599
-0.00452339 -0.01178891
0.00447764 0.00400284
0.00281994 -0.02247833
0.00389768 -0.02219572
0.00658332 -0.00757626
-0.00611692 -0.01146998
-0.01379208 0.00920436
0.01269744 0.01292114
0.00484758 -0.01960419
0.00052453 -0.00712410
0.00435621 0.01411883
0.00344286 0.01705796
-0.00788542 0.01181671
0.00618608 0.00657150
-0.00307440 -0.00454847
0.00266794 -0.00502983
0.00449674 -0.01166865
-0.01624167 -0.00052537
-0.00531001 -0.00953314
-0.00738625 -0.00339246
0.00162043 0.00955449
-0.00093948 -0.00136700
-0.00795566 0.00234285
-0.00755364 -0.01008510
-0.00260125 0.00056879
-0.00022272 -0.00527478
-0.00608802 0.00181211
-0.00065559 -0.00763485
0.00417537 -0.00755524
-0.00423436 0.00067098
0.01063839 -0.00335547
-0.01163199 0.00098713
-0.00802551 0.00364511
0.00297794 0.00685732
-0.00500899 -0.00872048
0.01188687 0.00379344
0.00111792 -0.00742005
-0.00590401 0.00710368
0.00656413 -0.00018539
-0.00456859 0.00739950
-0.00397402 -0.00107290
-0.01276014 -0.00415437
-0.00519602 -0.00309965
0.00099567 -0.00945938
0.01474828 0.00341343
0.01267411 -0.00470595
-0.01182471 0.00837972
0.00040188 -0.00594535
-0.00539900 -0.00507822
-0.00416017 0.00177944
0.00015348 0.00070845
0.00357325 0.00077197
0.00556231 0.00518785
0.01127439 0.00765496
0.00113117 -0.00499952
-0.00055158 -0.00020655
0.00082476 -0.00348419
-0.00079955 -0.00966640
0.01012338 0.00358425
0.01252622 0.00413704
0.00948329 0.00196883
-0.00723463 0.00883759
-0.01036610 -0.00825583
-0.00139304 -0.00152491
0.00422500 -0.00109136
0.00142784 0.00403490
-0.00404380 0.00034769
-0.00338586 -0.00972392
0.00281254 -0.00168156
-0.00915548 -0.00021009
-0.00061896 -0.00275750
0.00423839 -0.01072877
0.00346296 -0.00182042
0.00213640 -0.00609187
-0.00078520 0.01291380
0.00208734 0.01363850
0.00486413 0.00740205
-0.00433609 -0.00231723
0.00419470 0.00243377
-0.00914699 -0.00285846
-0.00188745 -0.00624640
0.00728322 0.00897330
0.00087444 0.01005736
0.01439966 -0.00072010
0.00067056 0.01308640
-0.00393836 0.01638617
-0.00692402 0.00237749
-0.00397071 -0.00213573
0.01214094 -0.00630751
0.00236185 0.00039189
-0.01198281 -0.00339340
0.00085601 0.00183890
-0.00723482 -0.00056008
-0.01600646 -0.01456492
0.00221134 0.00045294
-0.00231064 -0.00282915
-0.01228965 -0.00221429
0.00295368 -0.01107050
0.00579087 -0.00206749
0.00289055 0.00721496
0.00001665 -0.00493193
-0.00125999 0.01140074
0.00099796 -0.00691666
-0.00234815 -0.01081908
0.00533399 0.00545615
-0.00130046 -0.00396106
0.00492238 -0.00375191
0.00628925 -0.00277057
-0.00557662 0.00323612
-0.00107118 -0.00138903
0.00408719 -0.00246883
0.00608906 -0.00074575
0.00712229 -0.00502903
0.00151504 -0.00055307
-0.00231675 0.00007216
-0.00551663 -0.00664646
-0.00578672 -0.00244168
0.01580692 -0.00249336
0.01028523 -0.00316537
-0.00480988 0.01417968
0.00199144 0.02431248
-0.01144930 0.00086728
0.00323291 -0.00397755
0.00066932 0.00725166
0.00342046 -0.00245734
0.00105529 -0.00118715
-0.00254369 0.01068509
-0.00369638 -0.00040174
-0.00286485 -0.01343031
0.00933870 -0.00194441
-0.00508630 -0.00341985
0.00120300 0.00400789
0.00316174 -0.00136997
0.00455452 0.00751651
0.00063386 -0.00622169
-0.00162134 0.00220367
-0.00285731 0.00376922
-0.00069714 -0.00195553
-0.00869643 0.00843331
-0.00378147 0.00138403
0.00437051 -0.00414113
0.00085903 0.00122723
-0.01076094 -0.00389394
-0.00082740 0.00784384
0.00089361 -0.00504011
-0.00511421 0.00221972
0.00278777 -0.00394888
0.00186813 -0.00430941
0.00035384 0.00152114
-0.00202854 0.00342889
-0.00887762 -0.01062381
0.00676070 0.00845329
0.00537076 -0.00946657
0.00074605 0.00197149
-0.00480166 -0.00183168
-0.00573625 -0.00851349
0.00306423 -0.00902599
-0.00299363 -0.00218484
0.01119205 -0.00262798
0.00502629 -0.00608155
-0.00980268 -0.00129553
-0.00684409 0.01715073
-0.00648373 0.01996924
0.01025190 0.00263731
0.01064246 -0.01185146
-0.00823255 0.01080818
0.01099000 0.00075472
0.01192643 -0.00114862
0.00291849 0.00177179
-0.00532657 0.00204138
0.00728203 0.00009119
0.00650613 -0.00509627
-0.00072851 -0.00003542
0.00452960 0.00055252
0.00448261 -0.00388977
-0.00097236 0.00843191
-0.00384833 -0.00597888
-0.00217707 -0.00297471
0.00331558 0.00129784
0.00597054 0.00152697
-0.00147977 -0.00662401
0.00606528 -0.00080673
0.00507118 -0.00649840
0.00166577 -0.00597395
-0.00103437 -0.00803440
-0.00754252 0.00161141
-0.00762257 -0.00600263
0.00659433 -0.00218171
0.00593945 0.00634982
-0.01225503 0.01015405
0.00927203 0.00070444
0.00305585 -0.00435295
-0.00528715 -0.00803763
0.01274989 -0.00726766
0.01202897 0.00205360
-0.00367378 0.01251112
0.00060837 0.00297177
-0.00460245 0.00423024
-0.00108987 -0.01005041
-0.00735701 -0.00695861
0.00831023 -0.00822795
-0.01469285 0.00024795
-0.00309694 -0.00640497
0.00068712 -0.00602438
0.01112653 0.00705759
-0.00636266 -0.00746028
0.00795499 -0.00856119
0.00859296 -0.00168863
0.00134579 0.00140662
-0.01500635 0.00330570
-0.01104516 0.00971956
0.00561243 0.00059081
0.00347456 0.00156144
0.00495143 0.00178746
0.00156853 -0.00216230
-0.00833809 0.00410441
0.00459172 0.00052496
0.00138434 0.00086688
0.00048584 0.00008589
0.01650363 0.00277227
0.00409254 -0.00379426
-0.00121967 -0.00974422
0.00384145 -0.00344878
-0.00087725 -0.01337127
-0.00227079 -0.00563536
0.01045911 -0.01286014
-0.00570004 -0.00475986
-0.00056861 0.00143386
0.00345290 0.00775631
-0.00623246 0.00120050
-0.00360521 0.00688437
0.00439865 -0.00164659
0.00678146 -0.00573665
0.00969073 -0.00239086
0.00432842 -0.00874307
-0.00271103 0.00727064
-0.00057890 0.00044116
-0.00618057 -0.00374819
-0.00404370 0.00068210
-0.00468916 0.00589384
0.00209034 0.00573780
-0.00152221 -0.01107826
0.01531957 -0.00011573
-0.00651985 0.00531892
-0.00196252 -0.00006393
-0.00977815 -0.00643951
-0.00242903 -0.00182637
-0.00990453 0.00612790
0.00164725 0.00636799
-0.00212079 0.00187517
0.00578296 -0.00637027
0.01643833 -0.00185309
0.00578663 0.00332545
-0.00033461 0.01068720
0.00525269 0.00227772
-0.00823292 0.00658998
-0.00271232 0.00482235
-0.00459036 0.01062336
-0.00722006 -0.00327074
0.01503888 0.00132550
0.01834017 -0.01051130
-0.00433764 0.00284132
-0.00484250 0.00187176
0.00095213 0.00100634
-0.00161990 0.01422384
0.01077890 -0.00730791
0.00289798 0.00200899
0.00163636 0.00749396
-0.00859023 -0.01516663
-0.00693726 0.00333620
-0.00648941 -0.00562715
0.00257901 -0.01154362
-0.00263709 0.00687168
-0.00317153 0.01030672
0.00459942 0.00042361
0.00002122 0.00931706
0.00164500 -0.00520082
0.00694055 -0.00582273
0.00937800 0.00796514
0.00036562 0.00857024
0.00899187 0.00830956
0.00133973 0.00095533
-0.00497869 0.00113306
-0.00435446 0.01661829
0.00801567 0.01212225
-0.00059365 -0.00365005
0.00038223 0.00645171
-0.00062141 0.00398717
-0.00204224 -0.00582477
0.00091564 -0.00374069
0.01701591 -0.00344099
0.00244419 0.00260513
0.00038020 0.00478995
-0.01001054 -0.00527267
0.00046336 0.00622502
-0.00571890 -0.00178300
-0.00703841 -0.01192165
0.00127129 0.00679683
-0.00916931 0.01189942
0.01871672 0.00331976
0.01124251 0.00792365
0.02013044 0.00071965
-0.00610639 0.00188064
0.00036612 0.00515592
-0.01133206 0.00360260
0.00959123 0.00068185
0.00210280 -0.00510354
0.00402429 0.00420591
0.00541943 0.01102725
-0.00823566 -0.00555587
0.00366304 0.00544902
-0.00351891 0.00282340
-0.00332643 0.00638114
-0.00754101 0.00893900
-0.00204952 0.01072554
0.00797341 0.00722286
0.00417898 -0.00616912
0.00475972 0.00689259
-0.00027189 0.01499127
0.00185879 -0.00218698
-0.00137236 0.00830291
-0.00269127 0.00236391
0.00456695 -0.00367998
0.00488782 0.00706766
-0.00776235 -0.00243056
0.00228088 0.00276526
-0.00641017 0.01363921
-0.00480842 -0.00358894
-0.00111530 0.00290004
0.00981693 0.00407259
0.00238081 -0.00276366
0.00501817 -0.00100922
-0.00040155 0.00446929
0.00824088 0.00576918
0.00734036 -0.00481007
-0.00593557 -0.01211688
-0.01579377 -0.00099435
-0.00004665 0.00522515
-0.00123736 -0.00029012
0.00474598 0.00266641
0.00004709 0.00325690
-0.00513650 -0.00500213
0.02215790 -0.00210131
0.00410289 -0.00455689
-0.00793302 0.00290050
-0.00195814 0.00132196
-0.00131713 -0.00493170
-0.00025255 0.00230321
0.00092936 -0.01167066
0.00339795 -0.01201070
0.00007619 0.00702944
-0.00231497 -0.00163410
0.00366337 -0.00996025
-0.00499100 -0.00462672
-0.00688003 -0.00615913
-0.01016356 -0.00289845
0.00798304 -0.00364529
-0.00351800 -0.00737266
0.01122300 -0.00910185
-0.00016558 0.00588334
-0.00180904 0.00110641
-0.00143235 -0.00238463
-0.00025827 -0.00386825
0.00152262 -0.00362350
0.00183741 0.00115449
0.01205841 -0.00178225
0.00405207 -0.00522783
-0.00477380 -0.01091251
0.00534313 -0.00757772
-0.00306678 -0.01168414
0.00265910 0.00749454
-0.00138703 0.00045157
-0.00515421 0.02237000
-0.00353641 0.00071358
0.00413122 -0.00190591
0.00770108 -0.01240758
0.00792001 -0.00083651
-0.00186616 0.00016146
-0.00855885 0.01250248
-0.00465543 -0.00123137
-0.01038514 -0.00784462
-0.00512066 -0.00066836
-0.00129241 0.00248576
-0.00113471 -0.00663843
-0.00538886 0.00391486
0.00669103 -0.00524477
0.01532155 0.00728103
-0.00518121 -0.00543840
0.00304827 -0.00674816
-0.00843778 0.00791735
-0.00069255 -0.00712520
0.00722477 0.00344984
0.00107192 0.00852204
-0.00296672 -0.00577761
0.00229344 0.00722142
-0.00834629 -0.01309328
0.00431580 -0.00143384
-0.00197806 -0.00707013
-0.00818926 0.00456742
-0.00138935 0.01464487
0.00255533 0.00484711
0.00435758 0.00489129
0.00450959 -0.00006784
0.00734726 -0.00736089
-0.00891176 -0.00712416
-0.00057335 0.01683110
0.00856782 0.00515097
-0.00926096 0.01027209
-0.00430265 0.00350292
0.00005878 0.00090112
-0.00077469 0.01189599
0.00535560 0.01066326
0.01322107 -0.00642776
0.00414991 -0.00288625
-0.00529743 -0.00327559
-0.00497100 0.01029083
0.00143572 -0.00121171
0.00576362 -0.00235189
-0.01635710 -0.00898208
0.00016566 -0.00180046
-0.00077772 -0.00730200
-0.00176050 0.01143952
-0.00050936 -0.00032942
-0.00797050 -0.00470524
0.00009676 0.00097905
0.00088276 0.00015672
0.00383421 0.00234719
0.00052023 0.00236341
-0.00205880 0.00293356
0.00334620 -0.00457152
0.00631589 0.01284527
0.00241663 -0.00133626
-0.00032603 0.01726184
0.00122004 0.00610231
0.00136020 -0.00717537
-0.00815524 0.00591862
-0.00911903 -0.00574495
0.00011611 0.00469976
0.00674140 0.00290809
-0.01297327 -0.00553067
-0.00664249 0.00180071
0.00199310 -0.00414721
0.00576621 0.00576748
0.00507930 -0.00532247
0.01216817 -0.01358954
-0.01042220 -0.00826010
-0.00303347 0.00571395
-0.00187983 -0.00535630
-0.00745756 -0.01247140
0.00091243 0.00151554
0.00118596 0.00345967
0.00339141 0.00302976
-0.00599277 -0.01236637
-0.00794195 0.00650523
0.00208087 -0.00548037
-0.00299105 0.00229723
-0.00033728 0.00406194
-0.01084898 0.00467159
-0.01774263 -0.00140733
-0.00086141 0.00565512
-0.00043878 -0.00470847
-0.00817265 0.00352896
0.00743437 0.00775598
-0.00378867 0.00801985
0.00124049 -0.00403055
-0.00350877 -0.00320880
-0.00322381 0.00353992
0.00323465 -0.00554844
0.00304799 -0.00038257
0.00077034 -0.00013302
-0.00343775 -0.00029172
-0.00117508 -0.00606388
0.00513887 0.00826912
0.01040458 0.00125436
0.00125565 0.00021698
0.00672227 -0.00661141
0.00115086 0.00187015
0.01058877 0.00429421
0.00047744 0.00465491
-0.00698286 0.00263387
-0.00692389 -0.01431998
0.01923073 -0.00065793
-0.00624524 0.00058319
0.00203596 0.00272224
0.01695449 -0.00099936
0.00385723 -0.00386697
0.00611476 -0.00161418
-0.00028244 0.00159906
-0.00623038 -0.00311286
0.00997305 -0.00590012
0.00453426 0.00115974
0.00190271 0.00142106
0.00615793 -0.00245248
-0.00489221 0.00879868
0.00523095 -0.00630271
0.00248511 -0.00023057
-0.00032972 0.00225799
-0.00076822 -0.00412912
-0.00082555 0.00591318
-0.00385157 0.00264987
0.00826544 0.01245929
0.00042152 -0.00905626
-0.00230614 0.01049794
0.00203489 -0.00448938
-0.00144707 -0.00046780
0.00859042 0.00448994
0.00568707 -0.00820530
0.00555190 -0.00021050
-0.00039352 0.00020272
-0.00060983 -0.00413696
0.00126603 -0.00311581
-0.00359370 0.00322753
0.00164578 -0.00215686
-0.00853564 -0.01930378
0.00659741 0.00034353
0.00454479 0.00691227
0.01327907 -0.00419553
-0.00305935 0.00686937
0.00086549 0.00096145
-0.00320484 -0.00390359
-0.00487677 0.00817044
0.00072829 0.00297613
-0.00506612 -0.00525074
0.00990349 -0.00349220
0.00376214 0.00012763
-0.00460917 0.00137429
0.00689732 -0.00085473
0.00886605 0.01499003
-0.00807291 0.00018640
-0.01093078 -0.00042430
0.00659796 -0.00030501
0.00995814 0.00847197
0.01331868 -0.00722903
0.00170097 0.00326778
0.01038342 0.00216184
0.00931970 -0.01198144
0.01092092 0.01064593
-0.00623799 0.00871152
0.01256061 0.00069145
-0.00432172 0.00205172
-0.00360233 -0.00484549
0.00057654 0.00167435
0.00937952 0.00752366
0.00641002 0.00237289
0.00106817 -0.00913500
-0.00098279 -0.00696161
-0.00450860 0.00136956
-0.00154825 -0.00259066
-0.00675781 -0.00678765
0.00278541 0.00398439
0.00762505 0.00583776
0.00041951 0.00064305
-0.00404893 0.00570970
0.00287931 -0.01128659
0.00169825 0.01198189
-0.00938914 0.00007207
-0.00443469 0.00012444
0.00283881 -0.00785383
0.00540806 0.01341571
0.00524999 -0.00221788
-0.00320168 -0.01149848
0.02032143 0.00187299
-0.00118363 -0.00509396
0.01001906 -0.01899710
0.00731728 0.00088653
-0.00657956 0.00030065
-0.01001001 0.00010817
0.00061781 -0.00982217
0.00073133 0.00542884
-0.00062409 -0.00064969
-0.00037210 -0.00308631
-0.00493251 -0.00939393
-0.00647650 -0.00146502
0.01610639 0.00119481
0.01832887 -0.00090992
0.00958984 -0.00080452
0.00487982 0.01120650
0.00228289 -0.00132228
-0.01096078 0.00195363
0.00642418 -0.00194235
0.00512072 -0.00464421
-0.00088088 -0.00428479
0.01179665 -0.00020533
0.00252503 -0.00640391
-0.00633995 0.00467393
-0.00141783 0.00000990
0.00657823 0.00647834
0.00426906 0.00176216
0.00306405 -0.00230901
-0.01232763 -0.00070486
0.01279907 -0.00234607
-0.00053606 0.00353594
-0.00481836 0.00151911
0.01332138 0.00713748
0.00367642 0.01448141
-0.00021868 -0.01336720
0.00223336 0.00563660
0.00372459 -0.00834141
0.01461511 0.00023652
-0.00393829 0.00553175
0.00829667 -0.00553329
0.01000191 0.01044633
0.01190856 0.00506092
0.00311798 -0.00073439
-0.00214057 0.00248612
-0.00775811 -0.01012943
0.00336466 -0.00165947
-0.00194611 -0.00455165
0.00324255 0.00471845
-0.00868920 0.00006646
-0.00410241 -0.00413381
-0.01302299 0.00437487
0.00190752 0.00226258
0.00527636 0.00950958
0.00433567 0.00545199
-0.00344126 0.00201639
-0.00106560 -0.01220248
0.00479578 0.00166443
-0.00231076 0.00321532
-0.00839422 0.00008714
-0.00085772 -0.00234847
0.00195534 0.00433107
0.00709214 -0.01169379
-0.00181804 0.01421070
-0.00573514 -0.00636945
0.00388790 0.01129260
0.00397361 0.00629955
-0.00171805 -0.00734737
0.00990936 0.00354046
0.00228946 -0.01422556
0.00603519 0.00053000
-0.00307637 -0.00976572
-0.00526856 -0.00635578
-0.00482270 -0.01358344
-0.00854768 0.00335623
-0.00208558 -0.00716196
0.00278377 -0.00689941
-0.00604770 -0.00725597
0.01015510 -0.00456334
0.00009219 -0.01292508
0.00089535 0.00568778
-0.00651347 0.00212600
0.00767307 -0.00633443
-0.01394505 -0.00157829
0.00444463 0.00275180
0.00016379 0.00988508
-0.00220605 -0.01047371
-0.00197196 0.00264419
0.00215107 -0.00635210
0.00738885 -0.00145265
0.00405116 0.01821766
0.00507824 0.00807474
-0.00614282 -0.01477769
-0.00256079 -0.00617966
0.00295291 -0.00301092
-0.00407871 -0.00604366
-0.00591297 -0.01058499
-0.01122726 -0.00813113
0.00026784 0.00507730
0.00486151 -0.00357917
0.00290013 0.00773324
0.00303592 -0.00432770
-0.00377522 -0.00130998
0.01011968 -0.00149973
-0.00820752 -0.00718076
-0.00529392 0.00529514
0.00549276 -0.00172729
-0.00150839 -0.00702169
-0.00689774 -0.00029277
-0.00179099 0.00247061
-0.00260985 0.00684404
-0.00005835 -0.00794244
0.00266382 0.00867244
-0.01172600 -0.00163449
-0.01137094 -0.00769632
0.00328579 0.00706524
-0.00439870 -0.00389906
-0.00189476 -0.01382884
0.00621603 -0.00306317
-0.01161483 -0.00457136
-0.00253748 0.00334485
0.00658922 0.00006390
-0.00762983 0.00441352
0.00373936 -0.00377827
-0.00067867 0.00464418
-0.00234056 -0.00371006
0.00291389 -0.00618098
-0.00543496 0.01635951
-0.00809871 -0.00133727
-0.01317603 0.00551615
0.00504601 -0.01139780
0.00418613 0.00520822
-0.00501291 0.00395929
0.00099781 0.00427897
0.00080056 0.00884642
0.00971971 0.00855305
0.00168655 0.00692827
-0.00017252 0.00444494
0.00243132 -0.00652782
0.00855321 0.00193451
-0.00905431 0.00435849
0.00330347 -0.00747352
-0.00588567 0.00268867
-0.00574199 0.00251498
-0.00800718 0.00960485
0.00297900 -0.00873808
-0.00857608 -0.01070549
0.00639426 -0.00927214
0.00281360 0.00893101
-0.00947260 0.01037183
-0.00246015 0.00345718
0.00296158 -0.00538008
-0.00272694 0.00044511
-0.01319741 0.00623157
-0.00672138 0.00777209
-0.00364693 0.00909207
0.00067507 -0.00940769
0.00828581 -0.00490530
0.01161743 0.00393484
0.01636091 0.01135955
0.01072068 -0.00043673
-0.00118583 0.00278395
-0.00500982 0.00501018
-0.00698689 0.00384324
0.01286966 0.01169309
-0.00031036 -0.00335961
0.00573992 -0.00616348
-0.00171473 -0.00957758
-0.00076132 0.00844580
0.00013014 0.00507870
-0.00219544 0.00238872
0.00104502 0.02112451
0.00275304 0.00135960
0.00256546 0.00191966
-0.00040435 -0.00769303
-0.00862984 0.00019784
-0.00545268 0.00843291
-0.00022442 -0.00030766
-0.00657001 -0.00251522
-0.00372575 0.00803555
-0.00755355 0.00274212
-0.00170345 -0.00764310
0.01022884 0.01050698
-0.00334915 0.00546288
0.00317368 -0.00075601
0.00440042 0.00057433
-0.00540893 0.00174280
-0.00589304 0.00380439
-0.01497698 0.00176811
0.00449648 0.00775097
0.00561624 0.00582213
-0.00246909 -0.00496066
0.00280505 -0.00112974
-0.00754645 0.00562112
-0.00186702 -0.00125205
-0.00550376 -0.00898534
-0.00056750 0.00681480
-0.00679612 0.00103710
-0.01234119 -0.00061443
0.01319061 0.00014053
0.00444328 0.00839980
0.00787512 -0.00511072
-0.00813710 0.00388516
0.00185536 0.00487046
-0.00822598 0.00604873
0.01801354 0.00006634
-0.00386318 0.00007713
-0.00493078 0.00261629
-0.00408264 0.00103836
-0.00004109 0.00474163
-0.00023259 0.00217572
-0.00601549 0.01261514
-0.00731420 -0.00243671
0.01143127 -0.00254893
-0.00722521 0.00112325
-0.01633989 -0.00184549
-0.00435357 0.00044381
0.00583603 0.01433643
-0.00345760 -0.00350421
-0.00673262 -0.00200462
-0.01201150 -0.00941200
-0.01461318 0.00814437
-0.00000095 0.00005689
0.00159718 -0.00008999
0.00600614 -0.00003056
0.00059513 0.00650004
-0.00300140 0.00214093
0.00726940 0.00477337
-0.00623940 0.00048119
-0.00433839 -0.00615393
-0.00727927 0.01249420
-0.00356550 -0.00052064
-0.00243006 -0.00163008
-0.00545853 0.00391387
-0.01015403 -0.00801725
0.00023183 -0.00358477
0.00094690 0.01036534
-0.00378787 -0.00022257
0.01209720 0.00409760
-0.01585654 0.00829525
0.00073894 0.00113761
-0.01522215 0.00946415
-0.00113332 -0.00241951
0.00800882 -0.00003253
0.00539073 -0.00921411
-0.00598871 -0.00411670
-0.00002452 -0.00678593
0.00223787 0.00452610
-0.01056797 0.00707088
0.00112653 0.01367433
-0.00607828 -0.01154669
-0.00829347 0.00318472
-0.00218876 -0.01339100
-0.00608971 -0.01371991
-0.00905515 -0.00092955
-0.00030734 0.00309142
0.00416771 0.00614398
-0.00323486 0.00084238
-0.00005444 0.00121782
-0.00588983 0.00013119
-0.00618892 -0.00143624
-0.00616567 0.00076095
0.01094897 -0.00194539
0.00549503 0.00153070
0.00510317 -0.00266372
-0.00433368 0.00162196
-0.00067423 0.00721116
0.01317298 -0.00787548
-0.00047468 -0.00490251
-0.00346176 -0.00086849
0.00374558 0.00188575
-0.00976273 -0.00566793
0.00753289 -0.00013118
0.00143647 -0.00584918
-0.00000490 -0.00649157
-0.00079394 0.00055600
0.00066173 0.00169331
-0.00243175 0.00173924
-0.01022958 0.00524777
-0.01260635 -0.00152647
-0.00131187 -0.00779756
-0.00613866 -0.00445019
0.00671787 -0.00451253
-0.00523915 0.00461411
0.01372037 0.00309440
0.00914810 -0.00071376
-0.00387678 0.00509081
-0.00827036 0.00042043
-0.00043392 -0.01034581
0.00563036 -0.00076765
-0.00763636 -0.01213396
0.00358097 0.00075776
-0.00464030 -0.00168199
-0.00758005 -0.01030579
-0.01024783 0.01489045
-0.00403541 -0.00349614
-0.00717046 -0.00035117
0.00053873 0.00709282
0.00269605 -0.00978604
0.00090105 0.00896325
0.00617696 0.00192222
0.00559977 -0.00587036
-0.01016960 0.00738104
-0.00322239 0.00028119
0.00146192 0.00440716
0.00194254 0.00210443
0.00637214 -0.00141637
-0.00201824 0.00017852
0.00693712 -0.00829106
-0.00575419 -0.00636959
0.00159272 0.00796011
0.00190598 -0.00201141
-0.00694513 0.01385844
0.00025366 0.00448727
0.00421221 -0.00276384
-0.00073121 0.02392936
0.00280480 -0.00045800
0.00400098 0.00242961
0.01070311 0.01149352
0.00159398 0.00752788
0.00061845 -0.00838425
-0.00400977 -0.00560111
0.00310770 -0.00009893
-0.00035616 -0.00226883
-0.00578727 -0.01188467
-0.01162042 -0.00591238
0.00118324 0.00021121
-0.00176703 -0.00217351
-0.00007753 -0.00417136
-0.00054614 -0.01165532
-0.01649788 0.00362542
-0.01045534 -0.00471748
-0.00844004 -0.00241114
-0.00413238 -0.00173474
0.00545873 -0.00282675
0.00829557 -0.00624502
0.00225949 0.00012116
0.01391179 0.00796248
0.00662109 -0.00485342
0.01241657 -0.00107050
0.00867095 0.00279704
0.00234839 0.00576271
0.00719441 0.00155356
0.00584189 -0.00753489
0.00263069 0.00330923
0.00067436 -0.01177195
0.01113468 0.00041146
0.00741952 0.00614240
0.02154147 0.00314033
-0.01144223 0.00532797
-0.00453919 -0.00655093
-0.00289985 0.00719214
0.00048155 -0.00098290
0.00591095 0.00188957
-0.01592559 0.00956420
-0.00432410 0.00033217
-0.01632563 0.01439747
0.01816782 -0.00476133
-0.00646935 -0.00246119
-0.00452965 0.00194228
0.00607086 0.00622890
0.00072644 -0.00515348
-0.01041741 -0.00215879
-0.00845646 0.00429541
-0.00387554 -0.00881986
-0.00665840 0.00917543
-0.00087753 -0.00080128
0.01155904 0.00055613
-0.00223695 0.00004951
0.00761110 0.00669065
-0.00028499 -0.00123286
0.01140465 0.00553827
-0.00079333 -0.00479458
0.00169252 -0.00959062
0.01744904 0.00376618
-0.01574850 0.01372138
0.00513201 0.00235679
-0.00932131 0.00540680
0.00310668 0.00028538
-0.00459167 0.00367066
0.00681395 0.00084544
-0.00154682 -0.01074637
0.00778599 0.01179646
-0.01032964 0.00121597
-0.01093291 -0.00607568
-0.00195995 0.01571141
-0.00069083 0.01081305
0.01202460 0.00238578
-0.00541819 0.00520917
0.00336175 0.00308688
-0.00280753 -0.00170627
-0.00430809 0.00104335
-0.00070620 -0.00785318
0.00371015 0.00104982
-0.00127405 -0.00985818
0.01201731 -0.00344539
0.00473760 -0.00269524
0.01597253 -0.00378956
-0.00416313 -0.00650677
-0.00287398 0.00001105
0.00827403 0.00997123
0.00140771 -0.00662107
-0.00186494 -0.00237044
-0.00574255 -0.00533070
-0.00687292 0.00159119
0.00118060 0.00084601
0.00408908 -0.00694430
-0.00115050 -0.00734900
-0.00856908 0.01068757
0.00120693 -0.00496883
-0.00436942 -0.00035175
-0.00088174 -0.00279861
0.01254550 0.00141896
0.00306146 0.00132512
0.00636648 -0.00194903
-0.00696253 0.00329333
0.00993859 0.00126200
-0.00467762 0.00340503
-0.00070815 0.00347547
-0.00759843 -0.00565041
-0.00760629 0.00282506
0.00782948 -0.00842671
-0.00182801 0.00516817
-0.00878807 0.00107281
-0.00764370 -0.00378403
-0.00181706 0.01301551
0.00415084 -0.00097929
0.00666122 -0.00753277
0.01130558 -0.00468152
-0.00085096 -0.00452835
0.00132172 0.00315333
-0.00920949 0.00506764
0.00029521 0.00176388
0.00778840 -0.00007132
0.00238922 -0.00413311
0.00537455 0.00311230
-0.00556588 -0.00640304
-0.00284070 0.00558054
-0.00984819 -0.01368037
0.00837986 -0.00154462
0.00776609 0.00001047
-0.00382355 -0.01251759
-0.00304467 -0.00655660
-0.00243100 -0.01035588
0.00470361 -0.00805732
0.00710690 0.00451280
-0.00268522 -0.01036347
0.00755978 -0.00651985
0.00235902 0.00232164
0.00230318 -0.00248420
0.01270844 -0.00694993
-0.00088708 -0.00301227
0.01614453 0.00079904
-0.00286261 -0.00117897
0.00485006 -0.00006880
0.00366010 0.00520558
0.00363672 0.00421643
-0.00795330 -0.00480858
0.00133925 0.00280002
-0.00752398 0.00123065
-0.00130401 0.00323219
-0.00525401 0.01001610
0.00500768 -0.00177722
-0.00024732 0.00171464
-0.00462421 0.00031667
-0.00922873 0.01106809
0.00463365 0.00090634
0.00062142 -0.00658151
-0.01795738 -0.01359405
0.00788291 0.02123854
0.01298183 0.01060825
-0.00498758 0.00363442
0.01041061 0.00577420
-0.00932435 0.01266710
0.01328453 0.00093000
0.00099410 -0.00111269
-0.01040427 -0.00298564
0.00319557 -0.00167890
-0.00464747 0.00067840
0.00309782 0.00158607
0.00190405 0.00125919
0.00614469 0.00148612
-0.01150982 -0.01009371
-0.00159739 -0.00458563
0.00772365 -0.00516592
-0.01374837 0.00856479
-0.00404500 -0.00109299
0.00417731 -0.00098636
0.00828520 0.00025322
-0.00488792 -0.00142390
0.00284486 -0.00483153
0.00680237 -0.00440121
0.00637050 -0.00317263
-0.00570291 -0.00016230
0.01162245 -0.00217592
-0.00745388 -0.00297837
0.01823186 0.00454965
0.00099763 -0.01007055
0.00211957 0.00803962
-0.00228071 0.01553777
-0.00255203 -0.00154938
-0.01459977 -0.01053311
-0.00650272 -0.00961455
-0.00293892 0.01430021
0.01601803 -0.00746732
0.00416458 -0.00029030
0.00333540 -0.01227615
0.00279010 -0.00635952
-0.00615462 0.00372704
-0.00185026 0.00810579
0.00442734 0.00378002
-0.00444527 0.00514462
-0.00587673 0.00062622
-0.00542256 -0.00625082
-0.00814449 -0.00479292
-0.00253076 0.00136266
-0.00712842 0.00522200
0.00488927 -0.00277935
-0.00895016 0.00936949
0.00945560 0.00451697
0.00405729 0.00981765
-0.00211303 0.01069705
0.01207064 -0.00100101
0.00314218 0.00128752
0.01013137 -0.00234171
0.00821349 -0.01413281
-0.00833436 0.00478727
-0.00443936 0.00158155
-0.00051372 0.00864002
0.00607655 -0.00545665
-0.00365666 -0.00109330
0.00385282 0.01291080
-0.00059718 0.00276471
0.00797454 0.00101751
-0.01330552 0.00304836
0.00426961 -0.00959204
-0.00821290 -0.00833823
0.01330289 -0.00048410
0.00986023 -0.00537659
-0.00076954 0.00702828
-0.00148665 -0.00988322
0.00044590 0.00747708
-0.00487614 0.00116595
-0.00503359 -0.00003981
0.00367477 -0.00706334
-0.01036362 -0.01060368
0.00181003 0.00051734
-0.00200632 -0.00405334
-0.00635161 -0.00206980
-0.00599770 0.00255935
0.00352142 -0.00712548
0.00085780 0.00335583
0.00501188 -0.00657295
0.00784640 -0.00116316
0.00400280 -0.01311741
-0.00452723 0.01252236
-0.00966130 0.00990574
-0.00806829 0.00866432
-0.00253831 -0.00266691
0.00619478 0.00745390
0.00557981 0.00323132
0.00528196 -0.00558553
-0.00027528 0.00084348
0.01189513 -0.00246753
0.00855582 0.00743209
-0.00308534 -0.00403606
-0.00303867 -0.00973784
-0.00528490 -0.00657257
0.00262784 0.00669499
0.01766617 0.00690724
0.01232166 0.00100376
-0.00552807 0.00596136
-0.00259299 0.00605049
0.01625604 0.02055307
-0.01094385 0.00510252
0.00041274 -0.00544169
-0.00102264 0.00432081
-0.00633235 -0.00576606
0.01017569 -0.00207599
-0.01026694 -0.00002645
-0.00644838 0.00399928
-0.00348530 -0.01374269
0.00202069 -0.00477427
0.00020313 -0.00028304
0.00091914 -0.00243075
0.00246466 0.00601482
-0.00351821 0.00102849
0.00033032 0.00037180
0.00180352 -0.00435854
-0.00068880 -0.00800287
-0.00361623 0.00321400
0.00102149 -0.00087912
-0.00505470 -0.00375710
-0.00741440 0.00862931
-0.00218339 0.00378271
0.00351559 0.00092321
-0.01178472 0.00586777
-0.00353347 -0.00267711
0.00737592 0.00089449
0.01142977 0.00812179
-0.00652940 -0.00486516
-0.00999261 -0.01524715
-0.00982487 0.00418079
-0.00648769 0.00360765
-0.00278060 -0.01665879
-0.00095525 -0.00030003
-0.00372617 -0.00558773
-0.00411829 0.01216277
0.00578517 0.00841679
0.00347718 -0.00849744
-0.00243338 0.00946531
-0.00351799 0.00295905
-0.00050316 0.01272830
0.00726598 -0.00546078
-0.00290032 0.00078441
-0.00263504 0.00572749
0.01490489 -0.00799527
0.00715479 0.00404042
-0.00290617 0.00019902
-0.00123182 0.00309545
0.00437054 -0.00290184
0.00269124 0.00263396
-0.00769054 0.00040801
-0.01667650 -0.00589709
0.01434488 0.01181461
0.00303631 0.00736407
0.00149877 -0.00207716
0.00121424 0.01845222
0.00480834 -0.00070603
0.00389679 -0.00826440
-0.00472859 -0.00590372
0.00688261 -0.00129385
0.00164402 -0.00001550
-0.00047495 -0.00640928
0.00787217 -0.00829191
0.00475055 -0.00585647
0.00865862 0.00427362
-0.00364390 0.00413372
0.00563964 -0.00333381
0.00491570 -0.00508078
0.00327433 0.00634274
0.00025757 0.00021502
0.00266859 0.00251088
-0.00108292 0.00092939
0.00927794 -0.00136742
0.00501836 0.00232578
0.01417571 -0.01533212
0.00297367 -0.00756454
-0.00239377 0.00902606
0.00526330 -0.00190397
0.00840192 -0.00082958
0.00249190 0.00244710
-0.01178799 -0.00811241
0.00947998 -0.00024135
0.01039087 -0.00229869
-0.00579579 -0.00509560
-0.00500053 -0.00133877
0.01224857 0.00240697
-0.01187136 0.00318363
-0.00014477 -0.00855561
-0.00337971 -0.01039758
0.00269368 0.00386484
-0.00495464 -0.00215783
0.00866320 -0.00400245
0.00004085 0.00700238
-0.00110036 0.01140637
0.00598975 -0.00057175
0.00936628 -0.00757068
0.01012951 0.00479539
-0.01072166 -0.00339546
-0.00828668 -0.00479264
-0.01219305 0.00886371
0.01573949 0.01273484
-0.00302379 0.00509658
-0.00819581 0.00163356
-0.00431557 0.00093973
0.00243745 0.00358304
0.00581847 -0.00053851
-0.00625334 -0.00363410
-0.00027443 -0.00256815
0.00349212 -0.00230127
0.00143518 -0.00944787
-0.00341741 0.00412939
-0.01049528 -0.00512655
-0.00506441 -0.00117412
0.00307033 0.00878900
0.00000114 -0.00173105
0.00595893 0.00089534
-0.00216722 0.00153462
-0.00804246 -0.00278082
-0.00213185 0.00140122
-0.00279914 0.00510587
-0.00472136 -0.00806506
0.00898655 -0.00632379
0.00620521 0.00004025
0.01271405 -0.00297863
-0.00323356 -0.00728016
-0.00808921 -0.00350918
0.01411311 -0.00138837
0.00068965 -0.00529577
-0.00618915 -0.00206293
-0.01351305 -0.00704697
0.00586446 -0.00503006
-0.00211812 -0.00244667
0.00848366 -0.00258046
0.00574747 -0.00594617
-0.00638196 -0.00129854
0.00165046 0.00367199
0.01465057 0.00342204
-0.00722077 0.00593399
-0.00966549 0.01121646
0.00149736 0.00191053
-0.00345511 0.00002503
-0.01098625 -0.00006552
-0.00482862 -0.00630616
0.00887723 0.00413463
0.00534404 -0.00929462
-0.00829904 0.00521787
0.00430476 0.00448576
-0.00147640 0.00492619
0.00431882 0.00881112
0.00886877 -0.00534652
-0.00648163 0.00228099
0.00065125 0.00215748
0.00355449 -0.00626970
-0.00497985 -0.01306267
0.01689509 -0.00167588
-0.00947028 -0.00419743
-0.00433015 -0.00637806
-0.00303002 0.01025220
0.00041859 -0.00269137
-0.00592667 -0.00680031
-0.00779814 -0.00632969
0.01038789 -0.00153685
-0.00009722 -0.00802646
-0.00620489 -0.00661272
0.00533461 0.00575798
-0.00189826 0.00088015
-0.00506869 -0.00874327
0.00174058 0.00276554
0.00559648 0.00783664
-0.00053646 -0.01235574
-0.00093087 -0.00479995
0.01743504 -0.00002909
0.00137046 0.01267151
-0.00307365 -0.00369947
-0.00289151 -0.00620370
0.01289167 0.01060172
0.00051876 0.00192739
-0.00177072 0.00302420
-0.00204077 0.00284956
-0.00646873 -0.00667216
-0.01205682 -0.00478471
0.00867122 0.00590664
0.00032550 0.00640172
-0.00122176 0.00423720
0.00513826 -0.00482290
0.01066648 0.00396932
-0.01046248 -0.00176623
-0.00337089 -0.00641656
-0.00243834 -0.00785252
0.00161795 -0.01606226
-0.00056399 0.00434955
-0.00740590 -0.01018716
-0.00197969 -0.00279189
0.00106979 -0.00087528
-0.00471449 0.01855964
-0.01243464 -0.00508641
-0.01369618 -0.00076117
-0.00390657 -0.01026143
-0.00449753 0.00010298
-0.00616102 -0.00110845
-0.00512020 -0.00022448
0.00002007 0.01025034
-0.00961572 0.00480398
-0.00223132 0.01263674
0.00489955 -0.00542890
-0.01027072 0.00121308
-0.00686807 0.00377542
-0.00126704 0.00124374
-0.00072667 0.00053346
-0.00031917 -0.00606783
0.00911896 -0.01195891
-0.00209879 -0.00707542
-0.00430673 0.00473587
0.00074807 -0.00303918
0.02180215 0.00389732
0.00394110 0.00699584
-0.00863878 0.00221916
-0.00609777 0.01867026
-0.00189835 -0.00295190
0.00142391 -0.00051252
-0.00027148 0.01063824
-0.00564480 0.01048108
0.00713459 -0.00603470
0.01437637 -0.00164465
0.00697245 0.00113572
0.00063434 0.00700545
-0.00677822 -0.00843836
0.00109858 0.00564674
0.00343482 -0.00389577
0.00140361 0.00641159
-0.01716802 -0.00347032
-0.01599416 -0.00164658
0.00399509 0.00355947
0.00818480 0.00244554
0.00815848 -0.00151059
0.01846505 -0.00354813
0.00274544 -0.00104491
-0.00082444 0.01576234
0.00677891 0.00382262
0.00409593 -0.00314545
-0.00529141 0.00025096
-0.00742973 -0.01260533
0.00000195 -0.00854605
-0.00924629 -0.00600661
-0.00234343 0.00478179
-0.00069531 -0.00139293
-0.01594995 0.00279391
0.00761308 0.00224210
0.01612430 0.00623639
-0.00528733 -0.00087013
-0.00543635 -0.00466570
0.00905788 -0.00022256
-0.01062968 0.00206449
0.00382654 0.00161943
-0.00735060 0.00376036
-0.00311896 -0.00510759
-0.00497431 -0.00311517
0.00071921 -0.00920173
0.00602291 0.00057904
0.00994190 -0.00509272
0.00420620 -0.00351350
-0.00676295 -0.00876737
-0.00080414 -0.02146934
-0.00561196 0.00686135
-0.00953992 0.00194820
0.00713861 -0.00703967
0.00650021 0.00830601
0.00377098 0.00047814
0.01121600 0.00500885
-0.00405153 -0.00630312
-0.00501105 -0.00727804
0.00259009 0.00567830
-0.00217870 -0.00364257
0.00463256 -0.00658912
-0.00115438 -0.00571973
-0.01126669 0.00354723
0.00728820 0.00312520
0.00228369 -0.00458659
-0.00362447 0.00159698
-0.01211418 -0.00282963
0.00218198 -0.00072485
-0.00704463 0.00722096
0.00267921 0.01261823
-0.00360989 0.00431656
-0.01143336 0.01512796
0.00407342 -0.00859434
0.00471571 -0.00541912
-0.00032494 -0.00172289
0.00264787 0.00265325
-0.00174361 -0.01503853
-0.00011503 0.00195301
-0.00029198 0.00237080
-0.00328411 -0.00054866
-0.01795627 -0.00751649
0.00553288 -0.00112825
-0.00886932 -0.00252876
0.00276681 0.00234711
0.01231848 0.00709819
-0.00701323 0.00336062
0.00737843 -0.00302904
-0.00554628 -0.00004339
0.00107973 -0.01316080
-0.01037546 0.00297959
0.00337693 0.00479632
-0.00782670 0.00632321
-0.00753055 0.00288832
0.00104897 0.00093527
0.00109012 -0.00485960
0.00711448 0.00485858
-0.00116475 0.00053327
-0.00813673 -0.00421999
-0.00513262 -0.00505658
0.00455479 0.00423618
0.00321587 0.00113576
0.00283977 -0.00056871
0.00101586 -0.00621557
-0.00614250 -0.00064144
-0.00969758 0.00407360
0.00084936 -0.00214429
0.00066841 -0.00370253
0.00313550 0.00171418
-0.00149527 0.01064904
-0.00141321 0.00184512
-0.00004627 -0.00059069
0.00151257 -0.00682552
0.00079980 0.00462847
-0.01042160 0.03116033
0.00441708 -0.00912407
0.02016828 0.00088732
-0.00707965 -0.00077280
-0.00297164 0.00597975
0.00645576 -0.00642654
0.00402654 0.00184646
0.01100362 -0.00162500
-0.00585326 0.00003146
-0.00090444 -0.01488652
0.00165462 0.00278280
-0.00306032 -0.00782064
-0.00008962 -0.00487560
0.00024640 -0.00394281
-0.00522271 -0.01143963
0.00016431 -0.00232948
0.00612451 -0.00223641
-0.00453066 0.00280424
0.00541016 -0.00376517
-0.00078744 -0.00293517
0.00870682 0.00483523
-0.00149505 0.00819792
0.00432082 0.00063487
-0.00051016 0.00039527
-0.01092167 -0.00399981
-0.00103017 -0.00478457
0.00351597 0.00988348
0.00456774 0.02200254
0.00020697 -0.00300794
0.00759082 0.00049206
-0.00362859 0.00417440
0.00699034 0.00997943
0.01835198 -0.00152869
0.00201342 0.00474825
-0.00344036 0.00997743
-0.00211905 -0.00959108
0.00564252 0.00242011
-0.00801849 0.00107666
-0.01132510 0.00244991
-0.00043561 0.00118617
0.00496937 0.00482147
0.00235939 0.01183764
0.00482269 0.00659656
0.00390470 -0.00120125
0.01963929 -0.00350562
-0.00356844 0.00151158
-0.00395545 0.00341070
-0.00137297 -0.00123845
0.00121110 -0.00087586
-0.00007134 0.00920683
-0.00453140 0.00692616
0.00122316 0.00890855
0.00732375 -0.00463260
0.00546778 0.00738942
0.00155332 -0.00236175
0.00793098 0.00545312
-0.00073632 -0.01174630
-0.00603372 -0.00081388
0.00594272 0.00583073
0.01406306 -0.00032990
0.00778732 -0.00006338
-0.00450619 0.01186363
-0.00192781 0.00246833
-0.00923623 -0.00111259
-0.00248968 0.01007270
-0.00820811 -0.00613822
-0.00370434 0.00548865
-0.00914280 -0.00575035
0.00415138 0.00031717
0.00018786 -0.00456801
0.00168426 -0.00111250
-0.00376939 0.00143291
0.00373636 0.01269028
-0.00625136 0.00534044
-0.00687042 -0.00401289
-0.00358791 -0.00654847
0.00133159 0.00919184
0.00279709 0.00039482
0.01105426 0.00711655
0.00264087 -0.00596146
0.00116310 -0.00344265
-0.00076084 -0.00688223
0.00314710 -0.00895001
-0.00123890 -0.00006262
-0.00859117 -0.00499135
-0.00478005 -0.00512991
0.00044083 0.00998288
-0.00674427 0.00165965
-0.00883308 -0.00023000
0.01441660 0.00627433
0.00638129 -0.00161069
0.00223156 0.00462086
0.00088500 0.00611451
0.00061270 -0.00184099
-0.00377676 0.00604509
0.00346177 0.00258606
0.01481961 -0.00096807
-0.00570239 0.00159849
0.01040910 -0.00961770
-0.00216457 0.00562466
-0.00483647 0.00886858
0.00648073 -0.01141725
-0.01140547 0.00336426
-0.01473921 0.00968761
0.01631772 -0.00542036
-0.00745931 -0.00669589
0.01318482 -0.00856138
0.00801129 -0.00972764
-0.00287498 0.01151424
-0.01120370 -0.00385757
-0.00470333 0.00018319
0.00023804 0.01358333
0.00659598 -0.00028068
-0.00515521 0.00546990
0.00058912 -0.00465696
0.00164453 0.00362434
-0.00414782 -0.00168960
0.00399187 0.00031559
0.00037479 -0.00679889
0.00419602 -0.00948253
0.00392116 -0.00682684
0.00123138 -0.00773064
-0.00546685 -0.00022381
-0.00015880 0.00763919
-0.00760878 0.01512909
-0.00507925 0.00839437
-0.00398970 -0.01737907
-0.00265168 -0.00619904
-0.00883802 -0.00406016
0.00521744 -0.00273509
0.02120510 0.00511750
-0.01110984 0.01145302
0.00783098 0.01273491
-0.00415284 0.01558649
-0.00666484 -0.00654179
-0.01122814 -0.00258946
-0.00856216 0.00045478
0.00758296 -0.00214733
0.01478155 0.01559807
-0.00695942 0.01217057
0.02028200 0.00918300
-0.00055754 -0.00027692
-0.00995464 0.00942668
0.00037502 -0.00313811
0.00204303 0.00023942
0.01104614 -0.00969962
-0.00273649 -0.00837166
-0.00777392 0.01468369
-0.00530655 -0.00838648
-0.01259186 -0.00362545
-0.00511027 0.02284447
-0.00723519 0.00432806
0.00005734 -0.00615186
0.00157080 0.00503616
-0.00394306 -0.00442148
0.00275507 -0.00942999
-0.00844569 -0.01078775
-0.01268927 -0.00500415
0.00026300 -0.00718719
-0.00345280 0.00027201
0.00084824 0.00440853
0.00444850 -0.00584007
-0.00367202 0.00842772
-0.00698617 -0.00262545
-0.00092214 0.01823078
-0.01155341 0.01054755
0.00628346 0.00534590
0.00278505 0.01430350
-0.00937296 0.00531482
0.00463542 -0.01076709
0.00684676 -0.00088580
0.00279000 0.01111888
-0.00919153 0.00998396
-0.00113281 -0.00214268
0.01538160 -0.00929488
0.00319226 -0.00455433
0.00026802 0.00269266
0.00231941 0.00538626
0.00261930 -0.00012493
-0.00154933 0.01151961
-0.00387832 -0.00328709
0.00718866 -0.01023351
-0.00670292 -0.00079021
-0.00688966 -0.00985023
-0.00360231 0.00067303
0.00586747 -0.01366258
-0.00621443 -0.00632334
-0.00479256 -0.00569877
0.00165359 0.00231185
0.00356567 0.01079966
0.00827393 0.00256530
0.00596968 -0.00104889
-0.00254508 -0.00497307
-0.00688256 0.00716933
0.01588152 -0.00460805
0.00442210 -0.00162593
0.01004755 0.00058215
0.00474362 0.00232890
0.00375080 -0.00000242
-0.00172283 0.00609015
-0.00349991 -0.01149571
-0.00089781 0.00311688
0.00270411 -0.00014119
-0.00120349 0.01328973
-0.01014395 -0.00563260
0.00103822 -0.00125372
-0.00440511 0.00633483
0.00479123 0.01738569
-0.00689521 -0.00865173
-0.00468628 0.02089343
0.00366332 0.00957333
0.01205607 -0.00597682
-0.00458075 0.01588222
0.00192375 -0.00336896
0.01363980 -0.00704139
0.00333660 -0.00199019
0.00104149 -0.01783753
-0.00251955 -0.00963567
-0.00776849 -0.00208966
-0.01233283 -0.00874651
-0.00144238 -0.00841407
-0.00247372 0.00130116
-0.00254524 -0.00889256
-0.00790979 -0.00598791
-0.00112230 -0.00141563
0.00672728 0.00400174
-0.00344248 0.00052717
0.00570538 -0.00129074
-0.00601483 0.00563698
0.00196205 0.00458667
0.01137078 -0.00365332
-0.00282816 0.00661770
0.01308697 -0.00146206
0.00301267 0.00090731
-0.00337976 -0.00180626
-0.00121515 -0.00251785
0.00733900 -0.00375454
-0.00439573 0.00400035
0.00226785 0.01054974
-0.00401122 0.00189644
0.00364525 0.00904128
0.01557368 0.01166063
0.00102268 0.00949143
0.00120163 0.00114054
0.00124371 -0.02037560
-0.00525818 -0.00056440
-0.01009848 0.01621198
0.00328652 -0.00806926
-0.00883796 0.00448745
-0.00845853 0.00164798
-0.00143173 -0.00073936
0.00376124 -0.00410197
-0.00403010 -0.00153408
0.00601982 -0.00259814
-0.00282480 -0.01184417
-0.00273228 -0.01702988
-0.00575107 -0.00158166
-0.00809743 0.00439128
-0.00365561 0.00453989
0.01206162 -0.00028271
0.01018766 0.00809119
0.01869815 0.00254434
0.00076334 0.00022131
-0.00494349 -0.00226953
-0.00192731 0.00467283
0.00104369 -0.00172188
-0.00503845 -0.00234665
-0.00569743 0.00655064
-0.00865300 -0.00794761
0.00620333 0.00290772
-0.00142221 -0.00462098
0.00790302 -0.00334628
-0.00299618 0.00105575
-0.00493366 0.01951891
0.00261570 0.00153889
0.00362085 0.00113841
-0.01512044 0.00464694
0.00917588 0.00839863
0.00940640 0.01073409
0.00769441 0.01014099
-0.01064766 0.01153652
-0.00317573 0.00843846
0.02279208 -0.00709056
-0.00304436 0.00706706
0.01670646 0.00256814
0.00478223 0.00607226
-0.00439347 0.00498197
-0.00477437 0.00240141
0.01120616 0.01145027
0.00826699 -0.00137589
-0.01101925 -0.01162652
-0.00931282 -0.00810237
0.00521911 -0.01034260
-0.02120203 -0.00300394
0.00840540 0.01413380
0.00989623 0.00525915
-0.00937133 -0.00787548
0.00215085 0.00500533
0.00410549 -0.01577545
-0.00545074 0.00089364
-0.01480554 -0.00911478
0.00431966 0.00696218
-0.00672411 0.00447838
0.00532809 0.00908452
0.01074676 0.00564336
0.01040417 -0.00336222
0.00536297 -0.00404807
0.00710034 -0.00336684
0.00751345 0.00209418
-0.00651500 0.01331322
0.01321969 -0.00589613
0.00765260 -0.00929030
0.00534426 0.01580749
0.00945267 0.01968712
0.00271301 -0.01499583
-0.00151344 -0.00013184
-0.01555827 -0.00474378
0.00441293 0.00501248
0.00860238 -0.00159157
-0.00255911 0.00782188
0.01346290 0.00336340
0.00773894 -0.00358437
0.00787673 0.01241121
0.00747930 -0.00373477
-0.00612538 -0.01256592
-0.00194077 -0.00125476
0.00182871 -0.00418916
0.01911634 0.00344160
0.00061163 -0.00286067
0.00523570 -0.00791657
-0.00380194 -0.00705448
-0.00869800 -0.00650767
-0.00319010 0.00515940
0.00116543 0.00781190
0.00573716 0.00772199
-0.00303487 -0.00017538
-0.00112599 0.00135979
0.00630919 -0.00512373
0.01393090 -0.01054999
-0.00980453 -0.00279159
-0.00981011 0.00080506
0.01210292 -0.00675428
0.00429669 -0.00897923
-0.00114414 -0.00181554
0.00402205 -0.00555454
0.00235496 -0.00770832
0.00085783 -0.00004519
-0.01543202 -0.00559274
-0.01262656 -0.00222442
-0.00201177 0.00660456
-0.00901654 0.00231202
-0.00033807 -0.01303322
0.01497569 -0.00556283
0.00203219 0.00650598
0.01601474 -0.01149009
-0.00986263 0.00127826
0.00020402 -0.00127148
0.00474508 -0.00105149
-0.00425736 -0.00306684
0.00540675 -0.00444277
-0.00551709 0.00632021
-0.00623769 0.00381189
0.00911529 -0.00013378
0.01260639 0.00202130
0.00104295 0.00769280
-0.00890365 0.01496816
0.00915347 0.00811414
-0.00223763 -0.00128815
-0.00351569 -0.01068366
0.00942162 0.00696213
-0.00898722 0.00654633
-0.01265935 0.00063644
0.00599698 0.01472233
0.00006843 -0.00270388
-0.00309731 0.00298572
0.00931733 -0.00099793
-0.00064360 -0.00199424
0.01258560 -0.00070290
-0.00344824 0.00922151
-0.00282568 0.00303788
-0.00067536 -0.00366236
0.00327809 -0.00352363
-0.00742745 -0.01163250
0.00198506 -0.00523645
0.00632463 -0.00636831
0.01165005 -0.01153781
0.00687848 -0.00788183
-0.00693047 -0.00472740
-0.00612933 -0.00456110
0.00297787 -0.01149695
0.00720608 -0.00045051
-0.00150656 -0.00518629
0.00130425 -0.00254606
-0.00496191 -0.00409422
-0.00475688 0.00389598
-0.01325557 -0.00227289
-0.00637246 0.00326634
0.00046270 -0.01100544
-0.00468507 0.01255231
-0.01032936 0.00761477
-0.00779324 -0.00331874
-0.00560441 -0.01241766
0.00438224 -0.00266603
-0.00164239 -0.00220469
-0.00101293 -0.00092037
-0.00253009 -0.00387916
0.00682077 0.00176606
0.00796606 -0.00163699
-0.00739389 0.01387531
-0.00612422 -0.01003436
-0.00050758 -0.00686564
0.00910955 -0.00363056
0.00915614 0.00126866
-0.00321171 -0.00006060
0.00366933 0.00106224
0.00360629 0.00116638
-0.00291370 0.00273435
0.00712686 -0.00169181
0.00089802 -0.00246740
0.00401449 -0.00422910
-0.00197787 -0.00477855
-0.00652911 0.00185191
-0.00143077 0.00783751
0.00049414 -0.00336821
0.01158185 0.01301537
-0.00747912 0.00540373
0.00819234 0.01296652
0.00631625 -0.01915213
-0.00034591 -0.00616395
-0.00499441 -0.00404998
0.00729504 -0.00788946
-0.00220079 0.00600412
-0.00124098 0.01005852
-0.00010578 -0.00027730
0.00167238 -0.00261701
-0.00211065 0.00532954
0.01551518 -0.00252590
-0.00357470 -0.00678955
0.01086203 0.00183300
-0.00467313 -0.00464364
0.00342192 -0.00462229
0.00710516 0.00284178
-0.00830233 0.00236855
0.00480220 -0.00721756
0.00479558 -0.00236706
0.00091444 0.00460614
0.00028653 0.00115590
-0.00256360 -0.00815945
0.00041040 -0.00409931
0.00569261 -0.00049685
-0.01428735 0.01069568
-0.00006751 -0.00416416
-0.00081714 0.00866551
-0.00335716 -0.00748182
0.00759053 0.00302196
0.00260827 -0.00626922
-0.00157200 -0.00428413
0.00665541 -0.00510007
0.01236605 0.00484417
-0.01120762 0.01960603
0.00059442 -0.00364101
0.00228794 0.01065814
0.01165230 0.00233100
0.00548672 -0.00962057
-0.00200690 -0.00338456
0.00042222 -0.00860501
0.00354011 -0.00105582
0.00458338 0.00065540
-0.00130905 0.00655854
0.01155077 -0.00819889
0.00094162 0.00072235
0.00060274 -0.01237705
0.01095975 0.00280796
0.00717160 0.00409435
-0.00701033 0.00626837
0.00253803 -0.01989027
0.00592852 0.00015038
-0.00549959 -0.00253092
0.00653930 0.00685388
-0.01047857 0.00551352
0.00808107 0.00197194
-0.00264179 -0.00393735
0.00551535 -0.00008698
0.00271953 0.00356596
0.00015788 -0.00317640
0.00209703 0.00677212
-0.00568129 -0.00611392
-0.00117192 0.00362092
0.00848677 0.00606022
0.00183345 -0.00510806
0.00814007 -0.00294129
-0.01289933 -0.00320239
-0.00880558 -0.00594783
0.00437358 0.00719702
0.00960047 -0.00422167
0.00009207 -0.00943618
0.01014580 -0.00151868
0.00823286 -0.01076328
0.00449843 -0.00139356
0.00259512 -0.00097136
-0.00879079 -0.00397681
-0.00509867 -0.00252743
0.00010789 -0.00177608
-0.00268722 0.00804722
0.00477663 0.00308958
-0.00226902 -0.00117374
-0.00516347 0.00313607
0.00379047 -0.00692231
0.00783174 -0.01014910
-0.00243646 0.00468997
-0.01420628 0.00303878
0.00354330 -0.00650598
0.00009755 0.00384450
-0.00720290 0.00653747
-0.00823060 0.00015759
-0.00371892 -0.00853230
-0.01054229 0.00997583
-0.00820159 -0.01130771
-0.00494280 0.00872881
-0.00076482 0.01064810
-0.01314199 -0.00825143
-0.00562184 0.00814481
-0.00294496 -0.00155648
-0.00783768 -0.00482214
0.00140087 0.01470500
-0.00030109 -0.00398012
0.00520620 -0.00089382
-0.00540900 0.00974711
-0.00626182 0.00265708
0.00052861 0.00414093
0.01122191 0.00320006
0.01157765 -0.00389076
-0.00060636 -0.00408569
-0.00305858 -0.00643947
-0.01131470 -0.00257545
-0.00359790 0.00294829
-0.00458674 -0.00230535
0.01106951 -0.01667455
-0.00361518 -0.01306793
0.00128379 -0.00778023
0.00006150 0.01577289
-0.00401527 -0.00432255
0.00938470 -0.00889571
-0.00904785 -0.00111307
-0.00436863 -0.01582781
0.00843637 -0.00470689
-0.00618234 -0.00192622
0.00684338 -0.01970805
-0.00091074 -0.01357429
-0.00929197 -0.00225652
-0.01007100 -0.01569810
0.00407469 -0.00174457
-0.00398524 -0.00105604
-0.01314829 -0.00088724
0.00676817 0.01476618
-0.03020694 0.00791393
0.01342814 -0.00522886
0.00025283 -0.01052522
-0.01589294 -0.01169165
-0.01436500 -0.01432075
0.00859626 -0.00425008
0.01327053 -0.01120088
-0.00285801 0.00131108
0.03780440 0.00144228
-0.00188290 0.00991272
0.01753878 0.01653324
-0.00464465 -0.00773333
-0.00398901 -0.01411060
-0.00011027 -0.01320547
0.00042916 -0.00041924
-0.00538330 -0.01385920
-0.00057858 -0.00112571
-0.00299333 -0.00565373
0.00154728 0.01256988
0.01072858 -0.01767687
0.01035642 0.01133518
0.00221389 0.00305013
-0.02150157 -0.00354363
-0.01197985 0.00422969
0.01289195 -0.00989729
-0.00678206 0.00587611
0.00325534 -0.00796369
0.00957569 -0.00584125
0.00684958 -0.00957478
-0.01178693 -0.00026009
-0.00112190 -0.00229573
-0.00673838 0.01230453
0.01120023 0.01207890
0.00146111 0.00180324
-0.01341716 0.00538639
-0.00909478 -0.01842473
0.01229182 0.00987857
-0.00395676 -0.01334073
0.00113847 -0.00441914
0.00087012 -0.01219548
-0.01324605 0.01130487
-0.00006424 -0.01349321
0.01611883 -0.01820341
0.01737411 0.00158948
-0.01485834 -0.00518547
0.01306185 0.00675920
-0.00163749 -0.00160657
0.00328398 -0.00438468
-0.00218990 -0.01794241
0.01447020 0.00173579
-0.00415714 0.00801177
-0.01028156 0.00497474
0.01628742 -0.01481154
-0.00206818 -0.02203969
0.00647489 -0.00837093
0.00526717 -0.01342841
-0.01209344 -0.00511042
-0.00622873 0.02052466
0.00420335 -0.02110177
0.02004178 0.01528813
0.01625771 -0.02719508
-0.01030299 -0.01185592
-0.01003493 -0.00064384
-0.00409931 0.00478103
-0.01229407 -0.00811709
-0.01236983 -0.00272548
0.00426433 -0.02255094
-0.00759589 0.01000023
0.00714946 -0.00881703
-0.01276322 -0.01162926
0.00976241 0.00191067
-0.02900620 0.00500056
0.01767307 -0.02616534
-0.01092128 0.01170219
-0.00947705 -0.00064621
-0.00432026 0.01130699
0.00754951 -0.01477961
0.01381989 0.00647965
0.01317087 0.00516617
-0.00686895 0.00512586
-0.01843068 -0.00041566
-0.00524046 0.00160544
0.00162069 -0.00629576
0.01076024 0.02097966
0.00972956 0.01097088
-0.00026760 0.01412513
0.00564235 -0.01425591
-0.02262418 0.00101426
0.00413261 0.00082429
0.01177146 0.00853945
-0.01310811 0.00612192
0.00544134 0.00826085
-0.00952945 -0.02336354
-0.00797493 -0.00140461
-0.01388035 -0.01381525
-0.01231747 -0.01053118
-0.01032769 0.00657262
0.00240505 -0.01111705
-0.00584581 -0.00344764
-0.00583773 -0.00484240
-0.00159350 -0.00978746
-0.00365091 -0.00450344
0.00894637 -0.00355074
0.00063124 -0.01309942
-0.00677599 0.00297196
0.00982122 0.01340483
0.00876508 -0.00032593
-0.00619209 -0.00214974
0.01199280 0.01921168
-0.01456308 -0.00690491
0.00735606 -0.01304652
-0.00251506 0.00085757
-0.00236668 -0.00725191
-0.01083747 -0.00106332
-0.01421933 0.00251224
-0.00748066 0.00217852
-0.00537549 -0.00170050
0.00557293 -0.00230047
0.01067981 0.01423430
0.00619968 0.00224055
-0.00919800 0.01516174
-0.02194620 -0.00092734
-0.00546693 -0.01117036
-0.00825401 -0.01572124
-0.00046025 -0.02026958
0.02666487 -0.00267788
-0.00481491 0.00018172
0.00758972 -0.00615887
-0.03155724 0.01094658
0.00492691 -0.00500741
-0.01613704 0.00150068
0.00463208 0.00750205
-0.00714494 0.00412309
0.00387073 -0.00245602
-0.00865723 -0.00362395
-0.01007730 -0.00438417
-0.01481162 -0.01769900
-0.00035945 -0.00160486
-0.00018060 0.00386098
0.00089181 0.00398956
0.00617360 -0.01454346
-0.01904109 0.00974961
0.00390313 -0.01178621
0.00910843 0.00502220
-0.00127089 -0.00953862
-0.01216263 -0.00144968
0.00301779 -0.01793315
-0.00937690 0.00255092
0.00343969 -0.00914708
0.00106962 -0.01165707
-0.00273756 -0.00378783
0.00460466 -0.01194781
-0.01211013 -0.00216976
0.01072567 -0.00020859
-0.00459062 -0.01440416
0.00103458 0.00585528
0.00756024 -0.02032507
-0.00078532 0.00745195
-0.00613891 0.00986248
-0.00189552 -0.01353170
-0.00652011 0.00536535
-0.01355724 0.01517193
0.01387479 -0.01839746
0.00533372 -0.01563104
0.00740073 -0.00157341
-0.00678011 -0.00701931
-0.01464052 0.00012837
-0.01628688 0.00790207
0.00575480 0.02189052
-0.01431685 0.01864165
-0.00110528 0.00438558
0.00042834 -0.00304575
-0.00177376 -0.01918132
-0.01212071 -0.00173005
-0.00091303 -0.00371557
-0.00361976 -0.00711665
0.00573673 -0.00516032
-0.00920831 0.01394695
0.00344680 0.01858429
0.00194771 0.00330614
-0.01714811 -0.00023065
0.00135168 0.00705124
-0.02399750 -0.01450456
-0.01050148 -0.00117069
0.00840251 -0.00583455
-0.02074507 -0.00456264
0.00529086 0.00156788
0.01472812 0.01323618
-0.00902215 0.01516906
-0.00246212 0.00775801
0.02200125 0.01518425
-0.01162788 -0.00208727
0.00535402 -0.02065898
-0.00958505 0.00642348
-0.01115486 0.01122199
0.02377132 -0.00308969
-0.01131211 -0.00968310
0.00376314 -0.00800095
0.01083964 0.01725527
-0.01616902 -0.00328603
0.00404298 -0.00500221
-0.00175020 -0.00243786
-0.00035551 -0.00048255
0.01052405 -0.00449577
-0.00155575 -0.00607452
-0.00793094 -0.00448864
0.01135604 0.00046442
-0.00708265 0.00309742
-0.00883987 -0.00382370
0.00603536 -0.00352354
-0.00172014 0.00243315
0.00504160 -0.00387893
0.00812888 -0.00023349
-0.00042535 -0.00000687
-0.00694289 0.00652845
0.00219063 0.00510616
-0.00098551 -0.00433947
-0.00555597 0.00845970
-0.01058419 0.00339658
-0.00432019 0.00172896
0.00923218 0.01087102
0.01271239 -0.00323195
0.00319125 -0.00252567
0.00313215 0.00860737
-0.00435598 -0.00333265
-0.00067869 0.00618220
0.01848452 0.00395223
-0.00430273 0.00468930
0.00353916 0.00756585
0.00198970 0.01186012
0.01325939 0.01962290
-0.00570818 0.01796406
-0.00270862 0.00205753
-0.00643678 0.00304083
0.00386410 -0.00423762
0.00324881 0.01372605
-0.00362090 0.00130574
-0.00974808 0.01277696
-0.00879644 -0.00071975
-0.00724518 0.00464595
-0.00137969 0.00433352
0.00093896 0.00146273
-0.00397523 0.00052320
0.00089817 -0.00338257
0.00995581 0.00913579
0.00012847 -0.00697891
0.01485439 0.00212785
0.00764005 0.00458498
-0.00469775 -0.00308378
0.00464317 0.00249144
0.00039563 0.00833969
-0.00244035 -0.01183548
0.00737564 0.00231359
-0.00017030 0.00644017
0.00526288 -0.00186867
0.00291202 -0.00631310
0.00533630 0.00907867
-0.00699928 0.00543417
-0.00971882 0.00326380
-0.00697764 0.00232661
0.00505099 -0.00147606
0.00747167 0.00836632
-0.00011658 0.00693212
-0.00830525 0.00755618
-0.00116373 -0.00105957
0.01400029 0.00325350
-0.00097337 -0.00213045
-0.00977606 -0.00427430
0.00361402 -0.00199457
-0.00659129 0.00890668
-0.00048074 -0.00241948
0.00222265 -0.01037521
0.02170708 -0.00246536
0.00918568 -0.00283490
0.00107952 -0.00081667
-0.00360325 0.01019889
-0.00351823 0.00184586
-0.00056436 -0.00059181
-0.00737853 0.00736642
-0.00377967 -0.00395936
-0.00076485 -0.00442583
0.00748531 0.00056737
-0.00306744 -0.00498180
0.00366342 -0.00097427
-0.00645127 -0.01406077
-0.00476611 -0.00033877
0.00213948 0.00000482
-0.00677843 0.00579932
-0.00843262 0.00025072
0.00503710 -0.01008056
0.00066349 -0.00685919
0.00537370 0.00350425
-0.00293574 -0.00273309
0.00537757 -0.00136359
0.00445485 -0.00766185
-0.00360795 0.00711086
0.00184611 0.00626279
0.00230454 0.00591975
-0.00451953 0.00890352
0.00065780 -0.00930460
-0.00376960 0.01121055
-0.00096847 -0.00801024
0.00330252 -0.00388325
0.00800512 -0.00039800
-0.00784703 0.00908316
0.00136445 0.00484377
-0.00171646 -0.00955117
0.02158559 -0.00328396
-0.01026278 0.00130203
-0.00820551 0.02748080
-0.00400582 -0.00133458
-0.00532696 -0.01382184
0.01327052 -0.01881822
-0.00769216 -0.00573597
0.00178161 0.00232817
0.00591688 0.00325766
0.00239943 0.00374642
0.00403756 -0.01056414
-0.00794709 -0.00664791
-0.00783041 0.00064656
0.00103754 0.00281755
-0.00941361 -0.01072259
-0.00210468 -0.00478238
-0.00933791 -0.00722548
0.00172373 0.00222380
-0.01537682 0.00656475
-0.00162370 -0.00152741
0.00423790 0.00767940
-0.00878049 0.00698366
-0.00045240 0.00445275
-0.00492583 -0.00443940
0.00204658 -0.00692011
-0.00282580 -0.00333375
0.00075954 0.00380145
-0.00254665 0.00813984
-0.00954232 -0.00137662
-0.00239633 0.02245085
-0.00235226 -0.00288053
-0.00450644 -0.00778811
0.00012592 -0.00386649
-0.00818789 0.01501515
0.00705657 -0.00216169
0.00264023 -0.00023193
0.01768736 0.01029134
0.00910726 -0.00165262
-0.00205457 0.00806155
-0.01490652 -0.00166573
-0.00605936 0.00839170
0.00302677 0.01502304
0.00244830 -0.00336317
0.00538818 0.00063491
-0.01658648 0.00375613
0.00099927 0.01842821
-0.00173418 0.00082392
-0.00577385 0.01070266
0.00124252 0.00023435
-0.00039240 0.00173789
0.00597577 0.00315499
-0.00044505 -0.00270536
0.00641075 -0.00297958
0.00001352 -0.00035039
0.00350718 -0.00153903
0.00106484 -0.00442174
0.00689097 -0.00533114
-0.00188859 0.01473888
0.00499515 -0.00927566
0.00871668 0.00013154
-0.00458514 0.00566771
0.01908906 0.00667553
-0.00970414 0.00145743
0.00106821 0.00340481
-0.00105440 -0.00180653
-0.00594577 -0.00804734
0.01130409 0.00313237
0.00031967 -0.00391386
-0.00854840 -0.00157100
0.00260181 0.00071116
-0.00866891 0.00278545
0.00431718 -0.00220624
0.00534793 -0.01084079
0.00707117 0.00018250
-0.00572284 -0.00521966
0.00356674 -0.00175277
0.00049273 -0.01026441
-0.01057904 0.00316032
-0.00074819 -0.00913225
0.00208384 0.00350589
-0.00105245 -0.00016906
0.00546422 0.00060865
0.00542928 0.00126515
0.00862615 0.00195529
-0.00060885 -0.00856256
-0.00740355 0.00295540
0.00530970 0.00449715
0.00281072 0.00374416
-0.00872586 0.01316468
-0.00559282 0.00234413
0.00976267 -0.00989838
0.01016204 0.00057145
0.00441885 0.01110834
-0.00029225 -0.00508864
-0.00473891 -0.00916873
0.00888193 -0.00221408
-0.00392555 0.01223875
-0.01263979 0.02493183
0.00561522 -0.00333396
0.00297300 0.00548071
-0.01334355 0.00366988
-0.00296101 0.00182794
0.00106058 -0.00660505
0.00700756 -0.00102341
0.00182986 -0.01118049
0.00036201 0.01111032
0.01853718 0.00577442
0.00531465 0.00638882
0.00308956 -0.00032344
0.00436922 0.00953995
-0.00861907 -0.00756509
0.00306372 -0.00713694
-0.00283932 -0.00092936
0.00662595 -0.00206251
-0.00285930 0.00378235
0.00762315 -0.00389259
0.00331460 0.00270355
0.00028602 -0.00446025
0.00671871 0.00054208
-0.00185676 0.01224309
-0.00573662 -0.00134710
0.00236132 -0.00902942
0.00172961 -0.00370992
-0.00632294 -0.00928773
0.00230908 -0.00589679
0.00256891 -0.00401050
0.00609866 0.00111516
0.00218955 0.01103081
0.01095868 0.01320934
0.01189176 -0.01547585
-0.00315241 0.00012350
0.00110255 -0.00394728
-0.00943448 -0.00328023
-0.00513075 -0.00031465
-0.00337029 -0.00200834
-0.00556565 -0.00586140
0.00238160 0.00006362
0.00431601 -0.00436538
-0.00656878 -0.00305463
-0.00452402 0.01330621
0.00693528 0.01257241
-0.01031380 0.00693720
0.00225814 0.00808470
-0.00210430 -0.00262263
0.00489273 -0.00113166
-0.00792089 -0.00492013
-0.00085055 -0.00061262
-0.00568742 0.00539882
-0.00002384 0.00278910
-0.01709576 -0.00638450
0.00593117 0.00064038
0.00567629 0.00304827
-0.00805587 -0.00404921
-0.00132651 -0.01245836
0.00002525 0.00034233
0.00935192 0.00078038
-0.00176934 0.00614096
0.00174748 0.01705726
-0.00584110 0.00697820
0.00892294 -0.00787423
-0.00210185 -0.00430775
0.00142152 -0.00548730
0.00626521 0.00557445
0.01436611 0.00441789
0.00601281 0.00225337
0.01031639 -0.00727192
-0.01112877 0.01072981
0.00575326 -0.00854512
-0.00015704 0.00012407
0.00177591 -0.01061955
0.00292119 -0.00010182
0.00762142 0.00314204
-0.00004417 0.00178427
0.01130327 -0.00023468
0.01681523 -0.01196688
-0.00394669 -0.01252471
-0.00276861 -0.00524197
-0.00242060 0.00824532
0.00695442 -0.00155418
-0.00093977 0.00627765
-0.01884261 0.00161305
-0.00064867 -0.00024343
0.00214068 -0.00374546
-0.00243399 0.00668199
0.00099103 0.01694791
-0.00208645 -0.00799760
-0.00238290 0.00507286
-0.00401503 -0.00515219
0.00139379 0.00535734
-0.01271332 -0.00739562
-0.00479288 0.00134103
0.00152018 0.01169706
0.00672889 0.00000465
-0.00303666 -0.00351745
-0.00876339 -0.00321565
-0.00221417 0.01017315
-0.01453210 0.00523749
-0.01005646 -0.00016168
0.00106041 -0.00226225
0.01517729 0.00224353
0.00195997 0.00003227
-0.00706288 -0.00435583
-0.00093448 -0.00122680
-0.00809182 -0.00556879
-0.00474579 -0.00236649
0.00576480 0.01172499
-0.00657514 -0.00871684
0.00775114 -0.01144173
-0.00489315 0.00354083
0.00624734 0.00187117
0.00732241 0.00223970
0.01458543 0.01214215
-0.00342475 0.00386460
-0.00119246 0.00131543
-0.00347871 -0.00901578
-0.00175568 -0.00142543
0.00974497 0.00207780
-0.00915721 -0.00806714
0.00959465 0.00068937
0.00573810 0.00677567
0.01596513 -0.00130385
-0.00673754 -0.00040432
-0.00679159 0.00006671
0.00841323 0.01317184
0.00063715 0.00098176
-0.00924054 -0.00138289
-0.00975643 -0.00282314
0.00721726 0.01406595
-0.00490226 -0.00417866
-0.00229165 0.00901360
-0.00483873 0.00039329
0.00244052 0.00186822
0.00160681 -0.00536072
-0.00605776 0.00625097
-0.00104064 -0.00107372
-0.00461246 0.00051663
-0.00941453 0.00305437
0.00867255 0.00161513
-0.00314632 -0.00453377
0.00279221 0.01391790
0.00028300 -0.00651198
0.00282933 -0.00828443
-0.00624952 -0.00128166
-0.00261096 -0.00431465
0.00369642 0.00242010
0.01102171 0.00237809
-0.00238466 0.00584265
0.00627244 -0.00086443
-0.01043528 0.00636627
-0.00541296 -0.00078725
-0.00043023 -0.00232905
0.00998257 -0.00019921
0.01259321 0.00127695
0.00295609 0.00490454
0.00716206 -0.00956359
0.00142270 -0.00685412
0.00533673 0.00497038
-0.01715992 -0.00801667
-0.00730641 -0.01292342
0.00144506 0.00230832
0.00432779 0.02021510
-0.00817101 0.00234097
-0.00300973 0.00066015
0.00384144 -0.00652734
-0.00409349 -0.00295422
0.00560137 -0.00829183
0.00641441 0.00833464
0.00787825 -0.00115192
0.00337130 -0.00000622
0.00763233 0.01304311
-0.00710429 -0.00381956
0.00451027 -0.00323083
-0.00696672 0.00462954
0.00733094 0.00027647
0.01091309 0.00333301
0.00557334 0.00351902
-0.00733343 0.00215218
-0.00126091 -0.00210864
0.00390351 -0.00987917
0.00498781 -0.00406097
-0.00042856 -0.00989872
0.00586840 -0.00802462
-0.00281047 -0.00649537
0.00429470 -0.00273774
-0.00657222 -0.00293493
0.00865086 0.00365196
-0.01308309 0.01369295
-0.00417652 0.00365330
-0.00647060 -0.00118534
-0.00047706 -0.00018163
-0.00032649 0.00533290
0.00480249 0.00042708
0.00276039 -0.00711002
-0.00366237 -0.01465993
-0.00259404 -0.00063518
-0.00269486 0.01074300
-0.00027352 0.01760685
-0.01311460 -0.00642383
0.00167720 -0.00084552
-0.00568933 -0.00999984
0.00501315 -0.00015846
-0.00360804 0.01544731
-0.00072180 -0.00257348
-0.00385303 0.00178636
-0.00026856 0.00023830
0.00459565 0.00063105
0.00275976 0.00749863
0.01027407 -0.01110882
-0.00457776 0.00287822
-0.00314522 0.00729260
0.00477779 0.00168360
0.00003292 -0.00106494
0.00763539 0.00462224
0.00941124 -0.00168930
-0.00274405 -0.00316369
0.00742444 0.00346678
-0.00090673 -0.00249186
0.00488329 -0.00191601
-0.00553140 0.00086208
-0.00049060 -0.00294362
0.01070467 0.00439362
-0.00349663 -0.00465891
-0.00924892 0.00701031
-0.01740086 -0.01060280
0.00456232 -0.00253259
0.00611276 0.00632078
-0.00699446 0.00019571
0.01490640 -0.00947152
-0.00330105 0.01207880
0.00975020 -0.00772847
0.00113210 -0.01088773
-0.00855352 0.01182146
-0.00441487 -0.00057890
0.00098419 -0.00961704
-0.00680703 0.01803287
-0.00258794 -0.00044551
-0.01369319 0.00919193
-0.00878183 0.00321258
-0.00342195 0.02161433
0.01618893 0.00550385
-0.00512079 -0.01516339
-0.00952247 0.00272752
0.00096608 -0.00297033
-0.00926571 0.02291550
-0.00528540 -0.00148447
-0.01020732 -0.01024906
-0.01012920 -0.00649836
-0.01742993 0.00344404
0.01542581 0.02804485
0.00763662 -0.01184026
-0.01662333 0.03255247
0.01935345 0.01407343
0.01305396 -0.00183610
0.00132501 -0.00533992
-0.00905262 -0.01716442
0.00053074 -0.00916866
-0.01516099 -0.01898647
-0.01039648 -0.00527255
-0.01334003 0.01165040
-0.02026753 0.00041757
-0.02397059 -0.00584360
-0.00786611 0.00775412
0.00993888 0.00789542
0.00522853 0.00713067
0.00811658 -0.00076765
0.00055419 -0.00956425
-0.00372391 -0.01288451
0.00094488 0.00052156
-0.01682833 -0.00633622
-0.00539275 0.00407165
0.00252686 0.00823107
-0.00211169 -0.01509247
0.00635421 0.00329490
-0.00301722 0.00063745
-0.01224324 -0.01912897
-0.00741305 -0.01421291
-0.00019614 0.00219224
-0.00383248 -0.00164718
0.00416957 -0.00901883
-0.02029432 0.00014757
-0.01225388 -0.01848799
-0.00276148 0.01146154
0.00323108 -0.00274358
0.00131560 -0.02822797
-0.00467393 0.00113653
-0.00760302 0.00414668
0.00110922 -0.00000230
0.01075792 0.01320059
0.01085361 -0.00065719
0.00241426 -0.00394880
0.00685904 -0.00659961
-0.01573286 -0.00063854
-0.01283518 0.00007112
0.00985236 0.01496095
-0.00222107 -0.00329604
0.00913744 -0.00069393
-0.01702605 -0.02138261
0.00279048 0.01570440
-0.01554478 0.00101925
-0.01164386 0.00846672
-0.00391617 0.00863181
0.00073665 0.00109015
0.00351327 -0.01119688
-0.00259677 -0.01205891
0.00156859 0.00330990
-0.01340484 0.00234721
-0.00192352 0.00059630
0.00224380 -0.00294501
0.00750135 0.01673691
-0.00862962 -0.00578957
-0.01929724 -0.00193193
-0.01289667 -0.00969302
-0.00781637 0.00823011
0.01134593 0.00048715
-0.00528787 -0.00110390
-0.02276548 0.00213834
-0.00102558 0.01174505
0.00821957 -0.01692258
0.00405688 0.00374696
0.01314526 0.00502415
-0.00120143 -0.00200786
-0.00844821 0.01251334
0.01040084 0.00204954
-0.00453859 -0.00654249
0.00734578 0.00436467
-0.00861746 0.00629382
0.00987927 0.00145178
0.00810951 0.00499981
-0.00570666 -0.01154361
0.01077794 -0.00452093
-0.01077711 -0.00733223
-0.00320999 0.00499215
0.00045536 0.01394437
-0.01402648 -0.00983391
0.00946025 0.00592029
0.00318274 -0.00531165
-0.00655924 0.01100913
-0.00107935 0.01346954
-0.00393308 -0.00104132
-0.00826501 0.00334386
-0.00375918 -0.00422763
-0.01356024 -0.00208193
0.00021171 0.00662807
-0.01535375 -0.00494230
0.01095518 -0.02266099
0.00366160 0.01767295
0.00274189 -0.02211637
-0.01528410 -0.01689862
-0.00857854 0.00699199
0.01625693 -0.01413254
-0.00427750 -0.00599728
0.03341978 -0.01424500
-0.00160189 -0.00778564
-0.01346863 -0.01774502
-0.01676017 -0.02183846
-0.02311887 -0.01176797
0.00496583 -0.00555735
0.00357298 -0.00372015
-0.00198823 0.00140947
0.00282078 -0.00513406
-0.00732784 -0.01281599
0.00152924 -0.00120738
0.00793850 -0.00491219
0.00231926 0.01624417
0.00108235 -0.00055345
-0.00898645 -0.00597542
-0.00738595 -0.00706753
-0.00135386 -0.00755633
-0.01104488 0.00575685
-0.00727071 0.01218883
0.01345408 -0.00431665
0.00773592 -0.01970494
0.02344645 0.00683314
-0.00008623 0.01018062
-0.00499105 -0.00982378
0.00220336 -0.00690511
-0.01075735 -0.01748726
0.01071948 0.00183864
-0.00385089 -0.00832391
0.00507123 0.00498874
0.00667388 -0.01067416
-0.00555137 -0.01055411
0.00059452 0.01605588
0.00434460 0.01510569
0.00123715 -0.00099557
-0.02555974 -0.00712202
-0.00738490 -0.00193812
-0.00480544 -0.00143404
-0.00394551 -0.00721181
-0.00691591 -0.00391849
-0.00140869 -0.00389090
0.01355809 -0.02019261
-0.01382439 -0.00836213
-0.00370527 -0.00804991
-0.00771113 -0.00214920
0.00185812 -0.00505513
0.01419150 0.00966266
0.00657756 0.00208748
0.00319604 0.00267060
0.01536893 0.00201057
-0.04746602 0.00040790
-0.01089235 0.00208922
0.00756218 -0.00504663
0.00211682 -0.01926186
0.00935072 0.00737379
-0.00065846 0.00080143
0.01326025 0.00787761
0.00666293 -0.01781992
-0.01775398 0.00702635
0.00475051 0.00706437
-0.01435411 0.01116327
-0.00318651 -0.01811204
-0.00608277 -0.00818751
-0.00611552 0.00906390
0.01091628 0.00634676
0.00239892 0.00048141
0.00770899 -0.00194322
-0.00219821 0.00297079
0.00293782 -0.00749444
0.01298514 0.00359248
0.00042366 -0.02440177
0.00873832 0.00579834
-0.01392548 -0.01866399
-0.01713296 -0.00141072
0.00005683 -0.00086362
-0.01475314 -0.01138396
-0.00545212 0.00593648
0.00244529 -0.00074275
0.01298084 -0.01388768
-0.00097036 -0.01698840
0.00611931 -0.00106225
-0.00009514 -0.01616353
-0.00988243 -0.01013833
-0.00376671 -0.00942978
-0.00902534 -0.00269134
-0.01027368 0.00634837
0.00710937 -0.00117860
