0.02199286 0.12561455
-0.02424863 -0.09406088
-0.04139699 -0.12405822
-0.06614668 -0.01105514
-0.02615823 0.00000000
0.00000000 0.00000000
-0.00000000 0.00000000
0.00000000 -0.00000000
0.00000000 0.00000000
0.01978264 0.06938336
0.07620034 -0.04326714
-0.03369886 0.05040883
-0.01931639 -0.03697092
-0.01189200 -0.05159120
-0.06709611 -0.08013564
-0.07730212 -0.04722313
-0.02225537 -0.02902949
0.13571708 0.05254892
0.01993925 -0.02800307
-0.09443480 0.10051141
-0.07548671 -0.06601888
0.01333900 -0.07561129
-0.06891791 -0.00624073
0.10629873 -0.00100422
0.00230954 -0.05341836
-0.05620814 -0.05035011
-0.05687397 -0.08273431
-0.09286325 -0.06189791
0.01520992 -0.06474112
-0.05950791 0.11598831
-0.06536496 -0.05264613
0.12084516 0.00750567
-0.02937266 -0.07371520
0.09359024 0.01668916
-0.06166787 0.08393808
-0.01932741 -0.03222724
0.03787662 0.06571062
0.06271061 -0.02082025
-0.02506225 -0.01903676
-0.05691666 -0.04297927
-0.05491581 -0.04190902
-0.05308621 -0.05460692
-0.04417235 -0.04749040
-0.05342441 -0.05207592
-0.06032126 -0.05503400
0.07975541 0.06614400
-0.02033699 0.06421209
-0.03480299 0.02735903
0.05369121 -0.01410966
-0.02295480 0.01412011
0.09745765 -0.04321726
0.02537443 0.11233297
-0.05393388 -0.00031590
-0.01710325 -0.07395993
0.11065488 -0.00013372
0.01308989 0.11411116
-0.03170826 -0.05956281
0.10588681 -0.01059478
-0.06790334 0.12208807
0.02936074 -0.00679946
-0.03106393 -0.02093618
-0.07231662 -0.07458008
-0.07234378 -0.09605970
-0.00000000 -0.00000000
-0.00000000 0.00000000
0.00000000 0.00000000
-0.00000000 0.00000000
0.00000000 -0.03950266
-0.07189400 -0.05879217
-0.04887977 -0.02234259
-0.03753416 0.07055682
-0.03942704 -0.00721101
-0.09842125 -0.07824393
-0.05196971 -0.05637668
-0.08448629 -0.02044595
-0.02937437 -0.02051466
0.12789966 -0.09650987
-0.04368660 -0.00074748
-0.01732060 0.05416852
0.01701036 -0.00925949
0.03222755 0.10641442
-0.06329383 0.12384582
0.01703305 -0.01445280
0.06708599 -0.06098569
-0.07338055 -0.05416392
-0.04616739 0.00191684
-0.05326496 -0.06578580
0.01354296 0.01028505
0.00024601 0.05753853
0.03790887 0.10029553
-0.09245820 -0.00944094
-0.07970024 -0.04691147
0.13116159 -0.06922257
-0.03718594 0.01486767
-0.09534627 0.05989324
0.00992836 -0.02138174
-0.03716932 -0.10219501
-0.02077705 -0.05537075
0.00169571 0.09019228
-0.03961553 0.08372478
0.06255648 -0.03774958
0.07447690 0.02849745
-0.02043027 -0.00066122
-0.03391017 -0.03792184
-0.01846476 0.05855555
-0.01017811 -0.03834421
0.05418153 -0.03684913
0.06005732 0.06716181
