-9.250115603e-03 -1.134137157e-02
-7.723925170e-03 4.339462146e-03
-8.810953237e-03 -3.723339178e-03
-8.943184279e-03 3.651226871e-03
-2.760199131e-03 1.161672794e-28
1.056208269e-28 1.048567503e-28
6.836921302e-29 6.912479145e-29
1.466507541e-28 -6.002838960e-29
7.694056424e-29 1.406843796e-28
-1.483286847e-03 -9.415045497e-04
-2.168771811e-03 -1.688590390e-03
-3.150455654e-03 -3.697569948e-03
2.088451758e-03 1.185943140e-03
-1.364591182e-03 -1.160917990e-02
-3.407767974e-03 1.289268862e-02
-6.199662574e-03 -1.157217287e-02
1.370333415e-02 4.070981522e-04
1.996005012e-04 5.855031777e-03
-1.480942708e-03 5.713323597e-03
1.895718509e-03 -9.691165178e-04
3.218968632e-03 4.448512103e-03
-7.335018017e-04 2.118549310e-04
1.195408986e-03 -2.180022188e-03
8.167402702e-04 -5.762881134e-03
-7.781595457e-03 -2.241441747e-03
-5.435130093e-03 -1.914568944e-03
-4.126805812e-03 -5.277394783e-03
7.968093269e-03 6.298343651e-03
-8.138646372e-03 1.074757613e-02
1.434504613e-02 2.997686388e-03
-6.642102730e-03 1.813251525e-02
1.014635433e-02 -8.662925102e-03
3.388234414e-03 -2.561307512e-03
-5.738475360e-03 -5.505689885e-03
-2.352801152e-03 -7.050435524e-03
4.949490540e-03 1.486139186e-02
-8.407942951e-03 -9.668505751e-03
-9.123945609e-03 -6.425673608e-03
-6.144958083e-03 -7.383634336e-03
-9.542475455e-03 -9.810016491e-03
-8.467899635e-03 2.267736942e-03
1.822720631e-03 -3.878549440e-03
-1.426477538e-04 1.087347860e-03
-8.671139367e-03 6.426438340e-04
-5.669860635e-03 -8.641371503e-03
-3.235372948e-03 -1.995334867e-03
2.793900901e-03 6.664984394e-03
8.648249321e-03 1.423340105e-02
3.870231332e-03 9.290348738e-03
1.234550774e-02 -1.536102407e-02
-1.204118691e-02 -3.474083962e-03
7.978292182e-03 -7.242472842e-03
3.751142649e-03 -6.296203472e-03
4.211632768e-04 5.531257018e-03
-1.102255750e-02 2.412874252e-03
1.864203601e-03 -9.330909699e-03
8.315989748e-03 8.198859170e-03
-6.255616434e-03 -2.129716100e-03
7.082522847e-03 -2.575274557e-03
-2.684025560e-03 -7.674258668e-04
2.203445416e-03 5.448908545e-03
6.418597884e-03 -9.215108119e-03
1.296819933e-02 7.360840216e-03
-1.005666424e-02 -1.497774385e-03
-9.306344436e-04 1.965437550e-03
1.064310130e-02 -5.099863047e-04
2.944757289e-04 -5.346850594e-05
-1.291396911e-03 1.150525291e-03
8.532679058e-04 1.711231307e-03
-4.491620697e-03 9.634687565e-03
3.074509557e-03 -2.195955021e-03
-6.606418639e-03 -8.239187300e-04
8.801273070e-03 5.552236456e-03
-1.739824074e-03 1.529544475e-03
2.251967974e-02 2.662593033e-03
-4.457419273e-03 -4.673513118e-03
-2.132250462e-03 -3.636835609e-04
-2.613266930e-03 -7.891243324e-03
-5.828535650e-04 1.596733555e-02
3.511050483e-03 -8.943500929e-03
-5.358037539e-03 -5.182924215e-03
4.138358869e-03 3.463255940e-03
-6.418494973e-03 1.294213720e-02
-1.028301474e-02 -5.612486508e-03
-1.092004590e-02 8.680047467e-03
4.401213489e-03 6.753630936e-03
1.038185973e-02 -4.720052704e-03
-3.394111525e-03 1.355962269e-02
6.563297473e-03 -5.342449527e-03
-4.020764492e-03 5.387540907e-03
-8.362876251e-03 1.257516094e-03
2.185480669e-03 1.101842523e-02
-4.608223680e-03 -9.231619188e-04
2.364254324e-03 -9.882058017e-03
-8.343064226e-03 3.216756042e-03
1.060264185e-02 -8.616351406e-04
3.427007468e-03 7.873475552e-03
7.975550368e-03 -7.494043675e-04
-7.795611396e-03 -8.929895121e-04
-2.321035601e-03 4.806549114e-04
-1.257209666e-02 2.060801489e-03
8.789392188e-03 8.173572831e-03
-1.344801299e-02 1.902496070e-02
1.434806641e-02 -4.977239762e-03
2.417150419e-03 -2.428375417e-03
-9.449957870e-04 1.713108644e-02
4.759886768e-03 -4.132603761e-03
9.108078666e-03 -2.009884221e-03
-3.572349437e-03 6.632445846e-03
1.862383448e-03 4.786661360e-03
1.404980198e-02 1.094042091e-03
-1.250157249e-03 1.295382390e-03
2.123199170e-03 4.708022115e-29
1.486656921e-29 9.755043409e-29
-2.509939010e-29 4.635984210e-29
4.970965418e-29 -8.459399769e-30
2.816318654e-29 3.446508812e-30
-6.781058037e-04 -1.708442724e-04
2.554681851e-04 4.859968554e-03
1.434498467e-03 6.588661345e-04
5.718947854e-03 -7.246819441e-04
-2.339463215e-03 3.825792577e-03
3.277189098e-03 9.392544627e-03
-4.123252293e-04 2.224960364e-03
7.037453353e-03 1.450793701e-03
-3.686692100e-03 2.677992219e-03
9.230450960e-04 3.689950099e-03
-1.085733966e-04 6.204785313e-04
7.258299738e-04 5.746848765e-04
-6.753309863e-04 -2.737424569e-03
5.512907635e-03 5.874122027e-03
1.900425181e-03 -2.250987571e-03
-3.812127514e-03 2.556788502e-03
5.017745425e-04 3.270196263e-03
3.280704841e-04 -3.187568160e-03
3.792462172e-03 7.991896011e-03
-6.231133826e-03 1.442008931e-02
1.153692044e-02 -6.525037345e-03
-1.294916146e-03 8.478851989e-03
-3.922351636e-03 3.002342535e-03
-1.236659242e-03 4.994835705e-03
7.084530313e-03 1.318389550e-02
7.142600371e-04 -2.993577160e-03
-4.564381670e-03 4.298428539e-04
6.050398224e-04 9.752497426e-04
-1.543986378e-03 -1.901088748e-03
1.053248066e-03 -4.489144776e-04
-4.596752580e-03 -1.840765472e-03
-5.145750940e-03 2.877178369e-03
6.441779435e-03 -4.199702293e-03
5.065376870e-03 2.640931401e-03
-8.450258756e-04 -1.882753917e-03
5.713400897e-04 8.020116366e-05
6.838360336e-03 5.796660203e-03
6.770091131e-03 3.796008183e-03
3.901631571e-03 5.983896088e-03
3.323935205e-03 1.775000477e-03
3.674253821e-03 -2.085339744e-03
3.402447328e-03 -1.000845223e-03
-1.319844625e-03 3.857146949e-03
-4.041028675e-03 -1.318195486e-03
-4.768049810e-03 -4.283622839e-03
1.272931258e-04 5.820526741e-03
5.717268214e-03 -1.539560180e-04
3.076142399e-03 1.228054753e-03
-1.638022484e-03 -2.961947815e-03
4.549963865e-03 2.949036658e-03
-1.118145767e-03 6.592284888e-03
4.785062745e-03 5.077636801e-03
-3.585678292e-03 -4.744287115e-03
-1.453459146e-03 -6.549666636e-03
7.180907298e-03 -5.777921062e-03
-2.033543307e-03 1.480999781e-04
-2.984129358e-03 -1.055508386e-03
2.501703333e-03 2.890380099e-03
1.878160401e-03 9.651833214e-03
6.245547906e-03 -7.084144745e-03
-1.514464850e-03 1.112536876e-03
-3.937775269e-03 1.029540692e-02
4.706530366e-03 -1.782145933e-03
1.478250697e-02 8.737127064e-04
-8.498687297e-03 -6.317495834e-03
-3.282004967e-03 -9.877672419e-04
-2.464452526e-03 9.023098275e-03
4.838862456e-03 9.220181964e-03
1.082026120e-02 7.798023871e-04
-4.902415443e-03 2.307943651e-04
-8.991200593e-04 -6.260078400e-03
-2.029065974e-03 1.938405912e-03
-4.196266644e-03 -1.425177092e-03
-2.541989321e-03 1.006233972e-02
1.424736343e-02 -1.016233931e-03
-5.621700548e-03 -1.851441804e-03
-4.591105040e-03 9.707616642e-03
1.182506327e-03 -5.581550300e-03
1.185972709e-03 5.180765409e-03
1.680897665e-03 1.090972102e-03
6.548234727e-03 8.877209388e-03
4.241290037e-03 3.063641256e-03
-1.663509407e-03 3.303887323e-03
9.149289690e-03 -2.937730635e-03
-3.419917310e-03 -2.718576230e-03
2.287343377e-03 2.796324901e-03
-1.878456795e-03 9.139591712e-04
-2.305893926e-03 -4.331056494e-03
-8.706111694e-04 -4.336358048e-03
2.175433183e-04 8.686051704e-03
-6.869274657e-03 7.951676846e-03
2.478300303e-04 4.489889368e-03
1.538138278e-02 -5.717386957e-03
-3.305141116e-03 1.610035542e-03
-1.178506296e-03 4.704444145e-04
1.358731743e-02 -4.353308585e-03
-8.033556514e-04 8.062910056e-04
-4.373784177e-03 -2.690069610e-03
4.083254840e-03 1.820313482e-04
-6.528723519e-03 -2.105652820e-03
-3.294387134e-03 3.367925528e-03
6.871649064e-03 -1.461963286e-03
-5.201938562e-03 -4.165786377e-04
1.867977320e-03 8.090591557e-29
7.652806014e-29 9.935760638e-29
1.291265731e-28 7.677580695e-29
5.753907700e-29 1.024684527e-28
6.471092715e-29 1.454091793e-28
-9.120558971e-04 7.787428913e-04
1.911773928e-03 7.208817988e-04
3.031819870e-05 -1.737446582e-04
2.743444173e-03 -6.851644139e-04
-3.359367838e-03 -6.354331854e-04
1.109923236e-02 1.096548513e-03
-2.687745728e-03 1.323077176e-02
-2.736923925e-04 4.989779554e-03
-3.977872548e-04 -6.198246963e-03
1.125851064e-03 9.179543704e-04
3.641951189e-04 1.609734376e-03
1.468015020e-03 -7.855091098e-05
1.966028241e-03 -1.140770968e-03
4.139837343e-03 1.461886917e-03
2.287834184e-03 -8.476638322e-05
3.564446815e-04 -3.431964898e-03
5.550445523e-03 -2.406620188e-03
-4.628334660e-03 -3.419789718e-04
8.219400421e-03 -3.267197870e-03
4.451243207e-03 7.908130065e-03
1.472608419e-03 6.816113601e-04
2.235551365e-03 5.453495774e-03
4.782252945e-03 -3.257067641e-03
-2.409440698e-03 1.264453167e-03
-1.188109978e-03 7.391034625e-03
-7.394996006e-03 1.523058861e-03
5.303655285e-03 -5.260702455e-04
-5.439480301e-04 -2.239511668e-04
-9.627741529e-04 -1.924423967e-03
1.027054619e-03 -1.092906095e-04
-9.398878901e-04 2.407792257e-03
-4.562476761e-07 3.188299015e-03
2.303380286e-03 3.313918365e-03
-6.799207767e-04 -5.111812148e-03
3.641881049e-03 -5.377121735e-03
-1.679592300e-03 -2.245483338e-04
3.575145500e-03 -7.411994739e-04
3.484591376e-03 5.986689590e-03
7.893438451e-03 3.395345761e-03
4.432738293e-03 5.496094003e-03
6.680718157e-03 2.057574457e-03
6.672975607e-03 -5.146886222e-03
2.947026631e-03 4.145298153e-03
-4.016756080e-03 2.189418767e-03
-2.114266390e-03 7.733762730e-03
2.043934539e-03 2.894522855e-03
3.965550568e-03 4.874484148e-03
7.143378723e-03 5.661147181e-03
-1.006772160e-03 -1.756418147e-03
7.268968970e-03 2.991461195e-03
-8.690520190e-03 6.975212018e-04
7.836994715e-03 2.690506633e-03
-2.887058072e-03 7.215644699e-03
8.523814613e-04 1.787921879e-03
1.386260148e-03 -5.185935297e-04
-2.079956903e-04 -1.326181809e-03
2.108960645e-03 6.198671181e-03
-6.917512976e-03 5.948983133e-03
3.042766592e-03 3.852136666e-03
3.578728996e-03 2.234677318e-03
5.062290933e-03 3.381993389e-03
3.289223183e-03 -2.586906194e-04
-4.737970419e-03 -9.963168995e-04
8.151170798e-03 -8.142974693e-04
-4.479141906e-03 -8.270780090e-04
-1.734650345e-03 9.741541930e-03
-7.662417833e-03 3.324146383e-04
7.926277816e-03 2.098899567e-03
-1.006906969e-03 -5.652282387e-03
2.849625191e-03 1.181274420e-03
3.147578565e-03 -5.106792320e-03
-5.357360933e-03 2.153042005e-03
-2.965403488e-03 -6.293543614e-03
3.264966188e-03 1.160652027e-03
3.674697597e-03 -6.080992986e-03
3.342699492e-03 5.870286841e-03
-5.444425624e-03 1.049911510e-02
3.107401310e-03 -2.481986070e-03
2.092894167e-03 5.699915811e-03
5.958239548e-03 -4.177478608e-03
3.211412346e-03 9.314042516e-03
-1.841267658e-04 3.566996427e-03
1.883159508e-03 4.062250257e-03
6.227788515e-03 1.403283444e-03
-8.339342457e-05 2.328696195e-03
1.080326829e-02 6.551269442e-03
-1.222885563e-03 -1.006176608e-04
2.951682254e-04 4.508967046e-03
4.034736194e-03 -4.787171725e-03
2.861545188e-03 7.608159445e-03
1.687335549e-03 -6.479623262e-03
2.742327750e-03 6.427142303e-03
8.587012999e-03 -3.800551407e-03
1.310528605e-03 2.413877286e-03
1.254718518e-03 2.735593123e-03
-1.716137747e-03 3.149169264e-03
6.685037632e-03 -2.179867821e-03
3.720485605e-03 -3.419932909e-03
-5.809739232e-04 7.438741624e-03
-3.365015614e-28 1.129244564e-27
-9.493001911e-27 -1.025959213e-26
-2.992736630e-27 -6.446149924e-27
3.628082237e-27 -7.855234612e-28
-6.653055659e-27 4.161729077e-29
2.601448970e-29 2.945631985e-30
5.515603360e-29 3.204383908e-29
-3.565456050e-29 -1.143326506e-29
1.279061715e-28 3.946825990e-29
3.980964988e-27 7.864923966e-28
4.184238323e-28 -3.766929460e-27
-4.788487769e-27 -8.073496786e-27
2.552459029e-27 -7.696482903e-27
-2.997314950e-27 -2.088078416e-27
2.732456635e-27 2.302476404e-27
2.680292244e-27 3.249875048e-27
-4.302696978e-27 -4.291318102e-28
4.937730006e-27 2.665944837e-27
5.244849966e-27 5.343744542e-27
2.971070881e-27 3.503495369e-27
-1.150585697e-27 -8.173914003e-27
8.522803338e-28 -5.070498224e-27
-4.097969084e-27 -3.709124213e-27
-1.496398879e-26 -6.197746561e-27
-2.318330659e-27 -6.163272415e-27
5.325992861e-27 -1.930977807e-27
5.870826501e-27 7.896574698e-27
1.362953948e-27 -2.945430975e-27
-7.260818002e-28 -2.084310912e-27
-2.259382759e-27 -4.868358395e-27
-4.831214525e-28 -1.191029051e-26
-9.129866279e-27 -7.178721290e-27
-3.291686601e-27 -2.601803281e-27
-7.871518350e-27 -9.428204191e-28
-7.034097529e-28 -2.275086406e-27
-3.242950174e-28 6.014136586e-28
-2.509875755e-27 -9.594357441e-27
6.129416493e-28 -3.574269058e-27
-1.409591015e-27 5.461409617e-27
6.170235615e-28 -4.276453871e-27
5.190622712e-27 -2.084217793e-28
-1.170143882e-26 -2.327957998e-27
4.221590290e-28 -8.014855301e-27
4.775469638e-27 -2.859290725e-28
2.467841949e-27 4.952369385e-27
4.118563823e-27 3.688214777e-27
-2.332283444e-27 2.603562425e-27
4.849845201e-27 -1.335043236e-26
-5.075644694e-27 -7.890102033e-27
-4.948047213e-27 -6.771431018e-27
-1.178348343e-26 -6.499560584e-27
-1.072093170e-27 -6.448749159e-27
-1.237323804e-27 2.692782478e-27
8.950882676e-28 3.895966814e-28
4.980123576e-27 5.904736350e-27
4.052423344e-28 2.158225214e-27
-2.675277123e-27 -1.158428450e-26
-1.285981557e-27 -4.924999995e-27
-5.620840024e-27 3.424458286e-27
-2.442422563e-27 4.860854587e-27
4.315782131e-27 2.549761187e-27
-3.391361565e-27 2.304658868e-27
-9.315964267e-27 -2.279801468e-27
1.626577598e-28 -1.969679850e-28
-3.637670479e-28 -2.348657363e-28
-7.575339599e-27 4.287539909e-28
2.988447776e-27 7.876622835e-27
-5.106380610e-27 -3.934360950e-27
-6.042864431e-27 -4.134737012e-27
8.125933696e-28 -5.754909015e-27
-9.494665144e-27 -6.774120386e-27
3.490157149e-27 3.217432180e-27
-4.912514191e-27 -6.425299036e-27
4.447621280e-27 -7.123513641e-28
-1.498740502e-26 -3.246194595e-27
-9.586318224e-28 9.137759510e-27
-4.941453599e-27 8.722977371e-27
-9.993046510e-27 -6.204281242e-27
4.956047141e-27 -2.282905220e-26
-1.668584412e-26 -1.752104945e-27
-4.462514496e-27 5.728409471e-28
3.085835890e-27 -2.019458495e-27
-8.839017732e-27 -7.012703817e-27
-1.426486236e-27 -3.239953427e-27
8.142278678e-27 4.076940625e-27
-3.332541739e-27 -2.609935905e-27
-2.872233697e-27 -4.486830132e-27
-2.044360191e-27 -5.407894572e-27
-8.505105005e-28 -1.866577213e-27
2.376016883e-28 -3.459231721e-27
-8.742741264e-27 -9.813502846e-27
-7.767662192e-27 -5.781515737e-27
-1.597061074e-26 -6.619162374e-27
-3.376855075e-27 2.997439750e-27
7.137074980e-27 -1.440156775e-27
4.412187250e-27 5.417559659e-27
3.560914274e-27 -9.639576735e-27
-7.666482307e-27 -1.142143865e-27
1.502187223e-27 -6.873799587e-27
4.385321298e-27 -2.746562723e-27
-4.308359982e-27 -5.668372360e-27
-1.010832651e-26 -5.645535839e-27
1.518673376e-27 -3.941137142e-27
-1.291522361e-27 9.163177934e-27
-3.209455748e-27 -5.933075253e-27
1.983116390e-27 -2.001223020e-26
-7.550892614e-27 -3.248636061e-29
-5.690896881e-27 4.119852270e-27
-8.213010617e-03 -2.092890069e-02
-6.630392279e-03 -6.934558041e-03
6.863897201e-03 -9.376563132e-03
-4.762450699e-03 8.251083083e-03
-2.486704034e-04 3.065029335e-29
7.219011359e-29 8.816280154e-29
5.025995556e-29 7.755924516e-29
3.773889819e-29 1.102248828e-28
1.015503258e-28 5.060684263e-29
-3.501792438e-03 -2.430874854e-03
1.083295094e-03 -5.504800938e-03
-1.887258026e-03 -2.264251234e-03
-2.753653564e-03 -2.573979786e-03
-4.055988044e-03 -2.366005443e-03
5.706727039e-03 1.405726001e-02
-9.726107121e-03 1.253435574e-02
9.008746594e-03 -6.089551374e-03
-2.215113956e-03 -5.885489285e-03
-5.079404451e-03 1.563841477e-03
8.721057093e-04 -1.914497232e-03
3.668036545e-03 4.172570072e-03
-1.671216451e-03 -1.040119329e-03
5.405961565e-05 -8.720930964e-06
1.075572800e-02 4.568168079e-04
-9.116015863e-04 -3.107837110e-04
-1.211955328e-03 -3.542066552e-03
-2.016606013e-04 -4.957955331e-03
9.527587332e-03 4.057649523e-03
-1.370488666e-02 1.906983554e-02
1.459015813e-02 2.813505474e-03
1.684270683e-04 1.413755119e-02
7.044512313e-03 -2.389201894e-03
-4.482491408e-03 3.173205070e-03
-7.928356528e-03 8.405971341e-03
-1.337064779e-03 1.931568026e-03
9.394154884e-03 1.259171870e-02
1.937881345e-03 4.851030651e-03
4.170493223e-03 2.599352039e-03
3.124424955e-03 4.199602176e-03
-1.058312831e-03 7.501416374e-03
4.633728415e-03 -4.689495079e-03
6.152490620e-03 -1.071973587e-03
1.065469161e-02 -3.192753298e-03
-1.666277996e-03 2.623154083e-03
-2.028661547e-03 -4.366046283e-03
7.961862866e-05 1.020672498e-03
3.399898924e-05 6.335963029e-03
1.292901952e-02 7.431399543e-03
-4.795700777e-03 1.245514862e-02
3.965908661e-03 -8.363968693e-03
-5.341010634e-03 -5.198630504e-03
-1.205831394e-02 -3.259698162e-03
-3.859007265e-03 6.622623187e-04
-5.231121089e-03 -2.360848710e-03
9.954097914e-04 4.669384507e-04
-6.454205140e-03 1.141322544e-03
9.821215644e-03 2.389291767e-03
-4.485168029e-03 -1.519252080e-03
5.575054325e-03 2.761143493e-03
-2.898539184e-03 -2.717143856e-03
3.903754987e-03 5.279745907e-03
6.238849368e-03 -6.147680804e-03
2.492813859e-03 -2.354958560e-03
1.741912914e-03 -2.843730384e-03
-3.949365579e-03 -7.863909937e-03
1.738357008e-03 -7.300937083e-03
-3.735503880e-03 5.025062128e-04
5.497838720e-04 4.526096396e-03
9.129821323e-03 -5.929604638e-03
-2.995659364e-03 -2.030205913e-03
-4.967045388e-04 3.200903302e-03
-6.163446698e-03 -5.592283327e-03
6.400891114e-03 3.392505925e-03
-4.833488259e-03 -5.971564446e-03
-3.927451093e-03 -2.214793494e-04
-9.929667227e-03 -4.841154907e-03
-3.367369762e-03 3.700938774e-03
3.453152312e-04 -1.006635558e-02
5.035422742e-03 6.342496257e-03
4.788889084e-03 -1.029950660e-02
-1.640875824e-02 -1.066353265e-02
7.202785462e-03 -4.550930113e-03
5.603787722e-04 -8.648349904e-03
1.807042048e-03 -8.323268965e-03
-2.637190279e-03 2.158175223e-02
8.590894751e-03 1.528904866e-02
9.512043558e-03 -1.152645703e-02
-1.987190684e-03 1.142988540e-02
6.494381931e-03 -3.156894818e-03
-4.874530714e-03 1.444292348e-02
-8.551325649e-03 -2.358599799e-03
-4.366547801e-04 -9.085928090e-03
5.873843562e-03 1.938448753e-03
2.855203813e-03 1.928254031e-03
1.535064890e-03 8.924297988e-03
-5.381508963e-04 2.253183775e-04
3.302738478e-04 4.382237792e-03
3.529660171e-03 -7.837624289e-03
-8.853957057e-03 -2.169740619e-04
-1.311155211e-04 -1.210267376e-02
-1.134373154e-02 -8.626118302e-03
1.299743261e-02 -4.011200741e-03
-4.564774223e-03 1.460478082e-02
3.722181544e-03 -4.808194935e-03
-2.639141458e-04 -9.441580623e-03
1.491695084e-02 5.040666088e-03
-1.515973592e-03 -1.417751308e-03
1.765788329e-04 -1.425612718e-03
-1.238546630e-17 -1.895244879e-19
5.472874425e-17 9.412301247e-18
-1.335147832e-19 2.920748273e-17
1.800513617e-17 1.753414449e-17
3.214250483e-17 -6.666325888e-30
-3.409922161e-29 1.204158327e-28
1.113136110e-28 -2.415432274e-29
1.238574695e-28 2.212329871e-29
-2.563550580e-29 9.982671477e-29
1.662974372e-19 3.901216413e-19
3.963567737e-19 3.747476625e-19
9.808949654e-19 9.062230968e-19
-4.609326639e-20 7.149930529e-19
1.209409296e-18 8.124629188e-18
-2.011707882e-17 -8.656410472e-19
3.683177187e-18 7.258121100e-18
-1.123658440e-17 8.881937854e-18
1.809114806e-17 4.704211299e-18
1.748519401e-18 -6.561036353e-19
9.618218762e-18 3.441640035e-18
1.483824914e-18 -5.812029064e-18
4.179426825e-18 -3.583669273e-19
3.716774007e-19 7.607420448e-18
1.576271074e-17 1.836172050e-17
-4.067381489e-19 8.222406072e-18
1.793029783e-17 -5.848313342e-18
1.008626237e-17 1.849670148e-17
-6.344812788e-18 5.503980387e-18
3.555033676e-17 3.099587824e-18
-8.398620151e-19 1.282074115e-17
1.971993783e-17 1.303126771e-17
1.350244302e-17 -1.357558730e-17
-9.817452657e-18 9.182577475e-18
-8.673563613e-18 -3.752658704e-18
5.423604901e-18 1.453340289e-17
1.534340958e-17 1.154820567e-17
-6.020122477e-18 -9.024342787e-18
-1.279483054e-17 -5.261275255e-18
-5.262498655e-18 -2.185151030e-18
2.590847759e-18 1.190994291e-18
2.028705740e-18 3.117271756e-19
1.928062469e-18 1.295490240e-17
2.622729419e-19 -2.742390400e-19
2.008307839e-17 -7.346647624e-18
6.236689529e-18 2.006756710e-17
9.731075976e-18 3.842456191e-18
1.311631181e-17 6.725128927e-18
1.838146364e-17 -6.048722661e-18
4.283961361e-18 1.097926588e-17
1.169133355e-18 -1.208336174e-17
-7.902716482e-18 2.055880981e-17
3.412050750e-18 6.448975093e-18
7.676497474e-18 1.577507709e-17
1.753225686e-17 2.254501935e-17
7.337273496e-19 2.702255339e-18
8.483195440e-18 9.614838902e-18
-4.514930454e-18 -2.046792748e-17
1.047334319e-17 -2.108535701e-18
-7.592625495e-18 -3.781030172e-18
-8.458252636e-19 1.612764794e-17
-5.205435187e-19 1.830590607e-18
-1.511338905e-18 5.252332192e-18
8.716255439e-19 7.153885590e-18
5.201281500e-18 -6.642857130e-18
-6.641129149e-18 9.144362558e-18
3.883689749e-19 -1.208203081e-17
-6.855351144e-18 6.465566268e-18
2.512597300e-18 3.578506115e-20
1.907688803e-18 4.494504470e-19
8.173677689e-18 1.026076191e-17
7.818763440e-18 -3.804291318e-18
-1.052057313e-18 -4.899083471e-18
8.047326678e-18 -4.391053540e-18
-4.794218062e-18 2.209351936e-17
7.962544801e-18 1.266338038e-19
-1.026329887e-17 9.684615723e-18
1.670252605e-18 1.530978551e-18
5.341268583e-18 1.331909182e-17
9.907216643e-18 2.389602160e-18
1.260858421e-17 -4.588493694e-18
-5.706514190e-20 7.106355792e-18
-8.143046364e-18 -9.343928980e-18
3.999157203e-17 -2.210715047e-18
4.080553306e-19 2.886429211e-17
1.652477239e-17 1.876784302e-17
2.332150868e-17 -2.515282276e-19
7.106326013e-18 -1.396020415e-18
1.036013277e-17 5.622217997e-18
4.485685897e-18 3.670912994e-18
9.369579850e-18 5.307411254e-18
-1.878412855e-17 -2.063483763e-17
3.146260538e-17 4.341763088e-18
-4.250805067e-18 1.969595952e-17
1.151927668e-17 5.562201908e-18
4.216558136e-17 6.652503296e-18
1.160943854e-19 1.061164882e-18
1.784118897e-17 6.258570937e-18
-7.040135848e-18 2.758368376e-18
1.343563247e-17 4.658722155e-18
-6.178219853e-18 -3.974049459e-18
2.623752714e-17 6.862919019e-18
-2.538102587e-18 1.649970550e-18
1.033644893e-17 -7.978926803e-19
7.450429839e-18 -5.925905365e-18
1.133127755e-17 3.342109114e-17
5.262224445e-18 -2.370056089e-18
-7.094600728e-18 5.009023219e-18
8.606441215e-18 5.330571897e-18
9.734718129e-03 -6.873166421e-04
-4.498979542e-03 8.791219443e-03
7.850640453e-03 -6.282804534e-03
-8.454678580e-03 4.798411974e-04
-1.449910807e-03 2.007942060e-28
7.675309302e-29 4.363784707e-29
5.633318004e-29 1.483880513e-28
2.329132286e-28 -3.807011902e-29
8.344322596e-29 1.309506455e-28
1.400816200e-05 -1.118997345e-03
-4.201175645e-03 -5.422175745e-04
4.271729558e-04 -5.393201485e-03
-2.517209155e-03 -7.670659688e-04
-1.389117562e-03 1.182493907e-05
6.868334487e-03 8.630951867e-03
-4.989882931e-03 7.313737646e-03
-1.313210931e-03 -5.137881730e-03
-7.536974270e-03 -1.173784398e-02
8.865838754e-04 2.315451624e-03
3.244015155e-03 -2.323639055e-04
3.071663436e-03 4.495247267e-03
-3.421312198e-03 -1.038354938e-03
6.891113590e-04 -2.983185928e-03
2.502152696e-03 -2.144778380e-03
2.588758245e-03 3.507972462e-03
9.329691529e-03 -1.069656690e-03
-2.243830124e-03 6.853671512e-04
1.648761705e-02 6.313935854e-03
-1.372161042e-02 1.599901356e-02
6.841563154e-03 5.869579036e-03
-7.011795882e-03 9.474560618e-03
4.996173084e-03 7.178387139e-03
6.465089507e-03 1.682124916e-03
9.374664660e-05 -3.663155658e-04
-1.093910658e-03 2.218994778e-03
4.261391237e-03 2.028723946e-03
6.868508644e-03 5.676725879e-03
2.508200705e-03 5.357132293e-03
5.404875614e-03 5.606720224e-03
-2.669290407e-03 3.091174643e-03
4.689224996e-03 -3.149825614e-03
3.466526745e-03 3.434431972e-03
6.914210040e-03 3.042885568e-03
6.935295649e-03 -8.905568393e-04
-2.144028200e-03 -3.078249050e-03
2.375795506e-03 3.988203127e-03
4.022105597e-03 5.466882605e-03
3.984882962e-03 2.055361401e-03
-6.223401055e-03 1.238703448e-02
2.843332710e-03 2.845518524e-03
3.342366777e-03 -8.893219638e-04
-2.326593734e-03 -1.747604227e-03
4.299152060e-04 4.198110662e-03
-2.127026441e-03 -6.436331663e-03
8.251526160e-04 8.334851824e-03
1.952316961e-03 -6.826929748e-03
7.840687409e-03 1.704411232e-03
-1.124523301e-02 -2.805094235e-03
5.022573285e-03 9.490527213e-03
-1.579728414e-04 -7.259342354e-03
8.147186600e-03 -1.933734631e-03
-8.323226357e-04 -6.014132407e-03
2.754264744e-03 -3.635219531e-03
2.149428008e-03 4.570983816e-03
-1.878973679e-03 -1.614903915e-03
6.264952477e-03 -3.464990761e-03
-5.909735337e-04 -2.365513938e-03
1.128777862e-02 -5.675638677e-04
6.203298923e-03 4.240547772e-03
-5.601034965e-03 5.141750909e-03
7.370126550e-04 -8.014520281e-04
-7.921520621e-03 7.071122061e-03
7.496735081e-03 8.975259960e-03
-1.129071228e-03 -4.069652874e-03
5.313973874e-03 5.087588914e-03
-4.000397865e-03 -1.258724276e-02
1.383084059e-02 4.069144372e-03
1.986528980e-03 -5.401576869e-03
-6.192234345e-03 -1.999191736e-04
5.945586599e-03 -5.099451635e-03
-7.263343781e-03 8.350372082e-04
1.132641174e-02 7.917172625e-04
-2.380235586e-03 1.060842536e-02
7.433957420e-03 -1.314224093e-03
-1.189869270e-02 1.011175383e-02
3.188270144e-03 1.445039827e-02
1.212863158e-02 -7.290404290e-03
-9.743288392e-04 1.449936908e-02
1.181504503e-02 -1.650464255e-03
-2.791061532e-03 1.659497805e-02
1.138191670e-02 1.007898827e-03
-5.876886193e-03 -2.887705108e-03
7.283833344e-03 3.482892876e-03
3.704674309e-03 4.874549631e-04
-2.202104544e-03 4.475737456e-03
7.455574349e-03 -7.210024633e-03
5.967103643e-04 8.409944712e-04
-2.272309968e-03 -8.701675572e-03
-7.789330091e-03 8.622580208e-03
9.651695378e-03 4.927495960e-03
-9.126124904e-03 9.966126643e-03
6.907730829e-03 1.311421976e-03
-1.257705037e-02 1.040122658e-02
2.018120373e-03 1.214964315e-03
3.009530017e-03 -1.441987231e-03
6.617127918e-03 4.064237699e-03
6.473495741e-04 -7.050382439e-03
8.632399258e-04 9.934938280e-04
6.614320911e-03 1.092332229e-02
-9.779295651e-04 5.295022391e-03
-2.842142945e-03 -3.772530472e-04
-1.794328680e-03 -6.778979674e-03
3.999476787e-03 -2.341621309e-29
-1.195960817e-29 1.537331147e-29
-1.602001167e-28 5.938791558e-29
-4.759628612e-29 1.183369117e-28
3.083841157e-29 -2.991683001e-29
-2.226455399e-05 2.073176205e-03
6.227217964e-04 -6.475525443e-04
-4.177003866e-04 -1.928869984e-03
7.314990216e-05 -6.362223940e-05
5.983104347e-04 1.152309868e-02
9.904326871e-03 -1.010596566e-02
9.005798958e-03 5.073107313e-03
-4.299080931e-03 5.709981546e-03
6.776180118e-03 -5.806774716e-04
6.618649699e-03 2.106037457e-03
-1.052153180e-03 1.178208739e-03
4.590164870e-03 3.079628572e-03
-1.960213529e-03 3.343690420e-03
2.107477048e-04 -2.564512426e-03
-3.191171680e-03 4.630051088e-03
2.496091649e-03 -1.802392304e-03
3.186786547e-03 1.136475126e-03
-6.173477974e-03 -3.243250540e-03
8.620083332e-03 -6.854826584e-03
-5.213783123e-03 3.047459060e-03
-3.099567955e-03 -4.424864892e-03
3.303234000e-03 1.824808773e-03
9.006145410e-04 3.851460293e-03
4.541058559e-03 -1.051459461e-02
4.225901328e-03 -4.635144491e-03
-8.559958078e-03 1.627009828e-03
-6.511290558e-03 -1.450584619e-03
-5.091469502e-04 5.310159177e-03
-4.560710513e-04 3.843492595e-03
5.021924619e-03 -3.256212454e-03
-1.846588915e-03 -3.486759029e-03
-6.861094385e-03 4.637246951e-03
-4.122975224e-04 7.439069916e-03
3.656256944e-03 5.826849025e-03
1.101077069e-03 4.083685111e-03
1.897125039e-04 -7.138209417e-03
1.015235577e-02 5.279463716e-03
-1.837991062e-03 4.440531135e-03
5.982148461e-03 -2.340693260e-03
-1.405067742e-03 7.320902310e-03
1.813976676e-03 1.074588578e-02
6.860464811e-03 -4.813410807e-03
1.235712413e-02 -2.933971351e-03
2.799174981e-03 -2.373409458e-03
-9.896893054e-03 1.273794798e-03
8.253807202e-03 6.283430848e-03
3.099759109e-03 8.687883615e-03
9.538116865e-03 5.937206559e-03
9.707132354e-03 1.307371072e-02
7.104444783e-03 2.821160248e-03
-5.470927339e-03 -5.812411662e-03
3.015407827e-03 -4.265985452e-03
-2.651605522e-03 1.366384211e-03
-3.957322333e-03 -6.968223955e-03
-1.131876372e-03 9.751479141e-03
-1.439922140e-03 3.336993046e-03
9.729970247e-03 -2.138770215e-04
-1.118833898e-03 4.343769513e-03
6.002406590e-03 2.290522214e-03
-3.107519820e-03 1.577686402e-03
-1.667728880e-03 5.489371717e-03
5.216557533e-03 -3.154530656e-03
5.315925810e-04 8.282116614e-03
-6.261472008e-04 6.828306708e-03
6.391697563e-03 6.869625300e-03
5.481979344e-03 2.616882790e-03
9.141571936e-04 -5.651257932e-03
6.088986062e-03 4.422221798e-03
2.068413422e-03 5.063370336e-03
1.902384334e-03 7.657664246e-04
8.171898313e-03 -1.275208313e-03
2.463544952e-03 -1.574701746e-03
-1.466801506e-03 2.399777295e-03
-8.533672430e-03 -6.605815142e-04
-7.815476507e-03 -6.165217608e-03
-3.266348504e-03 -9.408413433e-03
-2.239952795e-03 2.348252805e-03
1.096577966e-03 -1.652758336e-03
6.793618668e-03 3.684140043e-03
4.724953760e-05 4.671802162e-04
1.532634138e-03 1.536690048e-03
1.241476648e-02 7.394434884e-03
-1.580123208e-03 9.184110910e-03
-3.160408232e-03 5.218624137e-03
4.179565236e-03 -7.329521701e-03
-1.020504162e-03 -3.840947524e-03
4.120018333e-03 2.663810737e-04
1.314481487e-03 1.018198766e-02
9.540822939e-04 2.803004347e-03
4.290931392e-03 -4.668200389e-03
7.976373658e-03 4.921325017e-04
-6.160605233e-03 5.568842404e-03
-5.535098258e-03 -1.033113105e-03
-2.145689679e-03 -5.531160627e-03
-1.784545020e-03 8.901558816e-03
-2.589804586e-03 3.498917911e-03
5.346463528e-03 5.200998392e-03
6.442506798e-03 8.496268652e-03
7.378390525e-03 1.259052311e-03
2.503935713e-03 -1.886399696e-03
-4.299520049e-03 3.884983249e-03
-2.932861447e-03 -2.905783243e-03
4.828494508e-03 1.479356084e-03
-7.084699464e-04 6.106810288e-29
8.564848195e-29 6.235093473e-29
1.031928912e-28 2.089923361e-28
1.197402045e-28 6.845917803e-29
5.457634674e-29 3.421041999e-29
-1.771076117e-03 -7.917703479e-04
-9.107822552e-04 -2.325190697e-03
-9.513392579e-04 -7.940409705e-04
-9.425943717e-04 -1.121075242e-03
-1.813977491e-03 6.091453601e-03
9.854228119e-05 -4.516617861e-03
8.420809172e-04 5.393085303e-04
-1.299184165e-03 -2.391518792e-03
-2.617364284e-03 -4.886575043e-03
1.084306045e-03 -1.230185386e-03
-7.610372850e-04 -1.385613112e-03
-1.057911315e-03 -1.843263162e-03
-4.009631462e-03 -1.001302619e-03
1.176173646e-05 -1.441738801e-03
-1.036337635e-04 -2.076502278e-04
1.976717263e-03 -7.657381939e-04
-7.999179070e-04 -4.308379430e-04
9.957485599e-04 5.742066423e-05
-1.709897071e-03 -3.114292398e-03
1.273861388e-03 1.456991653e-03
-1.859663753e-03 -1.164758229e-03
-1.853743335e-03 -3.518386744e-03
-7.216387894e-04 6.000980269e-03
2.399208315e-04 -4.853502614e-04
2.190171974e-03 1.605825033e-03
3.037535644e-04 2.221973846e-04
-1.658160822e-03 -3.579327837e-03
-1.975783016e-05 1.719763270e-03
1.016019378e-03 1.716261380e-03
2.974282019e-03 2.570767887e-03
5.648029619e-04 1.529468340e-03
1.880428055e-03 -4.050601739e-03
1.761365682e-03 1.529381261e-03
5.118162953e-04 9.817816317e-04
8.803416858e-04 4.905915703e-04
-4.527251585e-04 4.753566347e-03
3.257799894e-03 -9.381035343e-04
-6.422176375e-04 -1.122955349e-03
-1.693878206e-03 -3.352116328e-03
-1.837939024e-03 -4.642744898e-04
-1.909136423e-03 4.667050671e-03
-8.824720862e-04 -5.700000329e-04
3.494120203e-03 -2.068821108e-03
-5.320077180e-04 1.156022656e-03
2.531521895e-04 5.474188365e-04
7.114203763e-04 -1.123278867e-03
1.240187557e-03 -1.896407688e-03
-4.270095087e-04 1.176319565e-04
-4.305615555e-03 -1.088488032e-03
3.163314192e-03 2.258744789e-03
-1.658480760e-04 1.515970798e-03
5.485035945e-04 -2.281995956e-03
-1.125901705e-03 -3.465475515e-03
-5.995457526e-03 -4.018993583e-03
1.837131567e-03 1.835213276e-03
-5.209174124e-04 1.209369744e-03
-9.216077160e-04 -8.403066895e-04
1.546701766e-03 3.316035494e-03
2.496338915e-03 -2.562192967e-03
6.436370313e-04 -6.697197095e-04
-2.252441598e-03 -1.486932742e-03
-1.477919985e-03 -1.842964790e-03
1.036859932e-03 4.024764989e-03
3.561695921e-04 2.076970879e-03
-8.040261455e-04 1.520585502e-03
-3.011172172e-03 -2.137041418e-03
-1.397127984e-03 -1.876817085e-03
5.421292968e-03 -1.068599406e-03
7.561317034e-06 -6.667065318e-04
-1.799119636e-03 -5.120346323e-04
-5.228569498e-04 -3.309172112e-03
-1.966293203e-03 1.519085141e-03
1.540148165e-03 -3.211439122e-03
-1.916596200e-03 4.360585473e-03
-1.802922110e-03 -4.801603034e-03
4.124888685e-03 -4.119666119e-05
-5.492683966e-03 1.020332682e-03
-1.147605712e-03 -2.195431385e-03
2.539583715e-03 -1.206243294e-03
-2.523240866e-03 -3.794395016e-04
1.449855859e-03 2.600867534e-03
1.905230340e-03 7.034872542e-04
-1.889461419e-03 3.296414623e-03
6.540196482e-04 -6.115559954e-04
1.751762931e-03 2.187841572e-03
3.861733712e-04 1.412383979e-03
2.040178981e-03 -1.156896120e-03
-4.596144936e-05 -2.656037919e-03
-1.854905393e-03 -2.018397441e-03
-1.446713926e-03 1.458683750e-03
4.028181080e-03 -3.341336967e-03
6.915206905e-04 2.793927444e-03
-1.755801379e-03 -2.772474429e-03
6.569570396e-04 1.203812499e-04
-1.850051223e-03 -6.323650596e-04
-3.162485082e-03 5.346181570e-04
-9.869944770e-04 -2.081630286e-03
4.342575994e-05 -2.055003541e-03
-4.307264462e-03 3.860926256e-03
-3.174061527e-24 3.006928131e-24
-1.302022122e-24 -1.979054007e-24
-2.985610496e-25 1.685119306e-24
2.659555203e-24 -1.987419088e-24
-1.369427230e-24 4.698077094e-29
6.163623566e-30 1.641953380e-28
6.430779390e-29 4.824771687e-29
1.085321468e-28 5.897684991e-29
5.856648840e-29 1.082371786e-28
1.446658118e-25 -6.122037023e-26
-3.226383121e-24 -4.234506337e-24
7.840109391e-25 -7.523942322e-25
-1.642277355e-24 -7.351848371e-25
-1.846745664e-24 -6.588809348e-25
-3.620582437e-24 6.656531578e-25
3.760753160e-24 -4.759336681e-24
1.913743227e-24 2.576382640e-24
-2.535851164e-24 -7.885910162e-25
-2.686630685e-24 -6.436232802e-25
2.188614315e-24 -2.231157189e-24
-2.980921556e-24 3.853595691e-26
2.802947042e-25 5.703689910e-26
3.975014943e-26 -1.366565538e-24
-6.030702091e-25 3.553075665e-24
2.363246228e-24 -4.890192632e-25
-3.359266543e-25 -9.069967701e-25
-6.363340329e-26 -1.141771636e-24
1.933941221e-24 -7.292138503e-25
-2.616998919e-24 -3.473048882e-24
-2.800305097e-25 -3.186556689e-24
-2.873858735e-24 -1.673665835e-24
-2.724051091e-24 1.440294845e-24
5.985851404e-25 -2.359106681e-24
-1.341262529e-24 9.532598137e-25
1.117336670e-24 1.313489991e-24
-1.079231730e-24 -2.261728902e-24
2.600338176e-24 -6.928141318e-25
-3.764625431e-25 1.555027268e-24
1.166105530e-24 -1.035581098e-24
-2.250241509e-24 -5.844097044e-25
-1.182974137e-24 9.923046814e-25
1.495942770e-24 6.314735897e-25
2.113377692e-24 1.774190577e-24
-5.307041032e-25 3.604325444e-25
5.913700213e-25 -3.037277434e-25
-2.984314841e-24 -4.028466518e-24
1.416925531e-24 3.378732672e-25
-6.717251582e-24 -1.560514289e-24
1.031588180e-24 -1.455997713e-24
-1.814414595e-24 5.300397837e-25
-4.061601240e-25 -1.119665190e-24
-1.698299200e-24 2.544356859e-24
2.668462232e-24 8.765263274e-25
-3.654063617e-25 -4.742711141e-25
-2.168886087e-24 -1.694090997e-25
1.643891858e-24 -4.406076090e-24
-3.339303432e-24 -1.673101208e-24
-1.533658210e-24 -1.037736290e-25
-1.708897793e-25 2.001391516e-25
-2.260998022e-24 1.280177085e-24
-3.515234008e-24 -1.662611132e-24
-1.229310150e-24 -1.636275208e-24
-2.636587518e-24 -1.887939192e-24
-2.545117321e-24 -1.772637113e-24
-1.016462265e-24 -1.276689432e-24
-3.556689043e-24 -1.848377029e-24
1.850027129e-24 -1.118713528e-24
6.565857440e-25 -3.499868970e-24
-5.585547389e-25 1.311066487e-25
-7.990354360e-25 -2.171437855e-24
-2.039486077e-24 -8.026847065e-25
-1.264418011e-24 1.635707031e-24
-2.645786622e-24 1.480032924e-24
-3.271837286e-24 -6.510431580e-25
-1.422363149e-24 -2.192636717e-24
2.098790274e-24 -2.290008776e-24
-4.679181769e-26 -4.302625265e-24
1.935016242e-24 -1.056428029e-24
-2.380246575e-24 -5.497387745e-25
-7.227588973e-25 1.529820500e-24
6.815714834e-25 7.330006784e-26
7.150925005e-25 6.106046689e-25
-4.039219087e-24 -3.253436514e-24
3.112110012e-25 -1.718700721e-24
-2.732369629e-25 -1.784548715e-24
-2.093421483e-24 -2.391981276e-24
-1.553580892e-24 -2.102628279e-24
-7.561224874e-25 -2.149291177e-24
-2.525851563e-24 1.003519128e-24
1.628240956e-26 2.450674795e-25
-7.753185794e-25 -2.491510180e-25
-2.568664622e-24 -1.287778154e-24
2.736879744e-24 2.837160925e-24
-1.043836034e-24 -2.817773091e-24
-1.073097547e-24 -2.541891866e-24
-3.100204869e-25 -2.964281916e-25
-1.576927625e-24 -2.498406895e-24
-1.410490004e-24 2.370857356e-25
-4.603803090e-25 3.046312357e-25
2.293973739e-25 2.174653449e-24
-3.413935985e-24 -3.578584666e-24
-1.282808823e-24 -1.169277441e-24
2.878174297e-25 -1.791596201e-24
-1.909647461e-24 -6.879646094e-25
2.336713681e-24 -9.809739764e-25
-3.773212034e-24 -9.433357463e-25
-1.818622773e-24 7.745156669e-25
1.214015949e-26 -1.513229276e-24
-7.484208327e-03 -7.295924705e-03
-3.999172710e-03 -1.155358646e-02
-1.136117242e-02 4.990837071e-03
-9.447138757e-03 3.624875797e-03
8.036240004e-03 1.199229632e-28
6.338105447e-29 1.265316714e-28
1.162959436e-28 1.654010183e-28
1.599307272e-28 1.377703273e-28
1.812632060e-28 1.503517415e-28
1.282424782e-03 8.077095845e-04
-2.485972364e-04 -3.312841291e-03
-9.739328525e-04 1.007873681e-03
1.294609625e-03 4.741550889e-03
3.508379741e-04 3.697723849e-03
-4.943598062e-03 -1.120612142e-03
-1.285433071e-03 -8.138417266e-03
8.051373996e-03 5.879221950e-03
-3.385760356e-03 -5.085702054e-03
4.448959138e-03 3.536701202e-03
-1.070083817e-03 2.281194786e-03
5.167128518e-03 3.116658190e-03
3.494530916e-03 5.956336972e-04
1.006984850e-03 -3.188914619e-03
4.261993337e-03 -9.580994956e-04
-9.834092110e-03 4.949051421e-03
4.481957760e-03 -5.360602867e-03
-4.636551253e-03 -7.962289965e-04
1.659778645e-03 8.489298634e-03
8.436991484e-04 2.526618307e-03
1.100461651e-02 7.462856825e-03
-6.358293816e-03 1.313917898e-02
8.192212321e-03 -1.193621662e-02
-6.885320414e-03 2.977516502e-03
-7.428546902e-03 -3.343191231e-03
6.124396343e-03 2.599893371e-03
8.746630512e-03 1.056047250e-02
-5.523027387e-03 -3.233150812e-03
-3.464943031e-03 -5.480737425e-03
-5.243805936e-04 1.510767615e-03
-7.468929049e-03 -2.641715342e-03
-2.935068915e-04 -1.237771474e-02
1.997937943e-04 1.676105428e-03
-6.908613257e-03 -1.117054257e-03
2.558905398e-03 -1.680084504e-03
-3.941099159e-03 3.525773995e-03
6.689537782e-03 3.016450210e-03
-2.486172598e-03 1.119575463e-02
1.062908769e-02 2.929791110e-03
9.953471832e-03 7.381557953e-03
3.417497501e-03 -7.144155446e-03
-3.637434449e-03 4.414552357e-03
-8.263259195e-03 -7.012894843e-03
7.955422625e-03 -3.291088797e-04
3.843616694e-03 6.403170060e-03
4.093956202e-03 8.361445740e-03
-3.233880037e-03 3.217203775e-03
8.026476949e-03 2.510359744e-03
7.212260971e-05 -5.155828781e-03
3.194527235e-03 3.006300656e-03
1.014473499e-03 2.520299982e-03
5.967513658e-03 5.453533493e-03
-3.285475774e-03 -2.572083613e-03
5.459054839e-03 -6.506416947e-03
-6.403805222e-03 -5.691958126e-03
-6.146892440e-03 3.432017053e-03
6.496773101e-03 4.796044435e-03
-1.597055234e-03 7.042802405e-03
2.503748750e-03 -1.036907546e-03
6.466516759e-03 1.780808438e-03
-5.855269264e-03 1.012780704e-02
1.350380294e-02 -2.107723150e-03
-1.363565447e-03 9.936486371e-03
-6.372114643e-03 1.608390477e-03
-8.063986897e-03 -1.536724623e-03
1.430885401e-02 8.982729167e-03
-8.904136717e-03 -7.217957638e-03
2.901248401e-03 -5.658959970e-03
-2.738979238e-04 -7.743600756e-03
-5.524098407e-03 1.158907544e-02
7.877632976e-03 -1.052423008e-02
-8.422389627e-03 -3.796739271e-03
-1.135985134e-03 3.958723042e-03
-5.449596327e-03 -3.333139699e-03
-5.864270963e-03 1.171771437e-03
-7.425271440e-03 1.335124113e-02
1.112285163e-02 5.792507902e-03
5.835675634e-03 -7.936342619e-03
6.490486558e-04 1.652704552e-02
7.313298061e-03 -7.113160100e-03
2.796762856e-03 1.012591738e-02
-8.830885403e-03 6.470672670e-04
3.326379927e-03 -6.327239797e-03
-1.716647181e-03 9.409732185e-03
7.148494478e-03 1.327280072e-03
7.305551320e-03 1.033389848e-02
1.258612517e-02 -1.050603483e-02
5.684992298e-03 9.953586850e-04
-8.671817341e-05 -7.325926796e-03
-1.064937282e-02 -6.233885884e-03
3.154475999e-04 -2.484576311e-03
-6.325265393e-03 -5.786888301e-03
-3.344040830e-03 6.653900258e-03
-1.320213079e-02 8.102771826e-03
1.210436597e-02 -8.207744919e-03
-9.462047368e-03 -4.381863400e-03
-6.026349030e-03 2.718401840e-03
3.310884582e-03 -8.257823996e-03
-6.164182560e-04 2.768979408e-03
-2.243489234e-07 -1.795266229e-07
-1.412012267e-07 -1.936898144e-07
-6.260178509e-08 -8.697612941e-08
-1.783708825e-07 -1.969933727e-08
-2.149348077e-08 -7.300297038e-29
-1.102782912e-28 3.401139018e-29
7.540884206e-29 -3.331861211e-29
1.735454871e-29 -2.995997385e-29
-3.004168444e-29 5.768262498e-29
-7.314843486e-08 -7.090434018e-09
-6.336573488e-09 -5.328089614e-08
-3.331455289e-08 -5.534637282e-08
2.652574160e-08 -1.223086432e-08
-4.884337201e-08 1.069100151e-07
5.615057574e-08 -9.672165291e-09
1.247879595e-07 -6.420249221e-09
6.811518460e-08 -4.361113071e-08
4.859054270e-10 1.758725858e-07
-3.362919720e-09 -8.838943799e-09
-1.242241439e-07 -2.830775792e-08
-2.707673374e-08 -5.632960409e-08
-1.434463854e-07 -8.348656877e-08
-1.617332934e-08 6.047277790e-09
2.047829462e-08 6.754593329e-08
-1.183781606e-07 -3.295048501e-08
-2.515027475e-08 -1.053039043e-07
3.545918403e-08 -1.176930775e-09
-2.202241518e-07 -1.844566668e-07
-1.490116119e-07 -7.858880480e-08
-1.409447670e-08 -7.302736549e-08
-1.658461990e-08 6.570629552e-08
-1.509878977e-08 -1.603491739e-07
-3.046737973e-08 6.234993322e-08
2.285283296e-09 1.150828126e-07
8.168058940e-08 -3.613960331e-08
1.237596905e-07 1.438332475e-07
3.864287024e-08 4.740497772e-08
-1.090201884e-08 2.716067726e-08
1.149276017e-07 5.929048541e-08
3.012653238e-08 1.012228523e-07
9.309880511e-08 -4.465132974e-08
-7.866638185e-08 1.564091434e-08
-4.785724173e-08 -4.376640916e-08
4.143244325e-08 -3.889278588e-08
3.423604866e-08 -1.576211872e-08
1.458698495e-08 1.095187763e-08
-1.304892834e-07 7.546822189e-08
1.345549006e-08 -1.040232505e-07
-6.505180039e-08 2.030445501e-08
7.693466131e-08 -9.696201886e-08
-1.026989693e-08 5.017648164e-08
-4.643420581e-08 4.486520311e-08
1.633956970e-08 -4.637134055e-08
7.196637597e-08 1.661128834e-07
6.103051930e-08 2.909053975e-08
-1.742461393e-07 1.277213642e-07
3.221063594e-08 -1.037897093e-07
1.812386152e-08 3.927908665e-08
4.058441139e-09 -4.407781873e-08
-2.699917268e-08 -1.030469861e-07
5.649945578e-08 -1.653372550e-09
-1.024368590e-08 -9.094395637e-08
1.335726374e-08 2.571561453e-08
3.325887832e-08 9.999444828e-09
9.774136167e-09 -6.971137445e-09
-2.140770006e-09 -6.163482880e-08
3.119106040e-08 1.246891514e-07
-3.788479930e-08 -5.390142732e-08
-3.953330463e-08 6.312226297e-09
-9.918920796e-08 -1.742944811e-08
-2.733627191e-08 -7.747850361e-08
-4.542999310e-09 -9.548135438e-08
-2.742226357e-08 -6.461190338e-08
-2.222916784e-08 -1.251713542e-07
-1.313136266e-07 -1.451435026e-07
-4.237831774e-08 7.769494204e-08
-1.781809544e-07 -3.103260982e-09
-5.508479362e-08 -1.553659068e-08
-2.468831216e-11 4.717340474e-08
-2.374094876e-08 -6.674935804e-08
1.809354977e-08 -2.544576638e-08
-2.975906170e-07 -1.256699846e-07
-6.336555458e-08 -1.890247745e-07
3.676049332e-08 -8.942795837e-09
-6.245786466e-08 5.324344698e-08
2.955568590e-08 -5.462599617e-08
-1.049041529e-07 -1.329060098e-07
-1.387724957e-08 9.756921493e-09
-1.085772254e-07 -4.570635426e-08
6.060270863e-08 8.748194169e-09
-1.955010447e-07 4.133946518e-08
1.653566244e-07 -3.400445436e-08
3.287662764e-08 7.859313200e-08
-1.425672025e-07 3.652434444e-08
2.296447690e-07 1.077599450e-07
-4.074005489e-08 -1.662719562e-08
7.095839294e-08 -5.213826526e-08
-1.399121032e-07 1.192674848e-08
2.170209790e-08 -1.114056829e-07
-1.915950634e-07 -1.679200636e-07
-1.802807361e-07 -1.545031694e-07
-5.757339849e-08 -1.070687361e-07
-1.349928311e-07 -4.868726222e-08
-2.019487155e-08 5.543232984e-09
-6.811558251e-08 -1.500681321e-07
-4.261041653e-08 -4.850401680e-08
-5.595989450e-08 -4.378011553e-08
4.018089683e-08 -4.108266793e-08
-7.606409490e-03 -3.987615462e-03
-9.626746178e-04 2.776006586e-04
9.663252160e-03 5.226426758e-03
-2.168042585e-03 7.857932709e-03
3.320971737e-03 3.031633710e-29
1.117502915e-28 7.342021106e-29
-1.732304020e-30 1.179302877e-28
1.004696940e-29 1.572681652e-28
1.181489169e-28 2.138454809e-29
-4.158920608e-03 -2.145445906e-03
-2.479666611e-03 -3.419878660e-03
-1.531040034e-04 -4.683689622e-04
-3.219590755e-03 -2.177974908e-03
-3.186245915e-03 8.582009468e-04
7.524907589e-03 2.868551528e-03
2.004145412e-03 9.353604168e-03
-3.361440031e-04 -2.057341393e-03
-1.784436172e-03 5.346509861e-04
-4.642239306e-03 4.147834145e-03
4.212404601e-03 -2.500624687e-04
4.324220587e-03 3.355459776e-03
-4.658579826e-03 1.032514381e-03
4.473202862e-03 2.810834441e-03
5.402263720e-03 -3.495292040e-03
7.028154097e-03 5.945079029e-03
6.921026856e-03 2.288417425e-03
6.337950006e-03 4.043666646e-03
9.078991599e-03 1.337263174e-02
-5.887119099e-03 3.040984506e-03
6.796712987e-03 4.687001463e-03
-3.411694430e-03 7.754909806e-03
4.588581156e-03 -7.738982094e-04
5.630754866e-03 -7.676080568e-04
-5.627911305e-04 3.589363536e-03
6.847311277e-03 6.831280189e-04
-1.094790292e-03 6.530710030e-03
1.133654732e-02 1.146994438e-02
5.061021540e-03 7.040523924e-03
1.547042560e-02 1.060236990e-02
3.400891437e-04 9.369095787e-03
9.832972661e-03 -1.144103240e-03
1.080300938e-02 -1.738780178e-03
7.634978741e-03 9.202555753e-03
1.106713153e-02 -4.507922495e-05
4.891504068e-03 7.193421945e-03
1.097643399e-03 7.500229869e-03
3.489576513e-03 2.268530661e-03
1.178648602e-02 5.842807703e-03
-1.192474621e-03 1.039114222e-02
6.841590162e-03 -3.493717406e-03
-1.284609782e-03 -1.404082403e-03
5.662817275e-04 5.327594001e-03
1.114882645e-03 2.802344970e-03
3.557085060e-03 -3.587655257e-03
-1.683003939e-04 7.172634359e-03
6.955825258e-03 1.580407261e-03
7.563005667e-03 2.937917598e-03
-6.368898321e-03 4.827129596e-04
3.096309025e-03 6.656350568e-03
3.747069277e-03 8.188776555e-04
-6.120055914e-04 1.259691053e-04
1.196843688e-03 -3.350454615e-03
2.910113661e-03 3.228976624e-03
1.907746191e-03 1.403126749e-03
-2.410933841e-03 8.727935143e-03
1.264454424e-02 5.283701466e-04
-9.101732867e-04 6.182579789e-03
2.134686103e-03 2.200565301e-03
8.044082671e-03 -3.076344961e-03
8.432694711e-03 1.070425566e-02
4.837098066e-03 1.437630737e-03
5.782002583e-03 3.989222459e-03
7.047439925e-03 3.609328764e-03
-5.610330496e-03 1.051090751e-02
1.124274358e-02 4.278126638e-03
-3.640136914e-03 5.869017914e-03
5.664361641e-03 4.356123041e-03
5.067600403e-03 -3.469561227e-03
2.731687389e-03 5.578095559e-03
5.013198592e-03 -5.092613865e-04
1.476593665e-03 8.103280561e-04
1.610360690e-03 4.381157458e-03
3.894237569e-03 9.622605867e-04
1.279837266e-02 1.319671236e-02
-5.504399538e-03 7.309617009e-03
4.500343464e-03 6.634077523e-03
9.182080626e-03 -1.531125046e-03
5.051402375e-03 1.239069831e-02
8.097951300e-03 3.557847522e-04
7.684548851e-03 1.142013539e-02
1.974158455e-03 3.939962480e-03
1.273991773e-03 5.858157761e-03
1.772444695e-02 9.101835079e-03
3.312332090e-03 4.303857218e-03
2.975884359e-03 6.593095604e-03
4.253181163e-03 -6.798805553e-04
2.938986523e-03 5.830897950e-03
-2.830345416e-03 -2.529387595e-03
3.249841509e-03 5.586501677e-03
4.812422849e-04 4.412828479e-03
3.355639928e-04 -1.193412696e-03
1.087918784e-02 8.277894929e-03
-5.806922447e-03 8.083428256e-03
6.414080504e-03 -5.335844588e-03
5.102299619e-03 -6.433343049e-03
2.976022661e-03 8.416452911e-04
-8.363571251e-04 1.741087181e-04
5.950872786e-03 6.078856532e-03
2.200676512e-15 1.299099063e-16
-5.657507226e-16 1.556801770e-15
1.004242580e-15 -3.720928652e-16
3.557786136e-15 3.825326998e-15
-2.391409591e-16 -1.493878707e-29
1.257154743e-28 2.732156418e-29
-7.071100691e-30 -2.760125435e-29
-5.235665230e-29 -2.550556873e-29
-3.781055162e-31 4.895434057e-30
8.454653010e-16 6.488329021e-16
3.877291331e-17 6.005768528e-16
3.057313807e-16 2.633170794e-16
1.082190787e-15 5.666993465e-16
2.440005724e-16 4.484335995e-15
7.318786593e-16 -4.125443900e-15
6.576032189e-15 1.265925256e-15
1.421760366e-15 2.543808077e-15
3.299196506e-16 -1.630938223e-15
3.003675181e-15 -2.073117374e-16
-5.285192306e-16 2.010854523e-15
-2.910357032e-16 1.167157509e-15
1.170632144e-15 1.017363756e-15
8.040489369e-16 -3.116066500e-15
1.170377187e-15 -1.458518843e-15
5.365306799e-16 -2.998943178e-16
-3.407565689e-15 -2.439271505e-15
-5.133996289e-15 -1.060734384e-15
5.122168639e-16 -4.190240226e-15
-2.468896483e-15 -4.404116046e-16
-1.865474870e-15 -1.357488036e-15
1.016933780e-15 1.323570825e-15
2.015787643e-15 5.334821872e-15
-1.083332058e-15 -7.142172812e-16
1.226560247e-15 -2.274587336e-15
7.960593515e-16 1.635291443e-15
1.666893925e-15 8.239359470e-16
-1.259225967e-15 1.121239959e-15
1.104758709e-15 -1.352654442e-15
-6.421109016e-16 -1.332521528e-15
-1.451090788e-15 -9.262321160e-16
-1.121835635e-15 -2.124630106e-15
6.334301903e-16 9.388209314e-16
2.021527508e-16 2.199050844e-15
-3.689144799e-16 1.277667780e-15
-2.203776441e-15 9.954737772e-16
2.691847625e-15 1.178814482e-15
-1.950376582e-15 2.515264337e-15
1.455413409e-15 7.113903616e-16
1.460006868e-15 2.917709172e-15
-4.636790702e-16 3.275650049e-15
1.271956343e-15 9.441720621e-16
1.465158629e-15 1.061241545e-15
-1.442346496e-16 3.479130656e-15
1.842693283e-15 -1.063688093e-15
-8.702667434e-16 -7.323649620e-16
6.241010753e-16 -1.557676543e-15
5.761875979e-16 3.825128368e-15
-1.166410002e-15 5.636213876e-16
3.022113606e-15 4.938534543e-15
-1.087864002e-15 -2.418822436e-15
-1.918235546e-16 -2.554485350e-15
7.744475706e-16 1.868534141e-15
2.761621117e-15 7.697328264e-16
2.721273338e-17 7.621567519e-16
-1.898455871e-16 2.445398518e-15
1.250668181e-15 7.591633904e-16
-1.550051659e-15 5.979151576e-16
3.932441937e-15 -2.466007889e-15
-7.944205016e-16 2.441180506e-15
-4.467511168e-16 1.722637586e-15
1.999633666e-15 -2.415232499e-15
-4.191445131e-15 2.036352544e-15
-3.693308443e-15 8.421891364e-16
-2.646419130e-15 7.372190961e-16
2.949135524e-16 -2.795843789e-15
1.739888259e-15 -2.904369250e-15
2.050510064e-15 -6.835184778e-16
1.332150951e-16 2.224810598e-15
6.600635002e-16 -9.773687656e-16
1.870107081e-15 4.799048334e-16
-1.550417577e-15 3.384778809e-15
2.206711622e-15 -1.889525100e-15
-2.290090580e-15 4.619450350e-16
-3.628046672e-15 -2.161846828e-15
1.499273728e-16 2.766474827e-15
6.292901050e-16 -5.895174612e-16
-1.689949950e-15 -1.784112908e-15
1.989310240e-15 -9.303375788e-16
-2.755293357e-15 3.364381197e-15
8.539558534e-16 1.931172228e-15
1.421196878e-15 1.664061235e-15
8.204135605e-16 -1.894882583e-15
5.814563546e-15 1.052661948e-15
6.017484264e-15 2.422494959e-15
-3.686096804e-15 2.169581297e-15
9.253407197e-16 -3.517258521e-16
2.371437295e-15 -4.754617750e-16
9.836023987e-16 2.429719091e-15
6.380586430e-16 2.606765706e-15
1.385350126e-15 -1.838050272e-15
-1.851527414e-15 -2.020456912e-15
-2.110229699e-15 3.440621627e-16
5.802996781e-16 4.243851483e-15
1.509850099e-15 -2.481704468e-15
-1.335858096e-15 6.924297409e-16
-3.839013250e-16 -2.839114149e-16
1.902914997e-15 2.134732456e-15
-6.210880732e-16 1.413848443e-15
-3.401999129e-03 8.034888655e-03
-1.650780556e-03 1.479082182e-02
3.504843917e-03 1.574734459e-03
-1.181539701e-04 1.775056683e-02
2.055072924e-03 1.555252828e-29
-7.743997593e-29 -2.874284631e-29
-7.253079254e-30 1.572483040e-28
-2.138570816e-29 7.457455329e-29
6.671678319e-29 -4.306590606e-29
6.866717245e-03 4.014580976e-03
-9.585329099e-04 2.922211541e-03
-2.353534102e-03 6.006373442e-04
2.518837806e-03 6.057808605e-06
-6.941750180e-04 -1.672731829e-03
1.661189483e-03 -1.005122205e-03
-3.136421088e-03 1.233808137e-02
1.107682567e-02 -4.868425895e-03
7.476639468e-03 1.389432140e-02
3.925271740e-04 4.198560957e-03
-4.862906935e-04 1.720745699e-03
5.468335003e-03 4.321024753e-03
-3.443667199e-03 2.877520863e-03
1.913528657e-03 -3.093708539e-03
-3.211022355e-03 -8.400524966e-03
2.889661351e-03 7.734928280e-03
-1.422249945e-03 8.626592462e-04
-7.161723915e-03 -5.200466607e-03
9.551339783e-03 1.661677100e-02
-5.052470602e-03 1.336632110e-02
6.560571492e-03 1.855728478e-04
6.505731959e-03 9.016403928e-03
-7.347113919e-03 7.954765111e-03
2.161305211e-02 -7.180336397e-03
4.358620383e-03 2.732251072e-03
-5.176412407e-03 -1.028040238e-02
1.361202635e-02 1.071009506e-02
-9.747053264e-04 -2.653726377e-03
-1.144051924e-02 7.458322681e-03
-1.473164652e-03 -4.520342685e-03
1.149423188e-03 -1.013162546e-02
-9.461435489e-03 3.648892511e-03
4.739573225e-03 1.461531268e-03
2.679725178e-03 5.545000080e-03
3.551286354e-04 4.280894995e-03
1.505965600e-03 -8.960897103e-03
-1.114979736e-03 -3.161690198e-03
-6.758243777e-03 1.766197849e-03
6.563514005e-03 -1.874832204e-03
3.761915723e-03 8.574435487e-03
4.658129532e-03 -1.914045075e-03
1.118179411e-02 -7.125596981e-03
1.051019505e-02 6.257383619e-03
-4.148833454e-03 3.173667006e-03
2.542043105e-03 -3.838141856e-04
-1.062488556e-02 3.293882590e-03
5.591935944e-03 -4.990724381e-03
4.020395223e-03 8.717035525e-04
4.623222165e-03 1.570309140e-02
6.073400378e-03 9.220282547e-03
7.378729526e-03 -4.885908682e-03
6.506234873e-03 -5.922647193e-03
-1.018577907e-02 -1.246506255e-02
-1.854447299e-03 -1.314984355e-02
-1.316790283e-02 -9.348250926e-03
2.260428155e-03 6.975576747e-03
1.243914291e-02 4.004863556e-03
-7.504456677e-03 6.670124712e-04
8.696758188e-03 -5.896117073e-03
-8.844322525e-03 -5.738320760e-03
8.264382370e-03 1.536236051e-02
-1.428390853e-03 6.149566267e-03
-2.644332591e-03 1.761686523e-03
-7.125284523e-03 -9.605758823e-03
-1.892852830e-03 -8.164966712e-04
6.236074492e-03 -4.330204334e-03
-8.685503155e-03 -1.046853885e-02
-2.167525003e-03 -2.100739403e-05
-7.371363463e-04 -1.711050281e-03
-3.258026205e-03 -1.703066169e-03
-5.798415747e-03 -5.255053402e-04
1.059502829e-03 -4.483581521e-03
6.629409734e-03 1.741063409e-02
-6.972898263e-03 1.967293397e-02
5.222826265e-03 -1.836620388e-03
-6.016027182e-03 -5.482118111e-03
-8.778298274e-03 5.015992094e-03
1.503426349e-03 6.356395897e-05
5.100827198e-03 1.282494888e-02
8.163244347e-04 1.804139814e-03
6.441897713e-03 9.678788483e-03
7.690373342e-03 1.215696614e-02
-4.641725216e-03 1.222484466e-02
2.093620831e-03 -6.107950117e-03
6.837404333e-03 1.117784996e-02
4.241699819e-03 3.489634546e-04
-3.805054352e-03 3.197824815e-03
-2.052957658e-03 -1.737457700e-03
-4.522095434e-03 -6.463510916e-03
-3.228251589e-03 -2.608303621e-04
8.735376410e-03 1.372837648e-02
-1.081339200e-03 1.539184898e-02
7.470453158e-03 1.391434227e-03
5.882445257e-04 1.329492964e-02
-3.676187480e-03 -1.302740537e-02
1.358979731e-03 -1.537448261e-04
-9.880748112e-04 8.415407501e-03
2.210321603e-03 4.992736503e-03
1.203646231e-02 -1.186686801e-03
-1.077153441e-02 -1.212654542e-02
3.286013613e-03 -2.627026057e-03
1.019035559e-02 6.476035807e-03
-4.575064231e-04 6.070848089e-03
5.182462279e-03 2.545968646e-29
6.449256280e-29 6.140093367e-29
7.021554188e-29 1.725566424e-28
4.003029741e-29 1.534753110e-28
1.283345224e-28 1.227378542e-28
-2.007465111e-03 -2.635232871e-03
2.022905275e-03 -3.988259006e-03
-1.032778178e-03 3.886829363e-03
2.397096483e-03 1.892391592e-03
8.223663899e-04 -6.826391909e-03
5.926702637e-03 1.640387997e-02
-6.009458564e-03 1.439747214e-02
1.350969076e-02 1.457402017e-03
7.706795004e-04 -5.447324831e-03
-3.401914611e-03 2.835595980e-03
-2.543901210e-04 3.256849945e-03
7.637130562e-03 4.992070142e-03
-2.610276279e-04 -1.026925282e-03
-4.926369365e-05 3.193759185e-04
2.301919274e-03 -4.364111461e-03
1.040562172e-03 1.313718152e-03
1.796694356e-03 -1.211341238e-03
2.020526881e-04 -3.126189345e-03
4.881797824e-03 3.529452253e-03
-7.334449328e-03 1.602939889e-02
1.968373731e-02 -7.726686308e-04
6.770587992e-03 1.399115287e-02
8.285052027e-04 -3.963003401e-03
-8.798561757e-04 3.216817277e-03
-3.001560224e-03 9.849539492e-04
3.382574534e-03 5.566882901e-03
6.248643156e-03 1.078813151e-02
1.292926492e-03 3.522696672e-03
-1.200692786e-04 3.889865242e-03
6.768188905e-03 6.387945265e-03
-2.196363872e-03 4.268411547e-03
1.751825563e-03 -3.956240136e-03
2.881378634e-03 -7.002638653e-03
3.089455888e-03 4.616221413e-03
9.016811382e-04 -1.741692191e-03
1.456462196e-03 -1.467145514e-03
-1.214971882e-03 5.312925670e-03
5.718945526e-03 7.473229431e-03
1.529136021e-02 7.716064341e-03
2.506679157e-03 5.117582157e-03
3.550277092e-03 -1.124606188e-02
-8.175427094e-03 3.580727847e-03
-5.403848831e-03 -1.455718157e-04
-5.574445822e-04 -4.853566643e-04
-9.685512632e-03 -5.637007300e-03
3.010768909e-03 5.352030974e-03
-2.286026138e-04 7.953227498e-03
1.825999655e-02 7.911439054e-03
-3.586961888e-03 3.357662645e-04
1.507818932e-03 -3.292178037e-03
-1.281532343e-03 -4.615931830e-04
3.933236469e-03 7.660399191e-03
-8.565686294e-04 -2.373604511e-04
4.373597330e-04 -4.441328347e-03
4.094890784e-03 -3.662207862e-03
3.416059306e-03 -2.395805903e-03
1.822721330e-03 -1.195876743e-03
-2.233551349e-03 8.939834312e-03
-2.096661599e-03 4.464843776e-03
6.643896922e-03 -8.315866813e-03
4.964506719e-03 3.456617007e-03
-5.094907712e-03 -2.250165213e-03
3.905754784e-05 2.326346294e-04
7.522096392e-03 4.812063649e-03
-3.519730177e-03 2.968573244e-03
4.846315365e-03 -2.723884769e-03
-1.096041314e-02 5.609947722e-03
-1.440012362e-03 7.365104102e-05
6.559387315e-03 -9.917292744e-03
7.756210398e-03 9.097975679e-03
-2.012196928e-03 -1.214489993e-02
-1.344733126e-02 -2.958172932e-03
6.525464822e-03 -4.700192250e-03
4.731066059e-03 -4.111946560e-03
6.327250157e-04 1.747779315e-04
6.967576686e-03 2.033613250e-02
7.464490365e-03 1.315652579e-02
7.779842708e-03 -4.622072913e-03
4.383002874e-03 1.140499581e-02
7.046468556e-03 -6.065083202e-03
3.258105135e-03 1.145890914e-02
-8.772970177e-03 -5.691293627e-03
2.686813241e-03 9.810640477e-04
4.552441649e-03 3.476079553e-03
-1.364484488e-04 -5.563178100e-03
-4.543022253e-03 8.471843787e-03
-1.105373260e-03 3.415682586e-03
1.597269089e-03 9.870992042e-03
-1.785750617e-03 -1.035121363e-02
-1.778504928e-03 -5.155735184e-03
-4.027532414e-03 -7.827261463e-03
-1.902640914e-03 -2.906380454e-03
1.419518143e-02 1.398204011e-03
3.315585200e-03 1.212764438e-02
-2.199682407e-03 -3.384930082e-03
7.370099425e-03 -8.146693930e-03
9.197575971e-03 1.305056550e-02
-5.788443610e-03 -3.597053932e-03
1.572096953e-03 -3.224611282e-03
1.193295790e-24 -5.403648686e-24
-7.567839473e-25 6.302643152e-25
-6.907132769e-24 7.720077301e-25
1.001713031e-24 -1.743794583e-24
5.701239510e-26 -1.599806449e-28
-5.954260988e-29 -5.930613879e-30
1.779049574e-31 -1.114638576e-28
-1.509331436e-28 5.723595970e-29
-2.668787305e-29 -1.734794879e-28
1.324362269e-24 7.607785663e-26
-1.138273362e-26 -3.860117290e-24
-1.622971661e-24 9.219110483e-26
-6.121069559e-25 -2.790491323e-24
-5.950093818e-25 7.088217836e-26
-1.511138006e-25 -5.107273841e-25
-6.930057757e-25 -9.047030337e-26
-3.609671308e-24 -3.171394191e-24
2.782345939e-24 -2.860299596e-24
1.008827077e-24 -1.478855845e-24
6.882104381e-25 -9.218055628e-25
-2.218263060e-24 -2.553744896e-24
-5.877828243e-25 -1.349915051e-24
-2.039721355e-24 -2.486796637e-24
1.716490924e-24 6.083974361e-25
2.307875095e-24 1.662305054e-24
-3.205561187e-25 -5.637240458e-25
9.110270604e-25 1.697977739e-24
1.036624958e-24 1.135516068e-24
-1.627281381e-25 -3.343712770e-24
-9.549155341e-25 1.326061007e-25
-1.034450956e-24 -2.799291263e-24
-6.857991369e-25 1.969606017e-24
-1.795487258e-24 -9.224193952e-25
1.911120067e-24 -1.779624843e-24
2.236143184e-24 2.311642695e-24
-9.426698491e-25 -6.071163753e-25
4.925796390e-25 2.042475860e-24
-5.608774905e-25 1.553072471e-24
2.635143114e-24 1.843919348e-25
-1.230004545e-24 4.410780659e-25
8.283776104e-25 -2.074208579e-24
1.655863019e-24 1.533643221e-25
1.497392400e-24 2.842413556e-24
-8.669182974e-25 -1.147658215e-24
-2.643239933e-25 7.383113394e-25
2.583922573e-24 -1.140752822e-24
8.064945103e-25 -6.197527930e-25
-1.404082383e-24 -2.407323832e-24
-2.840517923e-24 1.414973495e-24
-3.624570918e-24 2.674008516e-24
-2.079207985e-24 -1.522647684e-24
-5.709068215e-25 -9.317369272e-25
2.025997542e-24 1.689599050e-24
-5.734980744e-28 1.134489957e-25
1.306236020e-24 -1.580487951e-24
5.707456474e-25 -1.281506414e-24
-4.039972449e-24 -3.056486345e-24
-8.018814489e-25 -3.316898993e-24
-2.615386290e-24 2.292271821e-24
-8.508208017e-25 1.962422280e-25
-2.523939167e-24 2.103653897e-25
7.191675587e-25 1.448126656e-24
-2.281753742e-24 -8.782543272e-25
-2.212791127e-24 2.231723986e-25
-1.719522911e-24 3.011067531e-25
-2.766966899e-24 1.731456626e-26
-1.087940162e-24 -1.435089134e-26
1.963702084e-25 -3.385479800e-24
-2.728506183e-24 1.422407819e-24
2.008383856e-24 -1.161962334e-24
-3.004085273e-24 -1.263404226e-24
-1.933539888e-24 -1.860813544e-25
-3.935942601e-24 1.830042324e-24
-3.221195769e-24 -7.566880514e-25
-1.745495959e-24 -8.754932154e-25
-2.669560918e-24 -1.676060225e-24
-2.603440421e-25 -2.717009126e-24
6.533001383e-25 -2.044403245e-24
3.276960987e-25 -2.568779993e-24
-2.481828589e-24 4.019404577e-25
-2.216283414e-24 -1.318874952e-24
4.713545672e-24 -1.359671486e-24
-1.666663708e-24 -1.349095129e-24
-2.838822464e-24 2.956369444e-24
7.622986766e-25 -1.094834807e-24
-9.230413134e-25 -1.412329923e-24
2.020682197e-24 -1.148126157e-25
4.233589188e-25 -3.866080093e-25
1.770572664e-25 -8.583369698e-25
-1.168622884e-24 1.054036104e-24
-1.667206050e-24 -4.955980772e-24
-1.257087126e-24 -8.655783185e-25
2.532385304e-24 3.454484224e-24
3.222945068e-24 -1.888963528e-24
1.259820135e-24 -2.345955383e-24
-2.275924848e-25 -1.410227609e-24
-1.480169989e-24 -2.543912533e-24
-1.342925349e-24 -3.823028255e-25
-4.264382373e-25 -3.590765418e-25
2.065044185e-24 -2.263247656e-24
1.818955475e-24 -2.264475913e-24
-2.937587257e-24 1.781007913e-24
-1.196527754e-24 -3.083330690e-24
1.586827484e-25 -2.246754350e-24
-5.588974127e-26 -5.278083921e-25
-2.006304813e-24 -3.948130107e-24
-2.925612546e-24 -8.800285740e-25
-3.206577782e-24 -1.931661808e-24
1.841304242e-03 3.932441119e-03
-4.068655893e-03 5.226788111e-03
9.297781624e-03 -2.309127012e-03
-8.306291420e-04 5.004169419e-03
3.809846472e-03 -2.223190160e-29
2.395832024e-29 3.853395517e-29
3.198484845e-29 -7.539154330e-30
9.774484469e-29 9.533096685e-30
5.885733693e-30 1.323591382e-28
8.888595621e-04 7.067540428e-04
1.017368631e-03 2.062968677e-03
-1.147697098e-03 -2.203854034e-03
1.010651700e-03 -1.533433096e-03
-4.511433654e-03 1.125098951e-02
4.302918445e-03 2.738429233e-03
7.801687811e-03 1.629026234e-02
2.223382005e-03 3.269844688e-03
1.120109484e-02 -3.880334087e-03
1.238150173e-03 1.429321244e-03
-2.427507279e-04 4.446020350e-03
4.884565133e-04 2.197229303e-03
-3.848407941e-04 3.235784592e-03
6.532506552e-03 -4.157095391e-04
-1.972273691e-03 -2.150800545e-03
3.877008334e-03 2.065155888e-03
1.029088534e-02 4.073707387e-03
5.523763321e-05 -2.441977267e-04
8.942371234e-03 3.618474875e-04
-8.344845846e-03 5.061303731e-03
5.828915630e-03 -1.982725691e-03
2.144900151e-03 6.501623895e-03
4.962452687e-03 6.487227976e-03
1.488558017e-03 -4.586999239e-06
-2.091701841e-03 5.142057315e-03
-2.215087879e-03 4.769411869e-03
1.072843373e-02 1.184266526e-02
3.642642405e-03 1.239995472e-03
-1.447893446e-03 8.563512238e-04
2.785565332e-03 3.630264546e-04
-2.639917191e-03 1.060599112e-03
2.150185173e-03 3.728194395e-03
2.398905577e-03 -4.587871023e-03
3.189931391e-03 3.555146977e-03
6.011241581e-03 2.362915984e-04
-7.226328307e-05 -1.460351283e-03
3.865231760e-03 -1.043138327e-03
-1.002869452e-03 1.178866532e-02
1.348444074e-02 4.280179273e-03
8.202240802e-03 1.257726178e-02
3.551189089e-03 -2.806300472e-04
8.816409856e-03 -4.626061767e-03
6.649616174e-03 4.033445846e-03
4.126917571e-03 8.635263890e-03
-1.887898077e-03 9.437114932e-03
-8.655933198e-04 3.373968182e-03
-3.689269535e-03 5.544547457e-03
4.874067847e-03 2.828851342e-03
-3.984841052e-03 6.276034401e-04
5.807146430e-03 6.112801377e-03
1.797675155e-03 -3.602858051e-04
1.007408928e-02 8.610262536e-03
-3.115620930e-03 2.282961039e-03
4.153842106e-03 1.504125190e-03
5.293993163e-04 -4.277812783e-03
6.072929245e-04 4.359036684e-03
7.059756899e-04 7.262696046e-03
4.440126475e-03 5.495613907e-03
2.468466992e-03 -2.608540701e-03
-1.915993984e-03 -9.516651742e-03
3.782010637e-03 4.076474346e-03
8.649873547e-03 7.317556883e-04
8.779946947e-04 -2.049678937e-03
2.433043439e-03 -4.468296189e-03
-7.452154066e-03 8.046236821e-03
-6.680858787e-04 1.601584628e-02
8.842297830e-03 6.408780464e-04
5.330512766e-03 -1.771442476e-03
-1.781672821e-03 -7.720832713e-03
4.119683988e-03 4.239297006e-03
5.924275145e-03 7.267114124e-04
-2.552038990e-03 -4.213047796e-04
2.708739135e-03 -1.985233976e-03
-9.833051590e-04 1.251164009e-03
4.209337756e-03 -6.106576417e-03
1.230523107e-03 3.828475252e-03
3.891335567e-03 8.437162265e-03
1.111736870e-03 -2.995310817e-03
5.996168125e-03 7.421232760e-03
9.174758568e-03 6.417722907e-03
7.255863864e-03 1.153544895e-02
-1.823834842e-03 4.907589406e-03
-4.828329198e-03 8.609132841e-03
4.089705646e-03 3.766777227e-03
1.346374396e-02 4.793564789e-03
6.790779997e-03 8.678183891e-03
1.968764467e-03 2.457324183e-03
9.424741380e-03 1.647063298e-03
8.338199928e-03 7.910177112e-03
5.269281566e-03 3.097724635e-03
2.128891414e-03 -9.065722697e-04
-5.262833089e-03 2.945440356e-03
1.089588646e-02 -1.666332479e-03
-3.629001789e-03 6.604357623e-03
2.999051474e-03 -5.145312753e-03
-2.451081295e-03 -1.405532099e-02
5.830385722e-03 2.404893516e-03
4.107200075e-03 3.546100808e-03
2.281685825e-03 7.979879156e-03
-1.446628581e-11 -4.500187029e-11
1.876395225e-13 -2.289888244e-11
-3.873180856e-12 4.909560258e-11
-4.150837313e-11 -2.055471245e-11
3.357082320e-11 -4.675222324e-29
-5.408171377e-29 -1.221994124e-29
-1.912353342e-29 -1.086384100e-28
-1.745441721e-29 -6.202111922e-29
-8.909415117e-29 -1.010887406e-28
8.143989823e-12 7.411820289e-12
3.733461023e-12 6.242904631e-12
8.465385511e-12 -6.322408959e-13
-2.731321029e-12 2.377373905e-12
-3.644366059e-12 3.746181837e-11
-2.274456144e-11 1.168843494e-11
5.501246680e-11 -6.434359556e-12
3.741186527e-11 1.244434764e-11
-1.980752888e-11 1.062227823e-11
6.880688727e-12 1.285049931e-11
2.221271561e-12 2.128153209e-11
1.013464312e-11 1.711398211e-11
-4.434627578e-12 3.121607790e-12
-4.252172616e-13 1.709479260e-11
2.520998341e-11 1.496117119e-11
-1.095425486e-11 9.196161194e-12
1.496924980e-11 -6.323390298e-14
7.260128262e-12 1.243486390e-11
2.949088673e-12 2.123094669e-12
6.858600059e-12 5.404406957e-12
3.585246683e-11 3.668522777e-11
-4.302328285e-11 2.407596691e-11
3.797722553e-11 3.246301838e-11
-5.327274646e-12 2.215884941e-11
2.238264782e-11 5.021515148e-11
2.494725954e-11 -1.563025750e-11
1.058666436e-11 2.757526846e-11
5.044291807e-12 1.845123880e-11
5.327320182e-12 -9.513658958e-12
1.107402798e-11 1.922994316e-12
-1.638318821e-11 -3.047501054e-12
-2.754164735e-12 -6.370704745e-12
-9.161345293e-12 -7.105506288e-12
-1.472314111e-11 1.096165433e-11
2.709059322e-12 -2.260350240e-11
6.341088678e-13 1.251522865e-12
1.772580173e-11 1.499029720e-11
1.058621506e-11 2.751434844e-11
1.230927946e-11 3.250436378e-11
3.630473526e-12 1.497678023e-11
2.743915165e-11 -3.048894037e-12
3.664196984e-12 1.103375464e-11
-3.880976270e-12 1.207864104e-11
3.020614661e-11 -5.474729285e-13
1.387741137e-11 2.121542352e-11
-3.495832963e-12 1.235451238e-11
2.475572698e-11 6.762496379e-12
1.302456840e-11 3.143589555e-11
-2.478022995e-12 -5.621311142e-12
1.477378810e-11 1.143569441e-11
4.422819055e-11 6.930044212e-12
3.027027240e-11 4.233475723e-11
1.813071568e-11 -2.124125181e-11
-7.237520587e-13 -1.588242905e-11
2.193677531e-11 2.062765540e-12
-3.375077995e-12 9.422095265e-13
2.677638840e-11 3.005379149e-12
9.263237746e-12 3.692514176e-12
8.668855564e-12 5.568113678e-12
1.404677069e-11 1.528955261e-11
9.506848433e-12 1.531884862e-11
2.432050568e-11 6.786474594e-12
5.513308993e-12 2.223779841e-11
2.077558091e-11 7.928954260e-13
-1.054665470e-11 -3.588781008e-11
2.830492351e-12 -1.607917098e-11
-2.830186259e-11 -2.380114161e-11
-3.694542502e-12 -1.189467448e-11
2.933165169e-11 1.268047646e-11
-1.343392238e-11 2.714925854e-11
2.061593778e-11 -1.523800530e-11
-2.088366779e-13 1.633750253e-11
-7.089692548e-12 -4.294893260e-11
4.738852106e-12 -9.763202399e-12
1.544187000e-11 2.504588550e-11
-5.572286382e-11 2.794954155e-12
2.295913633e-11 5.584850638e-11
3.144586674e-11 2.055231159e-11
1.250836327e-11 4.010463489e-11
4.505775267e-11 -3.448002517e-12
1.537038552e-11 5.474594389e-11
-1.466443980e-11 -3.292184234e-12
3.032234533e-11 6.482171137e-12
1.671113985e-12 2.440672664e-11
-1.561994804e-11 -5.455915125e-13
2.653344558e-11 2.903635145e-11
-4.430910933e-12 -2.039646013e-12
-1.777465002e-12 -4.542762000e-12
7.790241542e-12 -1.541281859e-11
-9.050596210e-12 -3.118443438e-12
-6.456852414e-12 -1.675982270e-12
7.477705521e-13 -2.714377551e-12
3.720302885e-11 3.830400927e-11
-1.384165699e-11 1.020358537e-11
3.966930950e-11 -1.708245871e-11
1.013647239e-11 -7.264838037e-12
-2.236860697e-11 2.870546509e-11
1.792467563e-11 -2.899008290e-11
1.264185631e-11 1.340274766e-11
-5.746595096e-03 -6.714710034e-03
-3.255819203e-03 1.268437190e-04
6.141010206e-03 7.487291005e-04
-5.749575794e-03 5.003961269e-03
-2.273965860e-03 3.239418680e-29
5.174767927e-29 4.804892479e-29
9.308168681e-29 7.470124336e-29
8.593671542e-29 1.070714132e-28
1.101889160e-28 1.128024270e-28
2.149627107e-04 -2.125241561e-03
-1.043264056e-03 -1.066730940e-03
-8.401382947e-04 -2.999329990e-05
1.045170007e-03 1.183710294e-03
-1.951809740e-03 -2.097086050e-03
-2.213556290e-04 9.310781024e-03
-1.809556386e-03 6.055044010e-03
1.201568916e-02 6.191877183e-03
-1.795019722e-03 -2.997470088e-03
-1.408519456e-03 3.521412145e-03
9.442893788e-04 1.926811819e-04
2.386173233e-03 1.640897477e-03
1.808269648e-03 -1.510106027e-03
-4.644525761e-04 9.675070760e-04
4.689862486e-03 -2.547770273e-03
-1.973061298e-04 7.496933104e-04
-1.204486121e-03 -4.153827205e-03
-1.704294264e-04 -1.919729752e-03
6.534123328e-03 6.610219367e-03
-5.431944504e-03 7.924780250e-03
8.646595292e-03 2.298681997e-03
2.524082665e-04 8.780975826e-03
7.229735143e-03 1.280453405e-03
-4.166738596e-03 2.716561779e-03
-2.972369315e-03 5.483121611e-03
4.647403490e-03 -5.960892886e-04
4.801277071e-03 5.359188654e-03
1.765990048e-03 2.255219966e-03
-3.486789865e-05 2.572255908e-03
1.767224050e-03 1.743349829e-03
-2.652247436e-03 2.731206827e-03
9.634469752e-04 -3.002928803e-03
2.481525065e-03 -2.651903080e-03
5.008170381e-03 2.553705126e-03
-3.539496334e-03 -2.147318010e-04
-1.171083190e-03 -1.789363218e-03
-2.580101427e-04 2.083465224e-03
2.052642405e-03 2.184254350e-03
5.380395800e-03 7.318092510e-03
3.412606893e-03 5.026742816e-03
2.422571415e-03 -5.956897978e-03
-1.396583044e-03 1.301996090e-04
-4.612490535e-03 -9.613762959e-04
-1.066270415e-04 -1.334040891e-03
-7.772617973e-04 -3.208272625e-03
-2.855254337e-03 4.832053091e-03
7.820248720e-04 -5.243727472e-03
3.517003264e-03 2.562743612e-03
-1.853218535e-03 -3.656038549e-03
1.649644109e-03 5.664736382e-04
2.034202451e-03 1.480829436e-03
2.063934691e-03 6.242697593e-03
4.142833874e-03 -9.404613957e-05
3.501572879e-03 -1.210925169e-03
2.084149048e-03 1.880090451e-03
-1.284729224e-03 -1.550046843e-03
3.838111414e-03 -1.615180052e-03
-2.823233604e-03 1.105904346e-03
6.428940687e-04 1.941768453e-03
5.957345944e-03 3.809723712e-04
-3.520328901e-04 2.723437035e-03
1.933351858e-03 5.440042514e-05
-1.075648470e-03 -9.538540035e-04
7.066284772e-03 5.713169929e-03
-1.718110288e-03 1.613682602e-03
6.534106098e-03 7.871481357e-04
-4.745414946e-03 2.274886472e-03
1.986788819e-03 -8.121334249e-04
-1.140560489e-03 -2.810588805e-03
-1.280393102e-03 5.906945094e-03
1.693747006e-03 -5.887986161e-03
-2.641611500e-03 4.538157082e-04
6.536819041e-03 1.999423141e-03
4.282788141e-04 2.460789168e-03
2.723786980e-03 3.665756085e-04
-4.757925868e-03 1.095665246e-02
2.147664549e-03 9.343172424e-03
5.500244908e-03 -7.240294944e-04
6.913107936e-04 9.062165394e-03
4.087811336e-03 -2.874796744e-03
9.620906785e-04 9.626663290e-03
-5.707615055e-03 -3.035882837e-04
1.666686614e-03 -4.978982033e-04
1.062944764e-03 5.534283351e-03
1.282002078e-03 -3.001066856e-03
-9.563612402e-04 4.102133214e-03
3.768282710e-03 1.727107330e-03
2.060689731e-03 4.986823071e-03
1.679331413e-03 -2.508979058e-03
-3.879135940e-03 3.185884270e-04
-1.145118731e-03 -1.110830417e-04
-4.782485776e-03 -3.101851093e-03
7.919409312e-03 2.875852166e-03
-3.753107740e-03 7.591935806e-03
2.899906132e-03 -3.842483042e-03
4.183601588e-03 -4.394372460e-03
1.693923143e-03 4.994622432e-03
-5.203604815e-04 -5.165673792e-03
1.173566678e-03 6.895090919e-04
9.236930055e-04 2.442189958e-03
4.230410326e-03 -5.964408629e-04
1.667434536e-02 3.980980837e-04
1.827906002e-03 8.696953766e-03
-1.879532472e-03 1.050287719e-28
-1.248954013e-28 -2.100091488e-29
7.718864207e-29 -7.260867985e-30
1.309245732e-28 -1.989021453e-29
-2.046177336e-29 2.546067726e-30
-3.379425965e-03 -3.272244474e-03
2.284144750e-03 3.195559606e-03
2.261168556e-03 4.784882069e-03
7.850673050e-03 4.916450707e-04
1.611325191e-03 -1.283991965e-03
-3.960994945e-04 -5.978915375e-03
4.181719385e-03 -2.264677547e-03
-8.663048968e-03 2.115484094e-03
-6.859477609e-03 1.136233681e-03
-3.975399770e-03 1.805620152e-03
-7.379574527e-05 1.182065462e-03
-5.822230130e-03 -2.783978358e-03
-3.467545612e-03 -5.445374176e-03
-3.399738634e-04 7.396779954e-03
5.064778496e-03 -5.223655025e-04
5.545142107e-03 -1.644516888e-04
2.700344194e-04 -1.893900335e-04
4.624015186e-03 7.171407924e-04
-1.357002300e-03 7.365425583e-03
-6.565296557e-03 3.900730750e-03
6.098323967e-03 -7.961892523e-03
-7.619032986e-04 6.920489250e-04
-7.488862146e-03 -2.299160929e-03
3.459510917e-04 6.904581562e-03
-2.177630551e-03 1.277422346e-02
4.448245745e-03 -3.549961140e-03
-2.402522136e-03 -4.843696486e-03
6.411750801e-03 5.074482411e-03
1.258870470e-03 1.861312543e-03
5.669066217e-03 3.243699437e-03
2.425648505e-03 7.488666102e-03
1.489448361e-03 8.513448760e-03
1.345509663e-02 -4.054754041e-03
9.803756140e-03 3.116132459e-03
1.446286915e-03 -9.403372533e-04
1.033842005e-02 2.026708331e-03
-2.467029495e-03 1.306758611e-03
2.209563740e-03 5.539955455e-04
-2.966990927e-03 -2.808258636e-03
-5.187922507e-04 -7.962170639e-04
-1.342552132e-03 -4.456499883e-04
7.920279168e-03 1.058612019e-03
3.222575178e-04 8.370340802e-03
-6.881568581e-03 -6.699003279e-04
1.679088804e-03 -7.020126097e-03
-2.737375442e-03 9.161672555e-03
1.075242274e-02 4.197534290e-04
-1.549438108e-03 -1.958726672e-03
-1.920608222e-03 -1.974762650e-03
1.458270010e-03 3.034436610e-03
-6.477357820e-04 8.189522661e-03
-5.212883465e-03 -6.780494004e-03
-5.427876953e-03 -8.012418635e-03
-9.628444910e-03 -1.248614211e-02
3.041393356e-03 3.684045980e-03
-2.739351708e-03 -4.175498616e-03
4.912337754e-03 -7.508717827e-04
5.724184681e-03 5.356074777e-03
7.082160446e-04 1.345604379e-02
6.289558485e-03 -6.675737910e-03
1.828312757e-03 3.308319720e-04
3.149409080e-03 1.106811129e-02
1.053146552e-02 5.448947195e-03
1.367016882e-02 2.085659886e-03
-8.573756553e-03 -5.438774358e-03
-4.477129783e-03 -5.395836197e-03
-2.337584039e-03 2.997296629e-03
-8.034971543e-03 1.266803406e-02
1.007129252e-02 3.168821335e-03
-5.220961757e-04 -4.027950577e-03
9.960902389e-04 -4.237054847e-03
-2.410366898e-03 2.192495624e-03
-5.746272393e-03 -3.080380615e-03
4.549324512e-03 -2.567257732e-03
1.617155410e-02 5.026838742e-03
-6.041207234e-04 -3.711004276e-03
-5.089403596e-03 -1.803235791e-04
-4.718049604e-04 -4.305778537e-03
-4.522688687e-03 -4.384299740e-03
-3.484839108e-03 1.915686764e-03
1.112963888e-03 2.381934784e-03
1.046795631e-03 1.645067334e-02
3.912452143e-03 4.286203533e-03
1.897611283e-02 -1.439981046e-03
-2.018623520e-03 2.986490028e-03
-1.425425289e-03 -6.645796821e-04
-1.548997127e-03 -4.915391561e-03
-6.396925543e-03 -7.059901953e-03
-9.146203287e-03 -9.451533668e-03
-5.629615393e-03 -4.568142351e-03
-8.520819247e-03 4.484853242e-03
4.314301535e-03 -6.817133399e-04
1.720290259e-02 -4.479848780e-03
4.258845467e-03 3.873305861e-03
-3.990923055e-03 6.002876908e-03
1.181428228e-02 -2.089712536e-03
3.742819827e-04 -2.227204153e-03
-6.122460123e-03 -4.768926650e-03
5.483665969e-03 -5.761795212e-03
2.296967432e-03 1.200910308e-03
-1.549595152e-03 4.229929298e-03
-4.051701631e-03 1.975178253e-03
7.784048095e-03 2.637589350e-04
2.609372372e-03 -5.595501166e-29
-4.383839355e-29 -1.587771855e-29
1.599130478e-29 -9.289242206e-29
-2.850779559e-29 7.329109852e-30
-4.598540521e-29 2.872899467e-29
2.121442929e-03 1.356869936e-03
3.697873617e-04 2.030329779e-03
-1.580632525e-04 4.600163666e-04
1.110214042e-03 2.032911871e-03
2.396389144e-03 1.137351897e-02
-9.476396954e-04 -2.595054219e-03
3.283717670e-03 -1.059904927e-03
5.907829618e-04 6.651688367e-03
-3.904747777e-03 -4.469863605e-03
2.719304757e-03 -1.051797415e-03
-2.824332332e-03 -1.119495835e-03
-7.587604341e-05 -1.742250053e-03
2.010594588e-03 2.056236845e-03
-7.110415027e-04 -3.615950001e-03
-3.482301836e-04 2.556141932e-03
1.656181877e-03 -3.659155627e-04
-2.271053847e-03 2.174002118e-03
-4.633238073e-03 3.865012550e-04
3.215313423e-03 -6.062038708e-03
-8.578423876e-04 2.592431614e-03
3.515162971e-04 1.241474878e-03
-1.785912551e-03 -1.566430787e-03
-3.867756575e-03 1.835886016e-02
3.834503586e-04 -5.989019293e-03
6.135622039e-03 -3.374854103e-03
2.308683936e-03 3.725056071e-03
-3.999450710e-04 -3.950842191e-03
-9.325040737e-04 3.466025228e-03
1.061423100e-03 5.332299974e-03
3.527683672e-03 2.255196683e-03
4.712251248e-04 -1.589084393e-03
-3.708210308e-03 -2.507153200e-03
4.800738301e-03 9.983628057e-03
2.153059235e-03 1.440382749e-02
1.999100903e-03 1.325661200e-03
-1.042630523e-03 -4.376031575e-04
4.656708334e-03 -1.876696246e-03
2.113998344e-04 1.729767187e-03
-2.462792443e-03 9.984826902e-04
6.269742735e-03 4.102750681e-03
1.967366319e-03 1.173577271e-02
-8.011967875e-04 -4.208225757e-03
5.232476164e-03 -3.822655650e-03
-4.143128535e-05 5.296851974e-03
3.446031827e-03 1.744755660e-03
-1.267344109e-03 -5.441871472e-03
-1.957612345e-03 -3.240694990e-03
7.204398280e-04 1.775893033e-03
-1.202612184e-03 1.203378313e-03
3.487493610e-03 1.055876911e-02
-6.683823303e-04 -9.912876412e-03
3.479651874e-03 -3.425056115e-03
1.349715516e-03 -7.379665505e-03
-7.783770096e-03 -5.462598987e-03
-6.576301530e-03 3.366728546e-03
2.202487085e-03 3.277058946e-03
-2.350233961e-03 -2.893677214e-03
2.843910363e-03 -1.781995874e-03
1.091726497e-02 -4.014349543e-03
-4.826986231e-03 7.443664130e-03
-4.323943052e-03 -9.134609718e-04
-1.016930910e-03 1.566191670e-03
-3.473339137e-03 6.565754768e-03
-4.720707424e-03 8.842973970e-03
9.501264431e-03 -2.211848274e-03
-2.247784752e-03 -2.239480149e-03
4.717243835e-03 -2.379487269e-03
1.435626019e-02 2.315485850e-03
2.443383215e-03 2.282198286e-03
-9.458634071e-03 -9.908091743e-04
-1.337411115e-03 -3.735512728e-03
-5.665105768e-03 -2.453468274e-03
6.045531016e-03 -6.204841658e-03
1.291533699e-04 7.671532221e-03
-8.693959564e-03 1.408572774e-03
-5.601844750e-04 -3.636384616e-03
-2.479324117e-03 1.059669303e-03
-2.001241082e-03 1.580326236e-03
4.216963891e-03 -1.761087100e-03
-3.501517465e-03 1.933337655e-03
6.934241392e-04 6.879426073e-03
1.127650123e-02 5.328969099e-03
1.650263875e-04 6.843687966e-03
3.166929120e-03 -7.801468601e-04
1.155033242e-02 5.470024422e-03
-3.431543475e-03 3.708461300e-03
6.683212705e-03 1.885413658e-03
3.138042288e-03 3.041746095e-03
-4.406992812e-03 2.555449493e-03
-1.563050319e-03 4.173492547e-03
2.309792908e-03 -2.176585142e-03
-2.016071376e-04 5.538932513e-03
-3.948900849e-03 8.747220039e-03
-7.890832610e-03 9.778318781e-05
2.760504838e-03 -7.515017409e-03
-1.540857251e-03 2.271817066e-03
-3.611250548e-03 2.753933659e-03
8.429551963e-04 2.624534536e-03
-7.004597574e-04 -3.810432041e-03
-1.174880819e-24 -1.461157199e-23
-6.193529588e-24 -1.635776451e-23
9.195075124e-25 -8.029216409e-24
1.027742581e-23 -1.706183707e-23
5.892653306e-24 -3.085625952e-29
3.496938083e-30 -5.983099382e-29
-5.960105584e-29 9.640296503e-29
3.482412058e-29 7.768693432e-29
-9.963738382e-29 -1.863581423e-29
3.571213550e-24 -1.119242715e-23
-7.000728748e-24 1.631655915e-23
7.793216047e-24 4.470310272e-24
-2.625952490e-24 -1.957109790e-23
1.011438325e-23 2.518156817e-24
2.010751858e-23 7.649370417e-24
-4.734400393e-24 1.744719089e-23
-1.205383881e-23 1.028400018e-23
8.476192886e-24 -1.859354778e-23
1.036212817e-23 1.790624482e-23
5.108996516e-25 1.033843553e-23
9.685670482e-24 -5.050816446e-24
7.987557453e-24 -8.664905770e-24
-1.396238679e-23 3.110835903e-24
2.321847991e-24 6.646900967e-24
-6.678434892e-24 -1.602678056e-23
2.933382432e-24 1.863863276e-23
8.330709580e-24 2.587038179e-24
5.152693888e-24 -1.268181469e-23
-1.683643900e-23 2.371657142e-23
1.101322714e-23 2.415111072e-24
-4.077057491e-25 -5.887943806e-24
2.822373530e-24 -1.614546942e-23
-3.771517955e-24 6.409431746e-24
4.003991320e-24 1.926572353e-23
1.998067527e-24 1.204892578e-23
-2.173448898e-23 1.407372347e-23
-7.294587916e-25 2.654345566e-24
2.289993473e-23 6.151265971e-24
6.467349125e-24 9.484877771e-24
6.423432449e-24 9.908402203e-24
1.274216412e-23 5.997014870e-24
-7.948066287e-24 3.461564251e-24
-3.846070833e-24 -1.981490798e-23
4.999628446e-24 7.559457628e-24
9.271267649e-24 -4.820288413e-24
4.672666111e-24 2.356867105e-23
-2.482269907e-25 -6.713497196e-25
2.038439141e-23 -1.038521103e-23
2.659584589e-23 6.398049666e-24
-1.482502670e-23 -1.340990490e-23
-9.373447224e-24 3.630022736e-24
2.210807142e-24 9.667267935e-24
-1.212979546e-24 -1.919388986e-23
-1.042112235e-23 1.404525821e-23
1.319929955e-23 1.951934547e-23
-2.246823967e-24 9.356176692e-24
7.355015647e-24 2.149145533e-25
6.927512201e-24 -1.439862687e-23
-6.000042913e-24 -2.240690573e-24
1.686216217e-24 -1.045988145e-24
1.906328920e-23 1.312086153e-23
-2.232528427e-24 1.320834542e-23
-2.680410516e-24 3.892315437e-24
1.142467964e-23 -4.880192538e-24
-1.956703014e-24 -8.319577964e-24
1.567326044e-23 -7.789588865e-24
1.539393426e-23 5.071355623e-24
-1.197617309e-23 1.068584040e-23
1.670676446e-23 1.191228955e-23
-5.326983239e-24 -1.842400106e-23
3.443740727e-24 5.976418895e-24
9.421627693e-24 -8.417120615e-24
1.421254090e-23 -2.028704597e-23
-6.056869692e-24 -2.303807216e-23
-1.842733005e-23 7.260930179e-25
-1.962859876e-24 1.969324936e-25
-2.314679297e-23 8.944874083e-24
-6.374561727e-24 -4.301521649e-24
-5.183795913e-24 -2.728304155e-23
1.316673222e-23 1.073840299e-23
-1.824135294e-23 -3.744127916e-24
-2.899384499e-24 -2.925037230e-23
-5.394981865e-24 -1.713336782e-23
7.705890723e-24 -1.408730923e-23
9.509728468e-24 -1.368622552e-23
1.974992655e-25 1.943701206e-23
8.860211953e-24 1.706081904e-24
2.002327179e-24 -2.976709433e-25
9.206618131e-24 7.470900103e-24
2.383416613e-24 -5.213192025e-24
-2.592530780e-23 -7.038395279e-24
1.354696475e-23 -2.684412802e-25
-9.844663820e-24 -1.376622549e-23
-1.478336538e-23 -1.890599034e-24
1.662847791e-23 1.912681617e-23
9.799734050e-25 8.314862154e-25
-8.533994894e-25 -4.572950542e-24
-1.047946739e-25 3.991008642e-24
-3.893239588e-24 -2.902351010e-24
9.291940538e-24 -4.838746180e-24
-1.845544505e-23 1.477396532e-23
1.098159146e-23 7.895300565e-25
-3.393556946e-24 -2.115423918e-23
1.513466408e-23 1.435531052e-23
-2.635694528e-24 -1.910070803e-23
7.778445416e-24 -1.415804796e-23
1.095437575e-23 -1.094982718e-23
-1.573863492e-23 2.362728933e-24
5.728111137e-04 1.383779338e-03
-3.217886435e-03 4.990551155e-03
8.438037708e-03 -9.907499887e-03
2.304731170e-03 -9.264945984e-04
-2.864481881e-03 -1.079569799e-28
-2.964195768e-29 6.897693646e-31
3.344365010e-29 -2.163565475e-29
5.272961465e-29 8.808831620e-29
-5.359380951e-29 -2.357806193e-29
-1.831962145e-03 5.177156418e-04
-4.226659948e-04 1.318143914e-03
-4.973995383e-04 -2.060669009e-03
5.572091788e-03 -1.698180684e-03
-2.874960192e-03 -7.880552439e-04
8.136706427e-03 -1.421306282e-03
-2.289452590e-03 1.648519305e-03
-7.482345216e-03 1.056274772e-02
-1.119678002e-02 -3.545799060e-03
3.264002502e-03 1.438742271e-03
1.566505875e-03 -8.776555187e-04
-1.037352369e-03 2.033341909e-03
1.040398492e-03 -4.945775494e-03
-1.137734042e-03 4.759658594e-03
9.233891615e-04 -1.476934412e-04
7.245088345e-04 -2.596952487e-03
4.761199933e-03 -1.508895075e-03
6.487109931e-04 -2.578933258e-03
9.792233817e-03 -8.605190669e-04
3.096166765e-03 8.007268421e-03
3.608887782e-03 4.746332299e-03
-7.482130080e-03 -1.052540145e-03
3.205884481e-03 4.678135272e-03
3.273405833e-03 -1.979124034e-03
3.358371789e-03 7.990953512e-03
-5.159511929e-04 -3.847180924e-04
-1.222999766e-02 -4.836890846e-03
-3.626781283e-03 -2.046701964e-03
-2.456892515e-03 -3.625258571e-03
2.603158588e-03 -9.182279464e-04
-3.803998698e-03 1.579578035e-03
-5.320931319e-03 -1.017241273e-03
-9.666403057e-04 4.415515345e-03
1.984095201e-03 -2.869350137e-03
9.341089986e-03 -2.215750283e-03
6.165871862e-03 1.055347966e-03
6.524020806e-03 9.872138035e-04
1.120200031e-03 5.192255601e-03
3.379940288e-03 -3.284156788e-03
2.618592465e-03 2.434081165e-03
2.591650467e-03 1.100054383e-02
4.075457342e-03 -6.669031922e-03
3.229464870e-03 1.897524111e-03
-6.494073896e-04 7.681963965e-03
-4.232374486e-03 2.466715232e-04
2.741202246e-03 1.702367212e-03
5.890722852e-03 -4.556198604e-03
3.422494512e-03 2.442673547e-03
-3.859974910e-03 -1.214568270e-03
2.408154542e-03 7.179864217e-03
-2.347949659e-03 1.338342670e-03
4.180969670e-03 2.135504503e-03
4.356405989e-04 -4.006636795e-03
-8.003083989e-03 -2.111925045e-03
5.493582692e-03 -2.210890409e-03
-6.559164263e-03 -5.936773028e-03
2.488865284e-03 4.703427257e-04
-1.497608493e-03 4.604861140e-03
9.955242276e-03 6.439758930e-03
3.100370988e-03 -4.965505213e-04
-1.812804607e-03 -1.867495710e-03
-2.491731138e-04 -3.396800254e-03
-3.120742040e-03 5.423856433e-03
1.368006691e-02 1.764659537e-03
-2.951933304e-03 -8.128730580e-03
1.370349783e-03 7.306475658e-03
-6.147812121e-03 -1.053320477e-03
1.586095802e-02 6.981347222e-03
3.208275186e-03 -7.836490986e-04
-4.010508768e-03 -3.626781516e-03
2.767778467e-03 -5.788991693e-03
-7.468586322e-03 -5.750551936e-04
6.493427791e-03 -3.227028996e-03
-1.362040290e-03 1.110145450e-02
1.063794643e-02 2.410441084e-04
-7.015735842e-03 -5.112048239e-03
-6.885149051e-03 1.055182423e-02
3.320201766e-03 -5.910522770e-03
-1.482315361e-03 5.258715246e-03
3.900960321e-03 -3.901996417e-03
-3.900721204e-04 1.005542837e-02
1.006108988e-02 3.151728772e-03
-7.214307785e-03 4.620769061e-03
5.561679136e-03 -3.923984710e-03
6.225830875e-03 2.371308627e-03
2.734898590e-03 2.161372453e-03
1.801360166e-03 -2.501980925e-04
-1.182000712e-02 1.013243687e-03
-6.560676848e-04 -8.332938887e-03
1.939971931e-03 9.888085537e-03
6.272557657e-03 -2.113399329e-03
-2.934092656e-03 7.976633497e-03
9.950635955e-03 -4.652044270e-03
-5.612977780e-03 -4.714675248e-03
-2.440533135e-03 3.216662211e-03
-2.527121454e-03 2.712227870e-03
2.999731107e-03 -2.834991319e-03
3.682172392e-03 -7.262827829e-03
1.639280119e-03 5.693547428e-03
