-3.639450669e-02 3.726886213e-02
6.550905108e-02 3.321911395e-02
6.410519034e-02 7.026280463e-02
1.135636680e-02 9.292554110e-03
5.891824886e-02 1.256265864e-02
1.578632556e-02 -2.452755347e-03
3.787730355e-03 -1.973168692e-03
-2.581392601e-02 6.723126024e-02
2.519227564e-02 1.005763412e-01
1.795569807e-01 5.298964679e-02
-7.517701015e-03 2.689907700e-02
-3.088572994e-02 -2.384247817e-02
1.069506556e-01 7.446443196e-03
1.537714601e-01 -4.569956288e-02
1.632614620e-02 -2.193584293e-02
3.879303113e-02 3.154533356e-02
-2.932251198e-03 7.417118549e-02
2.680472285e-02 -4.769271240e-02
-1.120587066e-02 -3.031848744e-02
3.049388342e-02 -8.848416805e-02
3.345260769e-02 2.301107347e-02
-3.977981582e-02 5.436022952e-02
9.216036648e-02 -4.178258777e-02
2.249585278e-02 -7.968693972e-02
