-1.337891221e-01 -1.248564348e-01
-1.087433398e-01 -7.764227688e-02
-8.320303261e-02 -8.542774618e-02
-4.408258945e-02 -5.508663505e-02
-1.222716719e-01 -9.528611600e-02
-1.088830084e-01 -1.017057002e-01
-9.969040751e-02 -1.164942533e-01
-1.524314135e-01 -6.560724229e-02
-1.054506823e-01 -7.028384507e-02
-1.190592498e-01 -1.331106424e-01
-6.830197573e-02 -8.932746202e-02
-3.907324374e-02 -2.901438624e-02
-7.420758158e-02 -1.090496033e-01
-1.066568643e-01 -3.363858908e-02
-1.554249823e-01 -5.968815461e-02
-7.928966731e-02 -8.321470022e-02
-1.307486743e-01 -6.599874794e-02
-1.310703605e-01 -1.220090315e-01
-1.077246293e-01 -8.775002509e-02
-1.094984114e-01 -1.076132506e-01
-6.511000544e-02 -7.815763354e-02
-9.884108603e-02 -1.180693507e-01
-5.134699494e-02 -9.982235730e-02
-1.327439100e-01 -8.321132511e-02
-1.098041832e-01 -9.940177947e-02
-1.210009754e-01 -1.124637276e-01
-6.948167086e-02 -1.245308816e-01
-1.015931666e-01 -8.715504408e-02
-1.084408239e-01 -1.283197701e-01
-7.018487155e-02 -9.246903658e-02
-9.550713748e-02 -8.882314712e-02
-8.226576447e-02 -1.275019348e-02
-8.943651617e-02 -6.672298908e-02
-1.480488330e-01 -1.155046001e-01
-9.967514873e-02 -6.090810150e-02
-1.171891540e-01 -1.411980987e-01
-1.235373020e-01 -9.118264914e-02
-1.221851408e-01 -1.152781621e-01
-1.180280969e-01 -9.066209197e-02
-1.020522937e-01 -1.139301211e-01
-1.062698886e-01 8.696713485e-03
-1.153170466e-01 -9.552780539e-02
-8.771986514e-02 -1.179036424e-01
-7.466387749e-02 -1.252416819e-01
-1.607187539e-01 -1.115371957e-01
-1.149985641e-01 -9.350331873e-02
-9.128110111e-02 -7.299762964e-02
-4.051271826e-02 -1.351889372e-01
