-2.057741024e-02 -2.070608316e-03
2.724500140e-03 -1.024794206e-02
9.287531488e-03 6.254239706e-04
4.014372360e-03 5.039305892e-03
-2.629458322e-04 7.024024380e-04
-3.364966949e-03 -9.183703805e-04
-4.756573588e-03 -2.521992102e-02
-5.034972448e-03 6.272147875e-04
-8.427676745e-03 3.287382424e-03
-1.428952208e-03 -8.949727751e-03
4.970096983e-03 6.357633974e-03
-9.015730582e-03 3.798983060e-03
-3.025862970e-04 -6.477576098e-04
4.003869947e-07 -9.537801353e-27
-2.517807505e-27 1.077491244e-26
-8.865344424e-28 7.544744275e-27
-2.552459029e-27 -2.181854449e-27
-1.301283552e-27 -1.692726550e-28
-1.079694647e-02 -1.261754520e-02
-3.098129062e-03 -7.143161725e-03
-1.027173921e-02 7.528776303e-03
6.830316503e-03 1.472160802e-03
-9.351355839e-04 4.560344428e-19
-6.507807073e-18 5.589347080e-18
-1.119724307e-18 -4.346503247e-18
2.024707522e-17 -5.040262522e-18
2.070981080e-18 -2.513178394e-19
-1.259248983e-02 -3.618140472e-03
-5.597578827e-03 -3.004083643e-03
-1.947370172e-02 6.576882210e-03
1.229422633e-03 -7.842553779e-03
-2.293571457e-02 -1.842245809e-03
7.582988124e-03 3.436589395e-05
2.034197096e-03 2.286631789e-04
-7.886744104e-03 -6.332103629e-03
-8.890939876e-03 -1.011322252e-02
-1.256231219e-03 -1.431955840e-03
-6.164645310e-04 -1.330953790e-03
9.324555285e-04 -2.105329419e-03
-1.804595086e-04 -1.816151198e-03
-1.078633009e-03 -4.581835871e-27
-2.015848649e-24 2.152940842e-24
3.850960587e-24 1.431368095e-24
9.168522929e-26 -1.831567981e-24
1.032337104e-24 9.576679684e-25
-2.979382500e-02 -2.306427108e-03
2.709272783e-03 -1.141416654e-02
2.399547724e-03 2.135335235e-03
-4.590394907e-03 4.836826585e-03
-2.428381005e-03 -1.035552515e-07
-1.891592802e-07 -1.825229035e-08
-1.188009264e-07 -2.957595591e-08
8.620476422e-08 -5.295001770e-08
-8.265235607e-08 8.189663703e-08
-2.118293196e-02 -1.162910834e-02
-1.433839323e-03 -1.758448966e-02
-2.937669493e-02 -3.468971699e-03
-1.112241205e-02 -1.401841268e-02
-1.297832187e-02 -3.676712526e-15
-3.064884746e-15 -1.192876923e-15
1.335253474e-16 3.202227539e-15
-8.962687225e-17 -5.185232889e-16
1.296437606e-15 -5.422956497e-15
-8.453767747e-03 -1.324297953e-02
3.907954786e-03 3.920217045e-03
-1.198747568e-02 -9.003072977e-03
1.239255886e-03 -2.077327110e-02
-3.014982445e-03 -3.468560986e-03
-1.929376088e-02 -2.548650838e-03
-3.526811488e-04 -1.805588230e-02
1.165660680e-03 -2.822015435e-03
1.104824914e-04 1.016549213e-04
2.924518149e-25 1.123860919e-25
3.364604962e-24 2.539671420e-24
-1.660378064e-24 2.195753161e-25
1.698903788e-25 -1.341855851e-24
1.772378564e-24 -6.508325227e-03
-9.648904204e-03 4.153828602e-03
7.681405637e-03 -1.027591806e-02
-2.395081567e-03 -1.723706955e-04
-5.636462010e-03 -7.578578778e-03
-5.187774862e-11 -3.803494325e-11
2.438364961e-11 -5.346547510e-11
-4.007895751e-11 1.842943506e-11
-4.607380796e-11 1.681685498e-12
1.454212965e-11 -9.231397882e-03
-3.588994266e-03 1.236120705e-03
-6.917896215e-03 -5.053271074e-03
1.811919501e-03 1.605255384e-04
5.137944245e-04 -3.140348475e-03
1.700939261e-03 -1.027876604e-02
-1.891046017e-02 -4.340865184e-03
-2.851916850e-02 -1.252861600e-02
-2.351031872e-03 -7.518776692e-03
8.388406597e-03 -1.137712388e-03
-1.962686423e-03 -9.436889668e-04
-7.858481258e-03 3.469170770e-03
-7.601520512e-03 6.393454969e-04
3.044612939e-03 -7.510158699e-03
4.920287182e-24 -1.720467453e-23
1.003362598e-23 2.130996703e-24
1.769563947e-23 -6.981071912e-24
-1.055940572e-23 -4.858312297e-24
-8.340593219e-24 9.522170294e-04
-4.019156098e-03 2.638662234e-03
4.428748507e-03 -1.481878478e-02
1.273645088e-03 -6.705436390e-04
-2.283818554e-03 -6.475743838e-03
6.383810251e-05 -4.510868806e-03
-4.248363432e-03 1.403451432e-02
4.049618728e-03 1.532187103e-03
-1.270195190e-02 1.154748909e-02
4.102512321e-04 3.050921987e-05
-1.624282915e-03 -8.076931350e-03
6.389032351e-04 -1.978201326e-03
-6.867037882e-05 3.932055552e-03
4.823945463e-03 6.525651086e-03
6.465840852e-04 7.815115387e-04
-6.313125137e-03 2.265054500e-03
7.493991870e-03 -1.445937902e-03
-3.554738127e-03 4.694386385e-03
8.445481770e-03 -4.854481203e-28
2.208496030e-27 -5.181329811e-28
-7.511784970e-28 3.942912079e-27
-2.962974271e-27 7.450717102e-28
2.874646887e-27 -2.827041173e-27
3.837294411e-03 -2.100538928e-03
-2.634459175e-03 8.135071024e-03
7.379848044e-03 -7.696707733e-03
-6.947522517e-03 1.611485262e-03
7.879525423e-03 -6.035767771e-18
-5.579325787e-18 1.833911944e-18
-1.525781624e-17 -2.193591995e-18
6.008985317e-18 -1.264710767e-17
-8.747100797e-18 5.753640039e-18
-1.971645514e-03 -7.346647326e-03
-3.427443327e-03 1.347789168e-02
3.473501187e-03 -4.858558066e-03
-1.816560864e-03 1.715897024e-02
1.066295896e-02 1.902776887e-03
4.747511819e-03 -3.419520101e-03
-2.149503678e-03 6.394641008e-03
-9.951395914e-04 -2.176409354e-03
5.939270370e-03 -2.574860118e-03
1.356133434e-04 1.343601500e-03
5.095594097e-04 -2.795914479e-04
1.653101179e-03 2.262516879e-03
1.031080028e-03 6.453658920e-03
-8.616606356e-04 1.178459708e-25
1.170775784e-24 7.993388516e-25
-5.367131033e-25 8.809985771e-25
7.732621669e-25 -6.939405265e-25
-1.219162835e-24 1.021532570e-24
-3.656021319e-03 5.735565792e-04
-1.834782888e-04 1.751965284e-02
5.579805002e-03 1.324332901e-03
-1.241370011e-02 9.931223467e-03
7.929327898e-03 -3.259982506e-08
-1.177153663e-08 -1.864570365e-08
1.023233143e-08 4.992209313e-08
-1.430094798e-08 -3.660372627e-08
1.355054025e-07 1.528390499e-07
-1.443071757e-03 -1.514059864e-02
-4.113025963e-03 8.934601792e-04
6.366764661e-03 -5.187684204e-03
1.804147905e-04 5.745873321e-03
9.712027386e-03 -3.269207093e-15
-1.700595195e-16 1.070608882e-15
-1.992111378e-15 9.970195064e-16
-9.986512095e-16 -1.772258576e-15
5.111766545e-16 8.685438783e-16
-1.638817019e-03 7.672277745e-03
-6.493758876e-03 -4.026824317e-04
5.111384206e-03 5.952871870e-03
3.467510222e-03 2.318265382e-03
8.694502525e-03 4.863392562e-03
-6.109559909e-04 -3.728569951e-03
3.775880905e-03 8.573382162e-03
-3.866982181e-03 -1.084249187e-02
-2.709178720e-03 2.986274892e-03
2.814803128e-25 -4.359545037e-27
-1.753667991e-25 -2.148437777e-25
-4.966862023e-25 -7.493241334e-25
-4.445346572e-25 8.262130747e-25
-6.270803247e-25 -5.265774671e-03
1.481848303e-03 -7.318643387e-03
-5.749549717e-03 7.373854052e-03
3.559991485e-03 -6.051293109e-03
-2.788042475e-04 1.313810237e-02
-2.719136895e-11 -1.890635814e-13
2.383843817e-11 -1.798332316e-11
4.245277740e-12 2.483662364e-12
-3.575185504e-12 1.763389088e-11
2.332254181e-11 1.455341931e-03
-3.412972437e-03 -3.110542428e-03
6.183542777e-03 4.671897739e-03
5.217982107e-04 -2.929425566e-03
4.892083351e-03 5.992501508e-03
1.737750950e-03 -2.808947349e-03
-7.446858566e-03 4.521968774e-03
-4.605380353e-03 1.181021449e-03
1.097925007e-02 -2.720857039e-03
1.458262559e-03 -4.401189275e-03
1.041290117e-03 3.749390598e-03
-6.238202564e-03 -4.075990000e-04
3.887547064e-04 -2.547976095e-03
5.125522148e-03 -1.201529871e-03
-3.604955497e-24 -9.204919122e-25
-4.634896634e-24 8.910494736e-24
-4.394386157e-25 -7.233004898e-24
-2.252286138e-25 6.431119504e-25
-2.646672710e-24 4.114467185e-03
-2.197997645e-03 -3.815029981e-03
3.397829365e-03 4.641505890e-03
-4.721791018e-03 3.107585479e-03
1.194914430e-02 4.333187360e-03
-4.350485106e-04 -1.206333749e-03
2.836945350e-04 5.499643739e-04
-1.566653373e-03 -1.168956369e-04
-2.093521325e-04 -5.896118237e-04
-1.073788735e-03 -6.998614990e-04
-6.352331256e-04 3.567880776e-04
4.804128839e-04 -2.117578842e-04
-2.471781336e-04 6.084212218e-04
-1.096034975e-04 -3.883237951e-04
-2.101901482e-04 -2.613574361e-05
1.532458118e-03 2.204986522e-04
-2.664305975e-05 -2.469571773e-04
5.163195310e-04 5.241939216e-04
-4.225816519e-04 2.087056518e-27
-9.660702646e-27 -1.999458483e-27
-5.840293193e-27 -2.566181280e-27
6.406670671e-27 2.310209591e-27
7.754948744e-27 1.260175868e-26
-6.915184204e-04 -2.788229322e-04
1.018082257e-03 1.178566134e-03
-1.343182055e-03 -1.411923091e-03
1.092718448e-04 -3.103188646e-04
-6.333785714e-04 -2.489404706e-19
-1.014640626e-18 3.980587301e-20
-5.370129949e-19 -6.652873563e-19
-1.140556954e-18 -6.471577803e-19
-5.926009279e-19 -5.017787197e-19
-1.747396658e-03 -1.921810617e-04
1.160419895e-03 1.616865746e-03
-1.876405906e-03 6.052879035e-04
1.195296791e-04 1.822257880e-03
-1.141696121e-03 -3.558900498e-04
-4.191760963e-04 3.544020001e-04
-4.870669509e-04 -3.300890676e-04
-2.950920680e-05 -7.818890153e-04
4.708732595e-04 -1.397981774e-03
-3.788293543e-05 7.237772807e-04
6.588775432e-04 3.742180415e-04
9.181512287e-04 7.000850746e-04
-3.119475514e-05 5.546364700e-04
4.127469147e-04 3.430070754e-25
1.372550552e-25 2.131605211e-25
-1.465851769e-24 1.530021758e-24
-3.124679229e-24 -1.545044924e-24
1.723014606e-24 2.768945362e-24
-4.025315866e-04 -7.167067961e-04
1.299415482e-03 3.645727702e-04
-1.128959237e-03 3.110636608e-04
-9.045312618e-05 7.142747636e-04
-5.324321100e-04 -1.367348457e-08
-1.048679898e-08 3.480574762e-08
-2.053114301e-08 -2.458065573e-08
2.125891463e-08 -2.675862865e-09
1.414124906e-08 2.548350420e-09
-1.353922300e-03 -1.062289113e-03
3.538761521e-04 1.906135149e-04
-1.481760642e-03 -8.320046472e-04
9.092985420e-04 -3.653643362e-04
-8.218078292e-04 -3.223380704e-16
-2.812344600e-17 2.759117181e-17
1.126761359e-17 -7.145467373e-17
-3.897583196e-16 1.549628248e-16
1.849074909e-16 1.530018774e-16
-9.209762538e-06 -6.140146870e-04
-8.457139484e-04 4.862374917e-04
-3.591735440e-04 8.843464457e-05
4.527629353e-04 9.323683917e-04
4.868323158e-04 8.101324056e-05
-3.221973311e-04 7.673461223e-04
1.041708980e-03 -3.482371976e-04
-1.449161093e-03 5.670592654e-04
-4.401403421e-04 -6.714331103e-04
-6.401948907e-26 -1.087285408e-24
2.553807019e-24 -8.528103089e-25
-4.456072122e-25 -2.317855764e-25
8.417777934e-25 2.768780884e-24
4.180703262e-24 -6.107785157e-04
-8.303664799e-05 8.460695390e-04
2.278193861e-04 -1.577073708e-04
-4.450800188e-04 1.243521459e-03
1.151548931e-03 -3.990830446e-04
8.238720578e-13 6.119144254e-12
4.732844325e-12 -1.420230578e-13
-1.984746568e-12 -4.000491778e-12
-2.010836376e-12 -3.192265246e-12
-9.001090671e-12 -7.804710185e-05
9.612850408e-05 9.232990560e-04
6.173242582e-04 -7.046121755e-04
-2.287219395e-04 6.612451398e-04
1.948223653e-04 -1.351702813e-04
-1.144079870e-04 5.552536823e-05
9.927978972e-04 7.115157205e-04
5.050303298e-04 -8.590953075e-05
1.326223020e-03 -1.983273978e-04
-2.469965257e-04 6.516648864e-05
3.339881659e-04 7.636570954e-04
2.263622591e-04 4.300658184e-04
8.577961125e-04 -6.983091007e-04
5.756214960e-04 3.752712510e-04
1.025327010e-23 -1.320630700e-23
2.362529746e-24 -7.529349174e-24
5.320724811e-24 1.758354865e-23
2.139867050e-25 8.038498935e-24
4.868386840e-24 -8.889627643e-04
1.621506271e-05 1.073272782e-03
6.011296646e-04 -5.150961224e-04
6.723133265e-04 2.153219975e-04
1.117831212e-03 -3.548828245e-04
-1.550637837e-02 -2.497640671e-03
4.842199851e-03 -2.737581171e-02
-1.285408274e-03 -6.096092518e-03
1.567641739e-03 1.332522719e-03
5.811980926e-03 -2.859704429e-03
5.572595634e-03 -3.093971871e-03
-1.402333379e-02 -1.678439789e-03
-1.798468293e-04 -1.433054637e-02
-1.039262395e-02 2.162329387e-03
5.812189542e-03 -4.697296303e-03
-3.425775212e-04 -2.490123501e-03
-1.484311838e-02 -2.427644562e-03
1.494955039e-03 -6.632876117e-03
-3.795313882e-03 4.758623144e-27
-3.940285495e-27 -7.653043938e-27
-2.255055387e-27 -9.593318017e-28
2.188716152e-27 4.708838240e-27
7.306824905e-27 3.391698603e-27
4.208602477e-03 -7.989839651e-03
7.693651132e-03 -2.241243795e-02
-1.501421630e-02 7.579463068e-03
-2.209904138e-03 -2.758515533e-03
-1.465445384e-03 7.863204235e-19
1.122338921e-17 -4.260147907e-17
5.040659568e-18 6.003158244e-18
-3.758892338e-17 7.151024372e-18
3.969651340e-18 -2.069361543e-17
7.430724334e-03 5.031952634e-03
1.524823438e-02 -1.958318986e-02
4.789838567e-03 -3.262573620e-03
-9.476625128e-04 -2.009459399e-02
-6.739200093e-03 2.967558801e-03
-2.288188320e-03 1.104818098e-02
1.481667859e-03 6.308053154e-03
-5.051241722e-03 8.311853744e-03
-9.442090057e-03 -3.386706114e-03
-1.939061214e-03 1.138590509e-03
2.248921191e-05 8.689935203e-05
2.408441651e-04 -4.288376775e-03
4.755805712e-03 -3.242012579e-03
-6.021695677e-03 -4.513282780e-25
-1.598029260e-24 1.604087908e-24
1.969484927e-24 -4.401188308e-24
3.050813646e-24 3.157500970e-24
-2.169926792e-24 2.726693183e-24
3.463585395e-03 1.078448538e-02
-5.380960181e-03 -2.094733901e-02
5.090359598e-03 -9.168474935e-03
1.766252099e-04 2.029238734e-03
-2.570010722e-03 -2.024480494e-08
3.021639117e-08 -4.222551198e-08
5.167787975e-08 -7.926789181e-08
-6.502284577e-08 -4.516528662e-08
-2.050049943e-07 -1.243435150e-07
-2.410405548e-03 -1.923715812e-03
-1.861493802e-03 -1.033193432e-02
-1.332841069e-02 -8.645690978e-03
-3.279858734e-03 -1.406482328e-02
-7.098814007e-03 1.615821861e-15
-9.662054007e-16 -3.927978921e-15
1.158612852e-15 1.197468265e-15
-3.769699379e-15 1.224980319e-15
-2.858736991e-16 -4.005427802e-15
-1.621595025e-02 -3.241571540e-04
7.985221222e-03 -6.283167284e-03
-7.403255906e-03 -3.380841576e-03
6.027758354e-04 -7.749649696e-03
-2.418791177e-03 -7.181505673e-03
-1.851160661e-03 5.403724499e-04
-2.255033143e-02 -1.888782904e-02
-2.393415198e-03 -7.358216681e-03
-3.156197956e-03 -6.673454773e-03
-1.050877998e-24 7.698432930e-25
-1.718925349e-24 1.640268126e-25
2.353960744e-24 1.625793712e-24
1.454995367e-24 1.987601512e-24
4.135914107e-24 3.753850469e-03
-1.070651412e-02 -2.804948017e-03
-1.256351918e-02 -2.059980854e-02
-1.193909533e-02 -3.817436984e-03
-9.515400045e-03 -8.690508083e-03
9.180225156e-12 -3.021843843e-12
1.406029460e-11 -3.547523733e-11
8.011919036e-13 -2.405654148e-11
-1.967720258e-11 -1.245521828e-11
-2.518471889e-11 -5.111232400e-03
-4.402612336e-03 4.639707506e-03
-1.953897253e-02 -6.406617817e-03
5.521804094e-03 -5.293209571e-03
-3.467202652e-03 -1.008193707e-03
2.711954061e-03 6.387820002e-03
7.811373798e-04 -5.034984089e-03
-1.206250745e-03 1.358389505e-03
-8.053639904e-03 -4.641419277e-03
5.870936904e-03 -2.170386026e-03
3.958900459e-03 4.453895148e-03
4.147619475e-03 2.598981839e-03
-3.271363908e-03 2.199030947e-03
-7.982118055e-03 -8.329417557e-03
-1.546453100e-23 -7.348412388e-25
-1.414301977e-24 -1.275669968e-23
1.221975677e-23 3.876876246e-24
-9.642872017e-25 5.956520274e-24
-1.023309380e-24 7.792811957e-04
2.925410634e-03 1.898473362e-03
-5.274596158e-03 2.992026741e-03
-3.481999971e-03 5.401317962e-03
-2.176705375e-02 -4.409911577e-03
-5.546364002e-03 3.851816524e-03
-5.107714795e-03 -6.134265102e-03
-5.121241324e-03 -2.932498464e-03
7.311051013e-04 -7.411724888e-03
-7.124371361e-03 -3.829501569e-03
-4.566345364e-03 -3.835279495e-05
-2.384944819e-03 -6.850196951e-05
3.527180757e-03 -3.534531454e-03
-7.497078273e-03 -7.792325225e-03
-1.029194682e-03 -1.854015864e-03
5.335419555e-04 -7.489799173e-04
-2.001716522e-03 5.563401617e-03
8.753007860e-04 -1.085763448e-03
-5.336732138e-03 -3.082115764e-27
-5.420990896e-27 -3.297250613e-27
-8.737880987e-27 -3.566872716e-27
4.606904835e-28 -1.880491094e-27
4.679289467e-27 4.600753511e-27
2.091485774e-03 -9.214541642e-04
1.511591137e-03 -2.984348917e-03
-1.287998166e-03 -1.804119092e-03
5.379982758e-03 -6.013787817e-03
-6.053978112e-03 -5.057512546e-18
1.005784871e-17 -2.550245391e-18
-1.166782922e-17 6.533968315e-18
-3.939469174e-18 -1.060315016e-17
-1.695973063e-18 -1.542819559e-17
-2.220524941e-03 2.608735813e-03
1.296249800e-03 -7.553480566e-03
-4.127425200e-04 3.828100860e-03
-3.812322859e-03 -6.477460265e-03
-5.148309283e-03 -2.964209998e-03
-3.411153797e-03 -2.337623620e-03
4.014903097e-04 2.092994982e-03
-3.643364878e-03 1.115513849e-03
-3.267176682e-03 -2.074955031e-03
-2.727954998e-04 -1.007040730e-03
-3.452909368e-05 1.072993036e-03
2.150190630e-05 -1.461034291e-03
1.113077044e-03 -3.244203748e-03
-3.367323894e-03 2.658224001e-24
3.683343669e-25 1.243770957e-24
2.644945894e-24 -2.113288551e-24
-6.595490014e-25 1.808592998e-24
1.076801348e-24 -5.427365493e-26
5.135558604e-05 4.847798962e-03
-8.371392265e-03 -3.691548947e-03
-3.414980602e-03 -4.305443261e-03
1.399648725e-03 -3.525390290e-03
-5.971201696e-03 -2.801854748e-08
1.909794101e-08 1.330905519e-08
1.017324558e-09 2.129571186e-08
1.564135133e-08 3.285379968e-09
-2.195822901e-08 -6.853181844e-08
-6.852968130e-03 1.475244877e-03
-3.698860761e-03 -6.696584169e-03
-4.077221267e-03 -9.895570111e-04
-3.137964522e-03 -1.325221546e-02
-1.154627558e-02 1.128739033e-16
-9.634083921e-16 4.815446891e-16
-6.080649946e-16 -1.547932171e-15
-1.804926837e-15 1.364738558e-16
-8.260673466e-16 -1.253307430e-15
-6.431087386e-03 2.752200468e-03
2.708496992e-03 -2.107280074e-03
-2.955875127e-03 7.961840602e-04
3.835750686e-04 -4.723933060e-03
-4.761277698e-03 -2.279833425e-03
-5.562033621e-04 1.625909936e-03
-3.291910747e-03 -2.450974891e-03
-2.970674541e-03 5.966451485e-03
-5.066013429e-03 -8.875929751e-03
1.137213302e-24 8.827123774e-25
5.297178792e-26 -9.927420062e-25
-7.129326980e-25 1.499875932e-24
1.380884251e-24 9.796548038e-25
2.236686315e-24 -1.803186751e-04
-3.727634903e-03 -3.450887743e-04
-1.967563061e-03 -3.277266631e-03
2.054902434e-04 3.572482616e-03
-2.630717354e-03 -9.127861820e-03
-1.183888057e-11 -4.985094369e-12
8.880564686e-12 -9.034206543e-12
-1.897524325e-11 -5.551393113e-12
6.116007223e-13 -1.075451620e-11
-1.204847940e-11 -1.638344722e-03
8.009445737e-04 1.407406235e-04
-4.331931472e-03 -9.732031613e-04
-1.481395448e-03 -9.529053350e-04
-5.435567815e-03 -3.521058708e-03
1.208226196e-03 5.448611919e-04
5.347310798e-04 2.114756266e-03
2.684441628e-03 2.582373563e-03
-4.081755411e-03 -3.918312024e-03
-4.344609566e-03 -8.146621403e-04
-3.098574001e-03 4.189014900e-03
-6.883390597e-04 1.881223579e-04
-1.396167092e-03 -1.756954589e-03
-3.330058244e-04 -2.904991619e-03
-1.581199740e-23 -1.366332489e-23
-4.175593021e-24 -3.966293777e-25
-8.253404367e-24 5.895310978e-24
-7.654931689e-25 8.651822512e-24
1.111921928e-24 -2.716819057e-03
-2.035563812e-03 -4.428368993e-04
-2.675258787e-03 1.687648473e-03
6.274962798e-03 -4.102881067e-03
-6.931277923e-03 -4.173537716e-03
-7.155705243e-04 -3.988441895e-04
-4.253650550e-03 -4.933917429e-03
-4.214203451e-03 2.106115920e-03
3.832989838e-03 -9.583974257e-03
-8.982465602e-03 -3.427434014e-03
-9.126979276e-04 1.883239485e-03
8.556937100e-04 1.972389407e-03
2.533994615e-03 2.970893867e-03
-2.711412963e-03 -5.033759400e-03
-2.010766650e-03 -7.359589799e-04
2.037763363e-03 7.373770495e-05
-2.641593106e-03 1.264465973e-03
2.771267900e-04 -1.729064155e-03
-6.011589430e-03 4.532213131e-27
7.998289222e-27 -3.118765055e-27
9.086091432e-27 2.693956910e-27
-8.385368015e-27 -1.130392707e-27
-5.651191139e-27 -3.738331133e-28
-3.675596323e-03 -2.275664592e-03
2.864919836e-03 -1.732931822e-03
-2.605464542e-03 -1.403120550e-04
-9.683531825e-04 -1.115985680e-02
-1.079784613e-02 5.252360730e-18
1.015403410e-17 2.567487061e-17
-9.444222147e-18 -9.363844180e-18
1.628675116e-17 -1.243274691e-18
6.401427511e-18 8.206499389e-18
-4.367040470e-03 -1.890136511e-03
-2.034153556e-03 -5.730612669e-03
-4.886895418e-03 -8.876603097e-03
-1.541068894e-03 -1.054444723e-02
-8.613999002e-03 1.664717915e-03
6.238930509e-04 -2.993112139e-04
2.106712054e-04 -3.961765673e-03
-6.429027300e-03 -6.285709678e-04
1.563118305e-03 -2.717501484e-03
8.139372221e-04 -1.565097598e-03
6.456793053e-04 1.266379026e-03
3.627584956e-04 -7.613048074e-04
2.409660257e-03 1.130309538e-03
-1.638188958e-03 -1.093744207e-24
6.740640790e-26 -1.634039774e-24
-2.469658240e-24 -1.217899770e-24
1.360186711e-24 2.419166704e-25
-2.254529757e-24 -2.084700429e-24
1.616422087e-03 -1.345345634e-03
-2.720620250e-03 -4.705269355e-03
-8.932627738e-03 -1.632595784e-03
7.985700504e-04 -5.480334628e-03
-7.186559495e-03 -3.630383105e-08
-7.560566218e-08 -1.035080288e-07
-1.237675065e-07 -9.644766408e-08
-5.704894335e-08 -1.081647394e-08
-8.239625515e-08 1.967061358e-08
-3.859981196e-03 -4.570505116e-03
4.081142601e-03 -4.674943630e-03
-4.689955618e-03 -3.201704472e-03
5.707505625e-04 -6.175757386e-03
-9.479532950e-03 -1.222699259e-15
-5.307229456e-16 -3.457211296e-16
-1.352932375e-15 -1.060077827e-15
4.054477521e-16 -5.202957477e-15
-1.035479249e-15 -8.620097603e-16
4.814391490e-03 5.278010853e-03
2.261662856e-03 9.984632488e-04
-8.544504642e-03 -6.795796566e-03
7.931315340e-03 2.490116050e-03
-5.790152936e-04 -3.869639710e-03
-3.532539587e-03 1.574971946e-03
2.955034375e-03 -1.907235244e-03
-2.790247381e-04 -1.015747664e-03
-5.866542459e-03 -6.879162509e-03
2.020518065e-25 -9.908126496e-25
-2.276067238e-24 -8.674330291e-25
7.459388355e-25 8.910663157e-25
-6.003108229e-25 -5.049665301e-25
-2.146827367e-24 -4.115620628e-03
1.711616787e-04 -5.237663281e-04
-5.671737716e-03 -7.309695240e-03
-2.531723585e-03 1.418057829e-03
-5.277855671e-04 -7.968021557e-03
-1.469313213e-11 -8.607613320e-13
8.066393040e-12 -1.367228206e-11
-1.587267470e-11 -1.061173458e-11
-1.268254772e-11 -1.386074588e-11
-1.628407131e-11 -6.473073270e-03
-7.540174993e-04 3.069219878e-03
-4.036543891e-03 -1.223753905e-03
1.823590137e-03 -1.894935383e-03
-6.865269504e-03 -4.474827088e-03
-4.419540055e-03 -5.701693590e-04
3.065716010e-03 4.354521225e-04
1.801488921e-03 -6.253774627e-04
3.861467587e-03 -3.858538112e-03
-5.940421950e-03 -1.618743176e-03
1.618329319e-03 -9.235268808e-04
6.973530981e-04 6.905116607e-04
-6.029173732e-03 -4.509693244e-04
-4.782273609e-04 2.880870306e-04
-2.109066962e-24 1.803859202e-23
-4.865509470e-24 -2.137161750e-25
-2.057766075e-23 -6.848630844e-24
-1.826858678e-24 -1.437942068e-24
2.527586465e-24 -4.690078553e-03
-1.081664115e-03 5.317834439e-04
-1.709144912e-03 -1.796280994e-04
-1.383486437e-03 1.860955032e-03
-5.751919933e-03 -6.185486447e-03
-1.061126031e-02 -1.733294688e-02
1.896680100e-03 1.225938788e-03
-1.815039106e-02 -6.380807143e-03
-1.000674348e-02 -1.273645204e-03
-6.725344341e-03 2.777011134e-03
-1.178003475e-02 -4.754685331e-03
-5.507072899e-03 -1.037632115e-02
-4.837550689e-03 5.485845264e-03
-8.968384936e-03 -1.050887909e-02
-1.397362328e-03 -3.184869420e-03
-7.634757552e-03 2.224571770e-03
-3.594133304e-03 -1.022882480e-02
6.930986419e-03 -7.496349281e-04
-9.328531101e-03 2.282576155e-27
-5.367215851e-27 -3.978407931e-28
-4.619715446e-27 -3.397145121e-29
3.855033436e-27 -7.846768224e-28
5.329494587e-27 5.198202787e-27
9.984796634e-04 -1.408744603e-02
-5.021440331e-03 3.527716035e-03
-9.957019240e-03 -1.614538580e-02
1.971438061e-03 -9.184676223e-03
-1.098302845e-02 -6.931099381e-18
-6.744152427e-18 -1.094254071e-17
-6.961519775e-18 9.241721716e-18
-1.690165572e-17 -1.493782307e-17
-5.402247511e-18 -9.758536718e-18
-1.301958971e-02 -1.089722663e-02
-4.184622318e-03 1.100566890e-02
-1.213123836e-02 -1.643881761e-02
1.783926622e-03 -3.766091075e-03
-1.337805763e-02 -2.393099712e-03
-1.207151450e-03 -9.154707193e-03
6.439484423e-04 -1.132012811e-03
-3.272964153e-03 -1.904030360e-04
1.355158282e-03 -4.862452857e-03
-2.872975983e-06 4.826400618e-05
2.136046242e-04 2.435146132e-03
-1.530355657e-04 -5.998907727e-04
1.338826260e-04 -4.395145806e-04
-3.260323720e-04 1.417139411e-24
1.468162146e-24 9.238388271e-26
-1.071821368e-24 2.641099211e-24
6.930620313e-25 -9.818062247e-25
1.405744907e-24 4.369706447e-24
-6.917865016e-03 -9.894445539e-03
-2.751138527e-04 1.332569285e-03
-1.188645046e-02 -1.040180679e-02
-4.569229670e-03 -2.545187250e-03
-5.750840995e-03 -1.002159422e-07
-2.246986419e-08 2.544592093e-08
-3.115214753e-08 4.870040016e-08
-5.181176022e-08 7.211851738e-08
9.414976887e-08 -1.047776834e-07
-7.912997156e-03 -1.610474661e-02
-2.906500013e-04 -5.244069267e-03
-8.270121180e-03 -1.231374592e-02
6.475623231e-04 -1.258425321e-02
-1.594769396e-02 5.133927044e-16
-1.076117508e-16 -1.317253441e-15
2.146082645e-16 -1.242575311e-15
-2.419923579e-15 -1.021361857e-15
1.270628566e-16 -7.183386788e-16
7.465291419e-04 -6.541451905e-03
4.111782182e-03 7.666944526e-03
-4.075300414e-03 -6.695902906e-03
-9.413553053e-04 -8.478917181e-03
1.009892090e-03 5.584414583e-03
-1.959945634e-02 -1.038463879e-02
5.124037270e-04 -1.446656231e-02
-1.361466665e-02 2.264109673e-03
-8.710823022e-03 -9.520438500e-03
1.103754950e-25 1.069508822e-24
1.204942336e-24 1.352824469e-25
6.696223114e-25 -3.662262594e-25
7.487375167e-25 3.124775470e-24
2.744255593e-24 -4.889145494e-03
-8.905730210e-03 -4.823687952e-03
3.671087557e-03 -3.500231542e-03
-1.188082807e-02 5.107999779e-03
-4.357701167e-03 -1.144322660e-02
-3.626536571e-11 -1.484243826e-12
3.830224332e-12 -2.612481238e-11
-2.127719528e-11 -1.595172432e-11
-7.849335765e-12 -2.262112025e-11
-2.873993057e-11 -2.359413775e-03
-6.982016843e-03 3.631382424e-04
6.745238788e-04 -7.122553419e-03
-6.190073676e-03 6.062050816e-04
-4.621349741e-03 -4.519431852e-03
4.126615357e-03 -5.582213867e-03
-2.504658885e-03 -5.398436915e-03
-4.416199401e-03 5.276821088e-03
5.442845635e-03 -8.092734031e-03
-7.926123217e-03 2.518337686e-03
4.299781285e-03 3.731917590e-03
-5.986478063e-04 -2.993692178e-04
-1.076185217e-04 -2.948550973e-03
-3.650769126e-03 -2.155552647e-04
8.448185169e-24 -3.788580228e-24
-2.116180318e-24 1.520865745e-24
8.153250587e-24 4.485065916e-24
1.993244234e-24 7.372746085e-24
6.312734754e-24 -2.084923908e-03
-8.392652380e-04 -7.156328764e-03
-7.194970967e-04 -6.445535924e-03
-8.669363335e-03 2.918193350e-03
7.682645810e-04 -1.794038154e-02
-5.010701250e-03 -5.476782098e-03
1.543683466e-03 -1.675969921e-03
5.674590357e-04 -2.959022997e-03
-2.262667258e-04 1.172546996e-03
6.699854508e-03 1.585669233e-03
3.519586986e-03 -5.865646526e-04
-5.511532072e-04 -9.428981692e-03
-6.983852945e-03 -3.777200822e-03
-4.914558027e-03 -1.278904732e-03
-2.621404128e-03 -8.612051024e-04
-3.585088532e-03 5.785505055e-04
-7.845111191e-03 -4.221437499e-03
-1.315932837e-03 -4.571995698e-03
-2.832076512e-03 2.642382047e-27
-1.587426571e-27 7.422805562e-28
1.837973302e-27 -9.565529736e-28
-7.238919215e-28 2.118517354e-27
7.780941865e-28 -4.546241989e-27
-1.245209598e-03 -7.434620522e-03
2.291616518e-03 -5.193696357e-03
-1.029754151e-02 -3.708865494e-03
-2.071829513e-03 5.759134656e-04
6.964638364e-03 -1.692434033e-17
-1.463857725e-17 6.021859143e-18
4.675063108e-18 5.666592928e-18
-3.323251050e-18 4.142367893e-18
-6.665280755e-18 -2.044662003e-19
-2.144359023e-04 -7.485145703e-03
1.610913896e-03 -5.903931335e-03
-4.093600437e-03 -1.028106920e-02
-2.338876482e-03 -1.335591823e-02
-5.559918005e-03 -4.820616916e-03
3.648529295e-03 -1.069461112e-03
5.082169082e-04 2.250884427e-03
-4.410366528e-03 7.289847359e-03
-8.853432722e-03 -5.986249540e-03
9.903672617e-04 1.004222664e-03
2.745275153e-03 -6.826664321e-04
-1.871076412e-03 -2.833402017e-03
-1.540944446e-03 4.295328399e-04
-3.388628364e-03 -5.086865023e-25
-1.133486033e-24 1.454647578e-24
9.202454918e-25 -5.625628425e-26
1.453581432e-24 -1.791421469e-24
1.202989017e-24 1.038080702e-24
-7.491570897e-03 -6.590613164e-03
1.125942435e-04 -6.136590615e-03
2.022447996e-03 3.883184632e-03
-3.155023733e-04 -1.901219483e-03
2.284605522e-03 -8.972080678e-08
-3.304386453e-08 -1.738305144e-08
-9.716381300e-08 -3.156274886e-08
3.594649911e-08 -2.254658504e-08
3.879729249e-08 3.075495769e-08
-3.453668905e-03 -5.885282531e-03
-4.619325337e-04 -7.376716007e-03
-6.347985007e-03 -3.859819146e-03
-8.420333266e-03 -6.091410760e-03
1.732467441e-03 -1.661583240e-15
-7.603306548e-16 -4.281872780e-16
2.054252891e-15 2.163815332e-15
-3.559878042e-16 1.105466405e-15
1.613510282e-16 -1.820273168e-15
-1.491203671e-03 -1.210660487e-02
-1.272356021e-03 1.542081824e-03
-1.265164930e-03 -2.187786158e-03
2.035653917e-03 -1.429098379e-02
-7.117068861e-03 -4.173006397e-03
-7.974655367e-03 -5.805935711e-03
-5.527238362e-03 -8.886618540e-03
-5.365526304e-03 -4.651994910e-03
-2.357180929e-03 9.369777516e-03
-1.008799393e-25 1.304580004e-24
2.076553271e-24 2.514691745e-24
-2.476783626e-25 1.692816814e-24
1.472402865e-24 -9.566995431e-25
1.850486837e-24 -7.731280290e-03
-8.492675610e-03 -4.186822567e-03
-2.408275148e-03 -6.308870390e-03
-1.958874520e-03 2.796928864e-03
-1.021892764e-02 -4.568995442e-03
9.341057441e-12 1.566227356e-11
-1.549745228e-11 -1.373483098e-11
2.172240252e-12 -3.233212309e-11
-2.772596736e-11 -4.852252714e-12
-2.459039743e-11 -1.863485901e-03
-4.973663483e-03 -5.514291697e-04
-5.418322049e-03 -6.227052771e-03
-2.766632941e-03 -1.287577674e-03
-1.057309448e-03 1.741759013e-03
6.517489441e-03 5.013948772e-03
-1.000562683e-03 -7.163923001e-04
-1.072351635e-02 -1.319677918e-03
-5.508649629e-03 1.781895058e-03
4.404502921e-03 2.053389559e-03
-2.503988799e-03 -2.725656668e-04
1.139272819e-03 -2.699428005e-03
-5.504847039e-03 5.308417603e-03
-5.420284579e-04 -1.204634551e-02
1.185602405e-23 -1.313887596e-23
-2.449093376e-25 2.548547782e-25
2.422169799e-24 -3.132257618e-24
-4.113762104e-24 -2.930160921e-24
-1.510826879e-23 1.435840502e-03
4.466596525e-03 -2.994956914e-03
2.763015684e-03 -7.116727997e-03
-8.127760142e-03 2.846441057e-04
-5.989817902e-03 -9.691230021e-03
7.208300522e-04 5.539396778e-03
7.854849100e-03 6.108207162e-03
-6.899998407e-04 3.026198363e-03
7.695048116e-03 2.495647874e-03
-4.219482187e-03 5.062808632e-04
-1.149087097e-03 -2.703433391e-03
-7.878480246e-04 -4.383336753e-03
2.874950005e-04 5.077298847e-04
-1.821625861e-03 -2.819678979e-03
1.933354535e-03 1.878716750e-03
-1.383462804e-03 3.224635031e-03
-3.286085324e-03 -2.517235989e-04
-5.169296637e-03 1.140426029e-03
-1.341335126e-03 1.186333749e-27
-9.989760873e-27 2.152078224e-27
1.173828417e-26 7.739965779e-28
5.267988088e-27 1.015030273e-27
-4.295521733e-27 7.078417317e-27
-4.902810790e-03 -6.858902052e-03
3.794615855e-03 -4.156104405e-04
-3.719521221e-03 4.743398167e-03
-2.730861073e-03 -1.490837312e-03
-4.153733607e-03 6.284956758e-18
4.574878715e-18 -1.965916528e-18
-1.571700860e-18 -2.450424337e-18
3.856871881e-18 -2.273563609e-18
7.043371055e-19 7.891703399e-18
-7.319606841e-03 -4.787575919e-03
-2.790025901e-03 -1.768238028e-03
-1.129560359e-02 -7.659497205e-03
3.483430948e-03 -8.448567241e-03
-1.052436884e-02 2.102439292e-03
1.797022531e-03 3.218227648e-04
6.024660543e-03 -2.702554688e-03
-5.422378425e-03 -2.163500292e-03
-1.599466312e-03 -1.710109995e-03
-5.891498295e-04 -1.068244455e-03
-9.861679282e-04 3.944306227e-04
9.081749013e-04 3.584291335e-05
7.797056605e-05 -4.762035096e-04
-2.185285848e-04 -3.327769102e-24
-1.271374383e-24 -2.226862236e-24
-3.823509411e-24 -2.598219888e-25
-5.161742714e-25 -1.699950286e-24
-1.401957882e-24 1.926777970e-25
-1.705503673e-03 -1.673551451e-04
3.836629447e-03 1.426304923e-03
-3.617358860e-03 -1.641579554e-03
4.810606595e-03 4.183460958e-03
-3.587846644e-03 -4.484151273e-09
-4.803548492e-08 -4.668954290e-08
-5.090676325e-09 -6.363409000e-08
8.449632993e-09 -1.753357459e-08
-2.638766361e-08 3.560434436e-08
-1.238367800e-02 -9.461825714e-03
-6.216270383e-03 -1.000677329e-02
-1.175277028e-02 -5.270728841e-03
-6.024488248e-03 -9.751513600e-03
-9.389504790e-03 6.519796295e-16
7.178772046e-16 2.847776914e-16
1.471905961e-16 1.129139600e-15
8.814117911e-16 -2.587417780e-16
4.671335353e-16 6.258297637e-16
1.441161381e-03 3.593508620e-03
2.398760756e-03 5.485266913e-03
-8.143101819e-03 -1.032962371e-02
1.665949589e-03 6.432034075e-03
3.348067985e-04 -4.052883014e-03
-9.353701025e-03 -1.429974800e-03
-1.134564169e-03 -2.598677296e-03
3.637164831e-03 -8.521975949e-03
1.509727794e-03 8.023008122e-04
-1.717443079e-24 -1.067881303e-24
-7.476799008e-25 -3.237268835e-26
4.514884846e-26 -1.249593638e-24
-1.715514511e-24 -2.493132029e-25
-1.391518787e-24 -2.316104481e-03
-2.720230957e-03 -3.373899730e-03
-9.295654600e-04 -8.685062639e-03
-6.848969962e-03 -3.570992034e-03
1.497427002e-03 -7.520877756e-03
-1.394444130e-12 4.455597349e-12
7.410987622e-12 -9.922081386e-12
-1.404174520e-11 -1.346002042e-11
-1.305359206e-11 -8.079593418e-12
-1.191389435e-11 -2.493140753e-03
-1.614014967e-03 3.564243903e-03
-2.198212169e-04 -3.105972428e-03
2.008541021e-03 9.110585670e-04
-1.418302068e-03 -3.819755511e-03
3.306613071e-04 -2.726965118e-03
-1.803945401e-03 -7.468486670e-03
-2.667449880e-03 3.041978693e-03
-3.093134146e-03 1.564727863e-04
2.797192661e-03 1.681727590e-03
-4.627391230e-03 -4.985340638e-04
2.322464949e-03 -1.872502733e-03
-2.734583337e-03 1.600498916e-03
-1.191273099e-03 6.334692007e-04
6.243257408e-24 1.214174473e-24
-2.330137933e-24 -2.107711107e-24
5.915195401e-24 -1.774453859e-24
8.153449380e-24 -4.999006823e-24
-1.650681090e-24 4.423134029e-03
-8.988277405e-04 -5.504123983e-04
2.580963075e-03 -5.598628893e-03
-1.054540826e-05 3.140870947e-03
-6.952215917e-03 -2.936531557e-03
6.830968428e-03 4.175855138e-04
-6.911641918e-03 2.250808291e-03
-1.025517937e-02 -9.364509955e-03
1.076889783e-02 -8.469909080e-04
-8.608425036e-03 -1.481688349e-03
6.363200955e-04 -8.343780064e-04
-1.878896728e-04 -1.182994805e-03
-6.847937126e-03 4.816859961e-03
-9.369106963e-03 -9.626592509e-03
-5.132331979e-03 2.451512963e-03
2.986672334e-03 -5.645348225e-03
-6.132649287e-05 -2.382053062e-03
6.191995344e-04 -1.892643399e-03
-4.713123199e-03 2.327557212e-27
3.481081782e-27 -1.746757985e-27
2.846019672e-27 1.702302322e-27
-4.394544191e-27 -1.833780745e-27
-1.339556210e-27 1.956715935e-27
-6.745114224e-04 5.317714531e-03
-1.280981698e-03 2.625258407e-03
-8.826063015e-03 -1.004518382e-02
-2.746730170e-04 -6.293531507e-03
-5.407061893e-03 8.476348866e-18
-3.317540196e-18 1.902285618e-17
4.066014573e-18 -1.315485429e-17
1.926673715e-17 -4.762344311e-18
8.856071916e-18 1.317301917e-17
-3.861204023e-03 -1.927749021e-03
1.924457145e-03 -2.639019629e-03
-1.021954790e-02 -1.045162696e-02
7.647324237e-04 -4.195138346e-03
-1.498637348e-02 1.035694033e-03
-4.093425814e-03 4.741915502e-03
-5.766820163e-03 -8.263285272e-03
-7.243581582e-03 -8.846812882e-03
3.894238500e-03 -4.478759598e-03
-8.347034454e-04 -1.267348649e-03
1.191662974e-03 -2.982936276e-04
9.673743625e-04 3.746183647e-04
-7.108121063e-04 8.209125372e-04
-1.053431653e-03 -5.622915237e-25
-7.458029049e-25 -1.878945783e-24
-2.048795228e-24 8.356046609e-25
2.238404898e-25 1.403933904e-25
7.254256416e-26 -2.356875585e-24
-1.644297270e-03 -7.214678451e-03
6.745227147e-04 -8.486820385e-03
-1.597930863e-02 -5.048726685e-03
2.169906860e-03 -1.043220167e-03
-3.767099464e-03 1.833454988e-08
-3.494062994e-08 -1.523780355e-07
-3.920490244e-08 -4.582127389e-08
-9.137607115e-09 6.540395781e-09
2.751551698e-08 5.973002004e-08
-6.424439140e-03 -8.667645045e-03
-8.010148071e-03 -3.116247011e-03
-1.331394911e-02 -1.178752631e-02
2.438316820e-03 -3.164917463e-03
-7.202281151e-03 8.951329837e-16
2.160334450e-15 -5.676173714e-16
-2.112657666e-16 -7.465564697e-16
-7.000186267e-16 -1.955746136e-15
-3.355800012e-16 1.103651849e-15
6.750541274e-03 -1.332564716e-04
-2.556957770e-03 2.856979554e-04
-9.931612760e-03 -1.080701966e-02
5.279457662e-03 2.819026122e-03
-7.174145896e-03 -4.880500201e-04
2.802390140e-03 -5.065263831e-04
1.873426139e-03 -9.438664652e-03
-8.483972400e-03 7.562720566e-04
-5.108148791e-03 -4.487235565e-03
4.652665627e-25 -2.304048972e-25
-5.616809453e-25 -4.238799614e-25
1.201811643e-24 2.082269542e-26
-3.454529140e-25 -4.267767573e-25
-3.693171446e-24 -1.001577079e-02
-1.628410188e-03 -4.093637224e-03
-7.992093451e-03 -5.369606428e-03
-1.111020986e-02 -3.666254925e-03
3.088305471e-03 -6.793517154e-03
-8.659148919e-12 2.645244917e-12
1.843132201e-12 -2.215394881e-11
-2.002880674e-11 -8.931393819e-12
3.958300159e-13 -2.051957042e-11
-1.055913863e-11 -2.815207408e-04
8.382620872e-04 -1.626149984e-03
-1.920354669e-03 -7.359853014e-03
-7.064942736e-03 3.898968920e-03
-3.702193731e-03 -4.346694797e-03
-5.684534553e-03 -5.292855785e-04
3.650048166e-04 2.538332250e-03
-3.508753725e-04 -4.888800438e-03
9.956269059e-04 -1.215653401e-02
-1.146266330e-02 -1.073894557e-03
-3.551189438e-04 -1.424447051e-03
-4.091829527e-03 -6.567646749e-03
-3.035194706e-03 -5.476405378e-03
2.986301202e-03 3.637942951e-03
2.641409628e-24 9.452238651e-24
-5.525504819e-24 4.962511751e-24
-2.573082677e-23 -1.144967943e-23
3.345903042e-24 -8.129587915e-24
-3.721848512e-24 -3.755128244e-03
-6.408288609e-04 7.670601364e-03
-5.017503165e-03 -6.553206913e-05
-1.085998956e-03 -2.624587854e-03
-2.461324679e-03 -8.455193602e-03
-1.674562320e-02 -5.598101299e-03
-1.264232304e-02 -1.356578618e-02
-9.618017823e-03 9.575404227e-03
-5.146292038e-03 -6.843301002e-03
-4.853225313e-03 -7.852089591e-03
-6.854276173e-03 -1.049584826e-03
-1.250412781e-02 -2.438835334e-03
-3.300045151e-03 -7.608897984e-03
-4.582476337e-03 -5.974566098e-03
-5.126686301e-03 -6.060753949e-03
-5.366424099e-03 -2.660762519e-03
-5.567123182e-03 -3.842428559e-03
2.797615016e-03 4.635115154e-03
-7.544273976e-03 4.362997844e-27
-1.958041745e-27 -4.864381927e-28
-7.352088111e-27 -1.439164151e-27
-4.735672029e-28 2.945793820e-27
9.692989706e-27 1.213332783e-27
-4.863984417e-03 -1.145087648e-03
-3.813090269e-03 -1.571932249e-02
-7.723778021e-03 2.764554694e-03
3.479875857e-03 8.502615674e-05
-6.870268378e-03 -1.418920146e-17
-7.152811082e-18 -3.099765047e-17
-1.212788557e-17 -4.704037591e-18
-1.348382981e-17 -5.394877745e-18
-7.051246538e-18 -1.384051670e-17
-3.209149872e-04 5.783254281e-03
-1.300719380e-02 -1.686814241e-02
-1.114632585e-03 3.133273916e-03
-5.814580247e-03 -4.616823862e-04
-8.909538388e-03 -6.255581393e-04
-8.919624612e-03 -1.223842148e-02
1.436719613e-04 -2.126302570e-03
-8.646678180e-03 3.329085186e-03
-2.212532563e-03 -1.927380566e-03
-5.392186577e-04 -1.076734261e-04
2.207472920e-03 -1.547679072e-03
7.550104638e-04 -2.347765723e-03
2.455802867e-03 -2.897081897e-03
-3.065249417e-03 9.106368701e-25
1.422098191e-24 3.536390468e-24
3.291018834e-24 -3.211328500e-24
3.251389617e-24 5.388522672e-24
-7.773049804e-25 4.087512363e-24
-3.852061694e-03 -2.820691734e-04
-1.367763709e-02 2.329459414e-03
5.292055430e-04 5.311500747e-03
7.924044621e-04 2.734255977e-04
-6.496847142e-03 -6.847448475e-08
-3.694815121e-08 -3.802341908e-08
1.855236498e-08 -9.961122771e-08
3.011411209e-08 8.408294860e-08
-1.266384828e-07 -1.377276106e-07
-1.533808745e-02 1.237258781e-03
-8.256280795e-03 -1.524304040e-02
-4.797430243e-03 2.665054286e-03
-5.786434747e-03 -1.094190683e-02
-6.743692327e-03 -1.187144522e-15
-1.715384337e-15 -8.391924927e-16
-8.382621328e-16 -6.964062429e-16
-2.093246053e-15 2.401691618e-15
-1.339700529e-16 -2.093984454e-15
-1.461184584e-02 -1.403132267e-02
-9.027837776e-03 -8.036725223e-03
-4.410303198e-03 4.603687674e-03
4.277681001e-04 -8.529938757e-03
-3.228079760e-03 -1.140004862e-02
-5.385697819e-03 -6.419766694e-03
-1.608883217e-02 -1.318039279e-02
-4.735098686e-03 8.064707741e-03
1.029103645e-03 -7.752681151e-03
5.521692057e-25 1.880694688e-24
-1.398449521e-24 -2.075702829e-25
-3.366336956e-25 8.707026603e-25
1.408918494e-24 4.952233584e-25
4.072137858e-24 -1.027651969e-02
-1.474087220e-02 -3.976637032e-03
-4.265908152e-03 -8.367184550e-03
-9.076127753e-05 6.999902427e-03
2.884118119e-03 -7.727589924e-03
-9.121416296e-12 -1.052076742e-11
-1.287710997e-11 -1.056004568e-12
-7.030113037e-12 3.882639002e-12
-5.855316232e-12 -5.553718943e-12
-2.372604717e-11 -5.915523041e-03
-2.852480393e-03 -4.906609189e-03
-6.902146619e-03 -5.853502546e-03
2.603914123e-03 -7.530631265e-04
-5.121739581e-03 2.465271100e-04
-7.158764056e-04 2.214097418e-03
-8.678502491e-05 3.251035232e-03
3.959677648e-03 -9.058171883e-03
-5.919439252e-03 -2.739574993e-03
-4.947452340e-03 3.120807232e-03
-2.310920274e-03 -5.263194907e-03
-3.648644546e-03 -5.043433979e-03
-2.031576354e-03 -1.503571752e-03
-8.597322158e-04 -3.391566454e-03
3.685365273e-24 1.370847475e-24
-4.562232585e-25 -1.343610080e-24
2.004348674e-23 -2.878201414e-24
-3.360915460e-24 6.351868171e-24
-6.381319899e-24 -4.845777061e-03
4.089997383e-04 -6.635979749e-03
-4.646178335e-03 -1.279843040e-03
-2.953957766e-03 -5.527382717e-03
-2.960663289e-03 -6.880096626e-03
-7.933791727e-03 3.206758760e-03
3.235202981e-03 -3.540529637e-03
-1.290308865e-04 -4.446218722e-03
-2.257298445e-03 6.709785201e-03
1.074078772e-02 -1.943055540e-03
4.432210233e-03 1.282243640e-03
7.413623389e-04 -1.524665114e-02
-4.286367912e-03 -3.358555259e-03
-3.452079836e-03 3.969841171e-03
-6.122901570e-03 -2.105580876e-03
1.572382520e-03 1.377569512e-03
-9.831828997e-03 -5.327569786e-03
1.374127343e-03 -1.172572724e-03
-2.000792651e-03 8.471240609e-27
5.901942211e-27 -2.242969598e-27
8.072618562e-27 -4.361179381e-27
-7.869915206e-27 6.365804364e-27
1.040953868e-27 -7.867289778e-27
1.192531432e-03 -4.598024301e-03
6.996083539e-04 -7.998756133e-03
-2.094722912e-02 -2.768250881e-03
1.537529984e-03 -3.602248384e-03
7.956608199e-03 -2.142490927e-17
-1.631462219e-17 -1.339916787e-17
-7.009932175e-18 -3.500007140e-18
-1.882718702e-18 -3.884471693e-19
-6.508105272e-18 -2.099825902e-19
-2.140684956e-04 -6.712328177e-03
2.807466371e-04 -5.588976666e-03
-1.254793536e-02 -4.775429145e-03
-1.496527460e-03 -3.531343536e-03
-2.036683448e-02 -7.867332897e-04
1.241292432e-02 3.206906142e-03
-4.864993680e-04 3.514507087e-03
-3.985289019e-03 -4.819162656e-03
-6.774426438e-03 -3.793525277e-03
1.206960063e-03 -2.373868600e-03
-1.108591212e-03 -2.062104642e-03
-2.883357811e-04 -2.245760290e-03
6.550740218e-04 -1.752589131e-03
-5.228387658e-03 -7.871517395e-25
-2.380505125e-24 1.704556247e-24
1.591700426e-24 7.068778947e-25
-9.954611111e-25 -3.148580925e-24
6.852536889e-25 1.777921304e-26
-1.801336743e-02 -4.299799912e-03
-2.778597991e-04 -1.017148141e-02
-1.151008299e-03 -7.228064351e-05
-7.676006295e-03 3.128935117e-03
6.160955876e-03 -5.430843686e-08
-6.639815098e-08 -1.709268815e-08
-8.426006559e-08 7.093239773e-09
4.722695124e-08 -3.085720790e-09
1.554723106e-08 9.705570392e-08
-1.409020368e-02 -7.368071470e-03
-3.006588668e-03 -4.734887742e-03
-2.581840008e-02 -6.400393322e-03
-4.467681516e-03 -8.004250936e-03
-5.877728574e-03 1.302415462e-16
-2.753085142e-15 -2.020313763e-15
1.383782903e-15 2.487722002e-15
-3.565108735e-16 1.354498115e-15
-1.364789565e-15 -3.861158185e-15
-7.292138413e-03 -1.624893397e-02
-2.881740453e-03 3.847300075e-03
-3.724113340e-04 -6.835902110e-03
-3.238331527e-03 -1.855323091e-02
-5.895421840e-03 1.022159588e-03
-2.888792660e-03 -5.161850713e-04
-9.909123182e-03 -1.825265400e-02
-6.986816879e-03 -1.520253601e-03
-1.373899519e-03 8.404193446e-03
2.675949311e-26 2.563115331e-25
8.004346287e-25 3.953933362e-24
-6.145292519e-25 -3.208460990e-25
4.635238211e-25 -2.248865736e-24
4.384032358e-25 -1.325635798e-02
-1.347124949e-02 -6.214062683e-03
1.873046160e-03 -6.702028681e-03
-7.321751211e-03 2.345149871e-03
-3.906465136e-03 -1.127560507e-03
-2.730547385e-11 -2.329016667e-11
-2.290045584e-11 -3.072021457e-11
-9.726913719e-12 -1.408516880e-11
-1.203819770e-11 -3.204214455e-12
-9.002656259e-12 -2.911106916e-03
-1.994950930e-03 4.430449102e-03
-6.370360032e-03 -6.183941383e-03
-7.752970560e-04 -2.388268185e-04
-3.594228532e-03 2.723220503e-03
1.230174908e-03 3.544447944e-03
-5.088671111e-03 3.848372144e-04
-2.388190106e-02 -6.382006686e-04
-2.644454828e-03 -7.710946724e-03
4.517070483e-03 6.627958268e-03
-7.046643877e-04 -2.246808028e-03
-1.853081631e-03 1.507524867e-03
-7.500451524e-03 3.827610053e-03
-2.522135153e-03 -1.187844854e-02
3.234914060e-24 -1.358177087e-23
-4.084888217e-24 -1.126813256e-23
5.447933759e-24 -7.017572506e-24
-9.447654581e-24 -1.397685608e-23
-1.712075709e-23 -2.763375640e-03
-1.678757602e-03 -1.304136589e-03
5.093615502e-03 -1.007568557e-02
-9.369069710e-03 3.387705190e-03
-2.054048004e-03 -8.712506853e-03
-1.653083786e-02 -6.854485720e-03
1.473866578e-04 -1.888141967e-02
-8.292768151e-03 -3.075101646e-03
-7.073106710e-03 -1.477405336e-02
1.945263008e-03 -2.236651024e-03
-1.082692761e-02 -4.648339527e-04
-7.431975100e-03 -6.032513920e-03
1.028022598e-04 -3.581180936e-03
-8.196724579e-03 -2.233654028e-03
-5.924717523e-03 -6.712106522e-03
2.020774409e-03 -8.233157918e-03
-8.059202693e-03 -6.318910979e-03
-2.343231812e-03 -4.854261642e-04
-2.835885622e-03 -1.495002542e-27
-2.352997013e-27 -3.298781727e-27
-4.286897034e-27 -6.952024024e-28
1.982681515e-27 3.797273256e-27
5.875945623e-27 1.499540995e-27
-8.465249091e-03 -7.080226671e-03
2.358103666e-04 -2.120864578e-02
-6.173805334e-03 -5.627695005e-03
5.615432747e-03 -1.149420440e-02
2.504480304e-03 -1.293966325e-17
-6.970202690e-18 -1.425191767e-18
-1.045235927e-17 4.573722316e-18
4.057968587e-18 -1.163110488e-17
-5.654243122e-18 -8.870839572e-18
-5.876523792e-04 -2.254674910e-03
7.070847787e-03 -2.049625479e-02
-9.929131484e-04 -1.008977275e-02
-1.092575374e-03 -4.083057400e-03
-6.073701661e-03 -1.018449664e-03
-1.072393451e-02 -1.142979972e-02
-7.675437373e-04 -4.809993319e-03
-1.154815499e-02 3.487587208e-03
3.527553752e-03 -4.455079790e-03
-9.326409054e-05 -6.000476424e-04
-1.455477555e-03 8.392782183e-04
2.138366690e-03 1.911100990e-04
2.531543840e-03 -9.795696242e-04
1.509591239e-03 4.081291800e-24
1.538539977e-24 2.135451401e-24
2.855890258e-24 -7.394885664e-25
-1.073108986e-24 1.083454897e-24
1.729970782e-24 1.341806350e-24
-1.304537524e-02 -6.692475174e-03
-3.473826917e-03 -9.540983476e-03
-3.461109940e-03 -1.827714033e-03
-3.929312807e-03 -1.295950264e-02
7.425357471e-04 -2.073349314e-08
9.567724391e-09 -3.287764017e-08
-3.683653205e-08 -1.678779249e-08
-1.048983567e-08 4.955784050e-08
-6.765417027e-08 -2.025015249e-07
-1.243747585e-02 -5.969257560e-03
-3.981540445e-03 -1.458804961e-02
-9.797784500e-03 -7.023548242e-03
-8.496455848e-03 -9.369949810e-03
-2.266224707e-03 6.661587493e-16
-1.478823494e-15 -2.484732611e-15
-1.852846667e-15 -1.481952221e-15
-7.298647325e-16 1.936296989e-15
2.373520149e-15 1.580636139e-16
-9.426183067e-03 -1.176911406e-02
-8.415069431e-03 -3.290496534e-03
-6.708265282e-03 7.913678885e-03
1.228924957e-03 -1.029213890e-02
3.392621409e-03 -9.076764807e-03
-6.011140533e-03 -1.835183473e-03
-1.428420283e-02 -9.204016067e-03
-5.444810726e-03 6.126325577e-03
-7.623157930e-03 -8.028486744e-03
1.893029514e-24 1.357785122e-24
8.040890268e-25 7.234141942e-25
2.130611739e-25 1.229508253e-24
1.615274548e-24 1.015742626e-24
1.648208998e-24 -4.732474219e-03
-1.310968958e-02 -1.927239238e-03
-3.897052957e-03 -7.266029716e-03
-7.290965877e-03 6.159218028e-03
-9.769520722e-03 -3.469029209e-03
-1.739762674e-11 -1.468516628e-11
-9.286807434e-12 1.078602268e-12
-1.223596138e-11 -4.210705135e-12
-1.026192933e-11 -2.859698936e-11
-1.212896276e-11 -5.793977529e-03
-1.580560813e-03 1.350624254e-03
-1.229230687e-02 -3.835141426e-03
-2.216697903e-03 -8.266245131e-04
-6.529936567e-03 3.712534904e-03
7.703831652e-04 -3.968606703e-03
-4.567933502e-04 2.899945481e-03
-3.204925160e-04 -5.354779307e-03
-2.516424982e-03 3.996590967e-04
6.073608529e-04 1.004633843e-03
-1.338512520e-03 -7.105592638e-03
2.417344600e-03 1.773309428e-03
5.608562380e-03 2.869908931e-03
1.943666604e-03 9.350517066e-04
7.300196914e-24 -5.933349851e-24
4.019099978e-24 8.783772909e-24
3.792804578e-24 5.705897981e-24
9.221474354e-25 6.162347100e-24
-9.771096229e-24 -7.656230591e-04
-5.804056302e-03 3.634327557e-03
-1.237154286e-02 1.890037529e-04
-7.081554737e-03 -7.196769118e-03
1.530692913e-03 1.547590946e-03
-1.264177635e-02 -1.693637483e-02
5.358096678e-03 -5.272408016e-04
-1.570517570e-02 -8.896226995e-03
-9.911311790e-04 1.094149193e-03
3.104496049e-03 2.990068169e-03
-3.732454963e-03 -3.445956623e-03
-1.522059611e-04 -1.107116882e-02
-2.002101159e-03 -1.435381360e-03
-9.545451030e-03 -7.600653917e-03
-8.122207364e-04 -5.988577381e-03
-7.937451825e-03 3.362152260e-03
-4.033160396e-03 -1.137108915e-02
6.895621773e-03 4.125851206e-03
-8.768663742e-03 3.395787352e-27
-1.169566873e-26 8.465728405e-29
1.942181904e-27 -2.041136377e-27
9.545421102e-27 -1.318344114e-27
-2.651924067e-27 1.140693254e-26
3.094439080e-06 -1.813295111e-02
5.957351532e-04 1.049041166e-03
-8.997904137e-03 -9.148303419e-03
1.097673923e-02 -4.806567740e-04
-2.450652653e-03 -3.339879694e-20
9.349170823e-18 -1.060317539e-18
-5.987993541e-18 1.118239000e-17
-1.487903369e-17 -1.343339247e-17
-1.339196065e-17 -1.280790579e-17
-3.399740672e-03 -1.143428683e-02
6.583315786e-03 -7.689629565e-04
-3.651385894e-03 -1.282423455e-02
-2.536321757e-03 -6.410358939e-03
-1.506063063e-02 -3.294089111e-03
3.724248614e-03 -4.194962792e-03
-3.204144770e-03 4.997504948e-05
-9.409708902e-03 -1.183151544e-04
-4.545147531e-03 -9.561826475e-03
3.931812476e-03 9.090193198e-04
1.917752088e-03 -4.692526709e-04
1.602925826e-03 -1.669088379e-03
-1.258325996e-03 -8.000531816e-04
-4.147444386e-03 -4.145388622e-25
3.045542478e-25 6.155571376e-25
-1.075737372e-24 1.266404788e-26
-1.850517406e-24 -6.586180469e-25
-9.580286751e-26 2.549143470e-24
-6.098459475e-03 -7.780102547e-03
2.144210739e-04 -4.121998791e-03
-7.476938423e-03 -8.916190825e-03
8.381526568e-04 4.822079558e-03
-1.627212041e-03 -9.173781024e-08
-1.120866386e-07 3.510576008e-08
6.113334194e-08 -4.526992825e-08
-3.602507803e-08 1.303754660e-09
-7.075044994e-09 -1.199999247e-07
-1.150544081e-02 -8.889484219e-03
2.685188083e-03 -9.070827626e-03
-1.455699094e-02 -7.415174972e-03
-9.268700145e-03 -1.172905695e-02
-1.208494324e-02 1.007698580e-15
-1.353894604e-15 -1.132631811e-15
1.794845663e-15 -1.012716509e-15
-2.552842742e-15 5.998630687e-16
-8.277050848e-16 -1.283579011e-15
5.206694826e-03 3.780080238e-03
5.065909121e-03 5.352379754e-03
-2.223959193e-03 -1.103374921e-02
-5.455058068e-03 -1.795763895e-02
-1.052509993e-02 -2.648625756e-03
-2.193817310e-02 -3.461112268e-03
1.749632880e-03 -1.156510226e-02
-1.022821292e-02 7.743224036e-03
6.198639167e-04 -2.763784723e-03
-8.949963222e-25 -9.805639660e-25
1.395127628e-24 -1.385183346e-24
4.887331532e-25 2.199012143e-25
-2.305775345e-25 3.033883902e-24
5.228238364e-24 -3.003580030e-03
-1.614947245e-02 -1.140499394e-02
2.102780127e-04 -8.485327475e-03
-1.640974358e-02 6.171281449e-03
-6.517022848e-03 -8.306330070e-03
-6.711250479e-12 -1.206175090e-11
1.002254443e-11 -3.360797057e-11
5.148511825e-13 -2.279442607e-11
-1.231275585e-11 -1.378691779e-11
-5.489901589e-11 5.943722790e-04
-9.411363862e-03 9.335866198e-04
7.626531878e-04 -1.009357907e-02
-8.472804911e-03 7.278232370e-04
-2.410025569e-03 -3.707330441e-03
4.343356472e-03 3.342322772e-03
-2.247934230e-03 -1.123496215e-03
-6.749981549e-03 5.023567937e-03
-6.138317753e-03 -7.149543613e-03
-6.082414184e-04 2.582670655e-03
4.029344767e-03 4.732040688e-03
1.227644272e-03 4.740780569e-04
-4.476270638e-03 -1.406543772e-03
-1.261841739e-03 -1.509316545e-02
1.997660869e-24 -1.624943182e-23
-1.643521389e-24 -6.786952965e-24
3.684895506e-24 9.808035430e-24
7.089859776e-24 8.882693700e-24
5.703298290e-24 1.728263851e-05
1.777162979e-04 6.505128462e-03
1.823374478e-04 -1.304714096e-04
-7.039279677e-03 -3.010537475e-03
2.456985880e-03 -1.915372349e-02
2.117500408e-03 -2.052558120e-03
6.921133958e-03 1.355368877e-04
-1.187480334e-02 5.752634024e-04
4.898011684e-03 -6.181833800e-03
5.130011588e-03 -3.587264800e-03
-1.442533801e-03 5.310916342e-03
-5.060901865e-03 -3.148785909e-04
6.152598071e-04 -2.815986052e-03
-2.606308786e-03 -5.327218212e-03
-2.350541763e-03 -6.293663173e-04
-1.339976152e-04 -8.636282757e-03
-3.064296441e-03 -2.170701511e-03
6.245207624e-05 5.287391134e-03
-3.451168537e-03 9.229990370e-28
3.284698196e-29 -9.724571105e-27
-1.447380072e-27 -3.941179897e-27
-4.958349012e-27 2.049327406e-28
2.202188995e-27 -2.129907881e-27
-3.237387864e-04 4.486499238e-04
9.725571610e-03 -9.990836494e-03
-1.228627516e-03 -2.726964012e-04
3.593649250e-03 -3.219891805e-03
-4.684251326e-04 -5.744862826e-18
3.689434809e-18 9.189809515e-18
-7.113405852e-18 3.541950677e-19
1.995852194e-18 -6.338567574e-18
-3.919389365e-18 -2.726531849e-18
-9.045368992e-03 -4.005534109e-03
3.159006359e-03 -7.461474277e-03
5.379194627e-04 6.224447861e-03
-1.146325027e-03 -2.507862635e-03
-8.409540169e-03 -8.480539545e-03
-1.171450858e-04 -8.733370341e-03
-2.848386532e-03 -3.589141881e-03
1.840654295e-04 -3.224515589e-03
-6.547470111e-03 1.252702554e-03
-2.947117435e-03 -1.960481983e-03
-1.403386937e-03 -3.588106949e-03
-1.450630720e-03 -1.272861147e-03
1.486214343e-03 1.384814270e-03
-7.936580805e-04 1.571618098e-24
8.264733001e-25 1.342071703e-24
1.171128109e-24 -1.776017973e-24
1.015957492e-24 -7.864180495e-25
1.122610895e-24 6.298549950e-25
-7.899050834e-04 -2.534846775e-03
6.441947073e-03 -2.506864723e-03
-9.532929398e-03 1.464371220e-03
-2.857158892e-03 -5.532148294e-03
1.522333827e-03 -1.816078665e-08
-1.096172308e-08 1.020094231e-07
-4.650379282e-08 -1.003190917e-07
2.492758711e-08 -3.386824332e-08
-1.743911042e-07 6.503232441e-08
-5.771575030e-03 -1.082950644e-02
3.204809967e-03 -1.767428126e-03
-1.338173822e-02 -1.628279802e-03
-1.221368462e-02 -8.084963076e-03
-5.310344510e-03 -3.326336712e-15
5.314537233e-16 1.025299965e-16
-1.470258508e-15 2.289589878e-16
-1.057286854e-15 -9.137798847e-16
-9.539773155e-16 -8.531800242e-16
-1.485197619e-02 -2.914443146e-03
-4.863957409e-03 -2.635738056e-04
-5.236787256e-04 -1.057200949e-03
1.396050357e-05 -5.730082281e-03
8.837571950e-04 -7.592209149e-04
1.303358935e-03 6.184491329e-03
-5.680138711e-03 -2.742931945e-03
-1.605515601e-03 1.230471418e-03
-1.007645484e-02 -4.602558445e-03
1.173892179e-24 1.580516350e-24
-5.951878616e-25 9.442628551e-25
-1.634685654e-24 2.429294002e-24
8.558122205e-25 2.530488487e-24
3.753441997e-24 -8.059052750e-03
-2.356220735e-03 -4.417227115e-03
-1.165745780e-02 -4.314449325e-04
-8.232290857e-03 -8.340094239e-03
3.041006625e-03 -4.722296726e-03
-7.786079073e-12 1.141980933e-12
1.003369436e-11 -1.949745053e-11
-1.809604376e-11 -2.478174957e-11
-2.604390315e-11 -2.450041212e-11
-9.701754157e-12 -3.417900298e-03
-2.121979836e-03 6.576496642e-03
-3.532511881e-03 -4.744249396e-03
2.735238289e-03 3.569462104e-03
-3.260640427e-03 -3.134399885e-03
5.565490574e-03 -2.043541754e-03
7.001149934e-03 -2.267946023e-03
-3.870096989e-03 1.507943613e-03
5.453071790e-04 -2.584228758e-03
2.076062141e-03 -8.811036125e-03
-2.193544933e-04 -6.199519150e-03
-6.447743159e-03 2.685234416e-03
1.377633191e-03 2.698851516e-03
-4.006738774e-03 4.809414502e-03
-7.237542426e-24 2.115175112e-24
4.017141237e-24 -1.767441872e-24
8.453262278e-24 -1.019152675e-23
2.214901132e-24 1.210516210e-23
1.231026357e-23 -4.435465205e-03
-4.382465500e-03 7.532792515e-04
-8.781305514e-03 -4.106554668e-03
2.535833046e-03 -6.118703750e-04
2.400764963e-03 -6.883608294e-04
1.253457624e-03 2.480798168e-03
1.188212191e-03 -1.560190693e-02
-1.515023690e-02 2.957041841e-03
2.685211657e-04 -1.400032919e-02
-8.442983031e-03 -5.399690941e-03
-1.247045677e-02 3.620453877e-03
1.188746304e-03 -3.646041267e-03
6.557071116e-03 5.062157870e-04
-1.076031104e-02 -9.647809900e-03
-4.934667610e-03 -4.659005441e-03
6.571136881e-03 -6.426120643e-03
-1.128360443e-02 -2.211220562e-03
-7.980891387e-04 -5.121076014e-03
-7.454530802e-03 2.423842539e-27
-1.410748210e-27 -7.000491110e-27
-5.412168981e-27 -5.513402022e-27
8.474625238e-28 -1.493398916e-27
-3.363340055e-28 2.755513868e-27
2.865740797e-03 5.831065588e-03
5.259555764e-03 -3.533129580e-03
-1.184072066e-02 1.917372691e-03
-7.323449827e-04 -1.692543551e-02
-9.071173146e-03 1.771550798e-18
-4.465555630e-18 5.271807746e-18
-4.920050845e-18 -1.010772605e-17
8.805825657e-18 -5.989798450e-18
-3.845683436e-18 -3.091197524e-18
1.139004249e-03 -7.911513560e-03
5.419390276e-03 -1.963010430e-02
2.523950068e-03 -7.000213023e-03
9.146973491e-03 -1.986594312e-02
-7.418301422e-03 -1.116645406e-03
-5.756336264e-03 -6.022668909e-03
-1.127175428e-02 -5.180418026e-03
-1.146796346e-02 2.832531463e-03
3.473248566e-03 -3.333441680e-03
-1.838821452e-03 -5.940253614e-04
-3.612132976e-03 3.296807990e-04
1.283513615e-03 -6.705020205e-04
7.143011317e-04 1.436257618e-03
-6.328662275e-04 1.848551367e-24
9.043923458e-25 4.258503202e-26
1.478621159e-24 8.333745512e-25
1.543648739e-24 2.119302235e-24
8.028313360e-25 -8.105956009e-25
-4.871032666e-03 1.905299025e-03
3.872300265e-03 -1.739712805e-02
-1.316208579e-02 9.135365835e-04
-2.393923933e-04 -3.630393883e-03
-5.002706777e-03 2.951715850e-08
-9.674357315e-09 -1.691590157e-08
-6.945575137e-08 -1.057973904e-07
-4.721883684e-08 -2.011937816e-08
-1.387588924e-07 3.703775775e-08
-8.274209686e-03 -1.388480328e-02
3.339200979e-03 -6.367742550e-03
-1.744576171e-02 -5.534199066e-03
-1.211436116e-03 -6.708892062e-03
-6.652843207e-03 2.332944730e-16
-2.046859485e-16 -1.633735761e-15
-3.184139150e-15 -1.397153424e-15
-1.206576199e-15 1.017864352e-15
-4.907136090e-16 -7.251719053e-16
-1.315641566e-04 -2.307317918e-03
-8.086811751e-03 -3.793285694e-03
-1.080344990e-02 -8.014833555e-03
1.040217001e-02 4.204952624e-03
7.647876162e-03 3.562517697e-03
4.494034147e-05 6.098662037e-03
3.706961637e-03 -1.498517022e-02
-2.155858092e-03 -3.266068175e-03
-9.322732687e-03 -1.030586753e-02
3.002988165e-24 1.104980519e-25
-9.826662803e-26 -3.631705573e-25
1.682777770e-24 1.200726367e-24
1.992438807e-24 -2.105713317e-25
-3.598075053e-24 -3.008229891e-03
-7.542733569e-03 -2.914500423e-03
-1.355684828e-02 -1.491933968e-02
-6.444609724e-03 -2.911095507e-04
9.004258900e-04 -5.952042993e-04
4.279498630e-12 -5.106184572e-12
6.021135847e-12 -7.379835458e-12
-2.514974513e-11 -4.270632892e-12
-7.593385122e-12 -3.759686312e-11
-1.307981848e-11 -2.942323452e-03
-1.898504706e-04 5.735523999e-03
-9.717703797e-03 -7.912009954e-03
8.577770495e-05 -3.159760498e-03
-1.039632596e-02 -2.915479010e-03
-3.242167411e-03 -9.557705373e-03
7.761666086e-03 2.878817031e-03
1.398257795e-03 1.144980360e-02
2.534061670e-03 -8.646433242e-03
-3.013010602e-03 -2.820110880e-03
-3.771049669e-03 -5.788567476e-03
3.649430815e-03 5.152128171e-03
-2.719274722e-03 -1.910892315e-04
-1.262668404e-03 7.004375104e-03
3.386773137e-24 1.497649115e-23
4.357812396e-24 1.351891128e-23
-1.475447256e-23 2.387063320e-24
3.188327485e-24 5.110255932e-24
-1.337509878e-23 -5.151528399e-03
-7.767993491e-03 8.159038611e-03
-7.995518856e-03 2.770729829e-03
-1.580491895e-03 5.091681611e-03
-6.555408239e-03 -3.379865782e-03
9.756427258e-03 -5.842342041e-03
-6.224128418e-03 5.699310917e-03
-2.116303518e-02 -1.288026758e-02
-7.055923808e-03 -2.226865664e-02
-6.376704667e-03 1.011480461e-03
-2.151865512e-03 2.103404840e-03
3.466176102e-03 3.521432402e-03
-3.551638802e-04 6.441947538e-03
2.933603944e-03 -1.049824152e-02
-6.547847763e-03 1.438575215e-03
4.655095283e-03 -9.785335511e-03
2.799343085e-03 3.246036649e-04
5.620610900e-04 2.037404571e-03
-1.696132310e-02 6.056030473e-27
8.501021649e-27 -4.581692967e-27
-3.486584549e-27 -9.849418358e-27
-7.383405272e-27 -9.155306658e-28
2.887193935e-27 4.272220677e-27
-9.100919124e-05 2.352267038e-03
-3.275983967e-03 -1.518243109e-03
-4.518929869e-03 -1.192221232e-02
1.612760825e-03 -2.041449398e-02
-1.308407914e-02 -2.472034555e-17
7.420643893e-18 2.491798050e-17
-1.163899122e-17 -1.716098843e-17
9.548161527e-18 -1.492553427e-18
-6.848239045e-18 -3.029663351e-18
-1.136710774e-02 1.080145128e-03
-4.826046061e-03 -1.672992669e-02
-9.340106044e-04 -8.858777583e-03
3.431346500e-03 -2.015814930e-02
-8.187634870e-03 -3.017815994e-03
3.796352074e-03 -1.877273433e-03
-5.198275670e-03 -7.317468058e-03
-4.681302235e-03 -3.357650479e-03
7.803672343e-04 1.672287355e-03
-5.733798258e-03 -2.775174333e-03
1.423399313e-03 -5.534212687e-04
2.749768319e-04 -3.503425745e-03
7.093770546e-04 7.558619836e-04
-2.449070103e-03 1.121243898e-24
-7.130614179e-26 1.452465983e-24
1.270202333e-24 -1.517108894e-24
2.850039819e-25 -2.111167057e-25
1.333700706e-24 -2.897072347e-24
-1.916481997e-03 7.438819157e-04
5.118468776e-03 -6.351348944e-03
-1.391821820e-02 -3.292464884e-03
-6.054317579e-03 -1.666965149e-02
-1.696546329e-03 -1.347818923e-08
-9.195917272e-08 -1.217763383e-07
-7.256525691e-08 -7.081418829e-08
-6.378381556e-08 -7.539281910e-08
-9.185827565e-08 5.076467602e-08
-2.446824918e-03 -8.456058800e-03
2.421540907e-03 -4.369975068e-03
-1.360447239e-02 -8.238526992e-03
-7.707643788e-03 -9.562360123e-03
-1.187508646e-02 -3.301269196e-15
6.782614737e-16 -7.297359835e-16
-1.175660131e-15 -2.896860091e-15
-2.057858922e-15 -3.156484583e-15
-2.803003758e-15 -9.382630279e-17
3.137753345e-03 -9.539427992e-05
-2.960798098e-03 4.145368468e-03
-9.505433030e-03 -1.406583097e-02
9.179682471e-03 -3.797784913e-03
8.702289313e-03 -5.800807266e-04
6.950761192e-03 8.044631104e-04
3.795245197e-03 -8.713184856e-03
-3.545587184e-03 -4.835447762e-04
-2.153003588e-02 -1.945413463e-02
3.125067743e-24 9.441175074e-25
-7.099028804e-25 8.885442658e-26
-2.662405161e-24 2.237013495e-24
1.789920094e-25 1.163288212e-24
-1.118278471e-24 -5.734396633e-03
8.262413903e-04 -1.627437305e-03
-1.736285724e-02 -2.897377359e-03
-9.845777415e-03 2.473395551e-03
3.084062337e-05 -1.271792222e-02
-1.357969206e-11 6.215736693e-12
1.588428174e-11 -3.230209156e-11
-8.440554570e-13 -2.221834175e-11
-1.404905359e-11 -2.322127733e-11
-1.255017097e-11 -1.302818768e-03
-2.553719096e-04 4.171955807e-04
4.735453404e-04 -5.319600459e-03
-7.234285586e-03 3.577891737e-03
-1.162835117e-02 -6.938497536e-03
3.269200446e-03 1.155834645e-03
-3.679137444e-03 8.237904869e-03
-2.905074274e-03 1.221862854e-03
6.690709386e-03 1.628220663e-03
-4.310521763e-03 -1.708330028e-02
1.199851744e-03 -5.120963790e-03
6.089008413e-03 7.129734731e-04
-1.582280966e-03 1.289453241e-03
-1.370510459e-02 4.775329959e-03
-2.838743183e-24 4.684732922e-24
-3.075828228e-24 6.350621771e-24
-1.715861137e-23 -1.456311226e-23
-2.325139514e-24 1.134314850e-23
1.446695643e-23 -1.208541263e-02
-5.247429013e-03 3.862486919e-03
-1.005391963e-02 5.697255488e-03
-9.100948228e-04 6.770558190e-03
2.032514429e-03 -9.540880099e-03
1.294012880e-03 -4.683977459e-03
8.274408989e-03 -3.709131153e-03
-1.677083783e-02 7.871935144e-03
-6.718286313e-03 -1.343156397e-02
-6.704721600e-03 -5.036147311e-03
-4.329225048e-03 -3.741884371e-03
7.805651054e-03 4.356036370e-04
-9.295410127e-04 2.495198569e-04
-1.146355458e-02 -8.794172667e-03
-5.792689044e-03 2.344144508e-03
6.660711486e-03 -5.590933375e-03
1.453527075e-04 -2.854973078e-03
7.651450142e-05 -7.240046747e-03
-7.626171689e-03 9.186426990e-27
-8.647544858e-28 -1.288731882e-27
-5.698889106e-27 -1.172908901e-26
2.480088360e-27 -3.645514214e-27
-3.217110935e-27 1.446984910e-26
-1.023029326e-04 3.061072493e-04
-4.533017986e-03 1.659566537e-03
-4.650230054e-03 -4.358172882e-03
3.601477365e-04 -2.105917968e-02
-1.176438760e-02 -5.566362212e-18
8.018196686e-18 2.503335731e-17
-2.223037308e-17 -7.554385763e-18
1.008395619e-17 -1.924318732e-17
-1.404888102e-18 -2.436587673e-18
2.658307320e-03 4.448194988e-03
9.120109491e-03 -8.265464567e-03
-1.299030730e-03 -3.433195176e-03
-2.482041717e-03 -1.368962787e-02
-1.990331104e-03 2.847317373e-03
8.008556906e-04 3.243386978e-03
-1.165460330e-02 -6.373818032e-03
-1.220018975e-02 -6.725521293e-03
1.820294419e-03 -6.612298079e-03
-2.014660509e-03 -1.283546793e-03
-1.256690244e-03 1.182623091e-03
4.225768207e-04 -6.011385703e-04
-3.487725044e-03 1.284665050e-04
1.840206096e-03 2.338301066e-24
7.079629236e-25 -4.909634109e-25
2.047708374e-24 7.669586259e-25
-1.497177041e-24 5.667473552e-25
1.423476922e-24 -2.240660991e-24
-2.184862969e-03 -3.697451903e-03
8.651698940e-03 -1.016009413e-02
-9.734967723e-03 4.163369071e-03
-2.669284586e-03 -1.146793459e-02
-8.576400578e-04 -1.362432656e-08
-1.475032541e-08 4.528615349e-08
-7.773385136e-08 -3.540906590e-08
7.052668138e-08 -2.015675804e-08
2.911872699e-08 3.069032317e-08
2.771495376e-03 -3.802623833e-04
6.099173333e-03 -1.274184673e-03
-7.647008169e-03 1.093692961e-03
5.889763706e-04 -7.870687172e-03
-5.026325234e-04 5.201232282e-16
2.648335966e-15 -2.180433695e-15
-5.370401173e-16 -4.350317595e-15
-2.283564827e-15 -9.320858548e-16
1.432016559e-15 1.178863398e-15
8.425196633e-03 -3.304294311e-03
-1.858989010e-03 -4.575766623e-03
-9.278998710e-03 -1.241861656e-02
4.370613024e-03 3.497249214e-03
2.504028846e-03 4.220449831e-03
-2.643679036e-03 -4.747886211e-03
4.929720890e-03 -9.646342136e-03
-2.074632095e-03 9.537038277e-04
-1.470570453e-02 -1.032473426e-02
2.924539498e-24 7.230409644e-25
5.331687019e-25 -2.831251618e-25
2.576680780e-25 1.870618370e-24
3.907218203e-25 1.597812742e-25
-1.844557364e-24 -2.512384206e-03
3.738918458e-04 1.535026822e-03
-1.050834358e-02 -4.677715246e-03
-8.562987670e-03 9.258653154e-04
-4.173855763e-03 -1.398020075e-03
-2.886984748e-11 -1.408933300e-11
-1.628435060e-11 -1.548223182e-11
-1.999371328e-11 5.258781691e-12
7.460935515e-12 -2.766359841e-12
-7.284211428e-12 -1.735032653e-03
-1.411214005e-03 7.650725893e-04
-9.501585155e-04 -5.798230413e-03
2.976676915e-03 -1.452816767e-03
-7.383497898e-03 5.868588923e-04
-3.442751477e-03 -6.450647023e-03
-4.818604793e-03 9.692654945e-03
4.077653866e-03 -2.680234844e-03
-2.341622952e-03 -9.475163184e-03
-1.036504377e-02 -7.507300936e-03
-2.951344242e-03 1.127095427e-03
-9.469421930e-04 4.276270512e-03
4.553679377e-03 -9.420260787e-03
-1.428813906e-03 5.175543949e-03
-1.248480851e-24 -3.503134854e-24
1.254831023e-23 7.644226255e-24
-3.559153602e-23 1.353053830e-24
3.373048929e-24 1.420324812e-23
2.295561766e-24 -9.100812487e-03
1.144254347e-03 2.964977408e-03
-7.680471521e-03 1.645697397e-03
-1.435025712e-03 -1.638773247e-04
-5.313108210e-03 -6.271088030e-03
-1.384544652e-02 -1.201632433e-02
7.581233978e-03 7.981341914e-04
4.117589910e-03 1.582331257e-03
-1.269314555e-03 3.031756729e-03
1.412011124e-02 -3.928047663e-04
1.465647831e-03 2.858935855e-03
-4.497241694e-03 -1.776168309e-02
-1.262277178e-02 3.131286008e-03
1.309671206e-03 -5.081269192e-04
-2.130467677e-03 -6.794387475e-03
-3.788544331e-03 2.264451934e-03
-5.163990892e-03 -7.219569292e-03
4.592130892e-03 4.566867370e-03
-3.738326952e-03 -7.245430881e-27
-4.662671773e-27 2.924120560e-27
-2.685699377e-29 3.072679093e-27
-3.586394713e-27 9.456747435e-28
-5.353251703e-27 1.428926004e-27
-1.721484400e-02 -1.637623087e-02
-1.384033239e-03 -6.757735275e-03
-3.607292194e-03 4.720338155e-03
-2.521150280e-03 1.811070135e-03
1.127207302e-03 -1.781131782e-17
-2.448740321e-17 2.196096284e-18
-5.470051506e-18 2.987342516e-18
7.108400582e-18 -1.884170694e-17
4.470112154e-18 1.741881897e-17
-1.380861178e-02 -1.231142413e-02
6.017943379e-03 2.873506630e-03
-6.821036339e-03 -1.042341162e-02
-1.941576600e-03 -2.877675928e-03
-1.286840625e-02 3.120528418e-04
3.829281544e-03 -1.663195202e-03
7.461430505e-03 9.958706796e-04
-7.832470350e-03 1.654168218e-02
3.846339881e-03 -7.136718836e-03
2.697516000e-03 2.636279445e-03
-1.253118273e-03 1.365899108e-03
2.499236725e-03 -5.090757040e-04
2.625780180e-03 9.776150109e-04
-3.163852729e-03 5.120067193e-25
-2.064468513e-24 -5.055013593e-26
7.881827807e-25 2.842539773e-24
-6.424871726e-25 -4.816536591e-24
3.037220587e-24 3.778795592e-24
-1.917189360e-02 -1.391875278e-02
2.139168791e-03 -4.258050118e-03
3.530454822e-03 -1.042150543e-03
5.859220983e-04 5.514795892e-03
6.173866335e-03 -1.216980934e-07
-1.609851950e-07 -1.125248446e-07
-5.130585734e-08 3.297017415e-08
-2.352401651e-08 -2.939441224e-08
3.540396065e-08 2.609415795e-08
-1.336339675e-02 -1.215360966e-02
-6.738507072e-04 -1.056948490e-02
-1.734998450e-02 -9.152790532e-03
-9.626741521e-03 -7.153260056e-03
-5.838783458e-03 1.500643274e-15
-3.483807072e-16 -7.266266315e-16
1.541304985e-15 2.453529823e-15
2.111855367e-15 2.581595910e-15
2.854522632e-15 -4.723500406e-15
3.086247889e-04 -5.190823693e-03
7.668349892e-03 8.855008520e-03
-4.220593721e-03 -1.337365620e-02
6.833513267e-03 -8.755683899e-03
1.872319262e-03 -1.858374290e-02
-2.098247968e-02 -8.499031886e-03
-7.441430818e-03 -1.047685277e-02
-4.273120314e-03 -7.991431281e-03
-5.028189160e-03 2.241473179e-03
-2.370743168e-24 -9.251946079e-25
2.400832887e-24 2.455601922e-24
-2.744246916e-24 -9.673804239e-25
-1.091250716e-24 1.702062929e-26
2.702840593e-24 -1.001151837e-02
-8.233826607e-03 -7.385326549e-03
7.076318725e-04 -3.501171246e-03
-1.124752779e-02 7.887720130e-03
-7.759609275e-07 -8.507996798e-03
-5.669532118e-12 -1.988685605e-11
2.938242358e-11 -3.466155835e-11
-2.532062927e-11 -7.803454063e-12
-2.903196780e-11 3.055727329e-12
5.314081206e-12 -7.891902700e-03
-8.443184197e-03 -1.677794033e-03
-2.625562716e-03 -4.973054398e-03
-2.241146285e-03 -3.224550048e-03
2.752638655e-03 1.565497041e-05
7.416476030e-03 -2.366142347e-03
-6.836937740e-03 -3.094748128e-03
-2.311120555e-02 -6.895932369e-03
7.406417280e-03 2.889852040e-03
2.195119858e-03 2.569349948e-03
2.416734118e-03 -4.249463964e-04
1.137488522e-03 4.108665977e-03
-4.497323185e-03 5.487152375e-03
2.940445673e-03 -7.548565045e-03
1.610146045e-23 -1.980922661e-23
7.883536677e-25 -5.613711695e-24
2.429540758e-23 -2.746556109e-24
-9.453503984e-25 -1.021370636e-23
-7.480966757e-24 3.047787686e-05
3.524005879e-03 8.051506244e-03
-1.273367379e-04 -5.989355035e-03
-5.470439792e-03 5.192361306e-03
5.089955870e-03 -8.137198165e-03
-5.104068201e-03 -1.556933275e-03
-1.357478322e-04 -2.355055418e-03
-4.296144471e-03 -7.662489079e-04
1.081078313e-03 -1.027478278e-02
-5.086137913e-03 -4.748202860e-03
-1.533234958e-03 -2.236870583e-03
-3.986117896e-03 -1.044064062e-03
-5.519828410e-04 -3.310173517e-03
3.020200347e-05 -2.982117468e-03
-4.366141744e-03 6.683020038e-04
-8.606981137e-04 -5.375832319e-03
-5.720327608e-03 -9.814650984e-04
8.206575294e-04 5.510844640e-04
-2.976258518e-03 -4.667827054e-29
9.202724016e-28 -4.208711981e-27
-1.357831937e-27 -1.200872787e-27
-1.538441121e-27 -7.017649365e-29
7.777913821e-29 -1.241459835e-27
-7.692090236e-03 6.423641928e-03
-1.052579377e-03 -1.035299618e-02
2.135092625e-03 2.189333463e-04
4.455108196e-03 -3.344785422e-03
-7.479856722e-03 4.373989425e-19
4.151176953e-18 5.982124695e-18
-9.292685141e-18 -4.763084638e-18
7.996997701e-18 -1.238411965e-17
-5.690879778e-18 -2.208850789e-18
-7.694135420e-03 -2.930514747e-03
-7.205819711e-04 -1.333708130e-02
-3.560554760e-04 1.184022869e-03
8.838956128e-04 -1.006691623e-02
-9.650089196e-04 -2.289181342e-03
-3.257724224e-03 -1.573355519e-03
-2.597576473e-03 9.521603934e-04
-1.991708763e-03 -1.022474971e-04
-1.056908077e-04 -1.243835897e-03
-3.992337734e-03 -2.528697078e-04
4.650199553e-04 -2.284070244e-03
-7.768979413e-04 -2.379404941e-05
8.738203906e-04 1.168282819e-03
-2.601766901e-04 9.064023634e-25
2.838545771e-24 -6.282709623e-25
-1.480447471e-24 8.716708885e-25
2.363651703e-24 -4.273917236e-25
6.232295495e-25 2.033989886e-24
-4.466388375e-03 -2.190959873e-03
2.332168864e-03 2.822489245e-03
-5.841633305e-03 -1.914102468e-03
6.247940473e-03 -8.338849992e-03
-6.521858275e-03 -1.122795936e-07
1.159308649e-08 7.738265140e-08
-5.855807217e-08 -9.635418685e-09
2.273214061e-09 1.349310441e-08
-1.938414051e-08 -1.219281032e-08
-6.638182327e-03 -6.811027881e-03
-4.460658412e-03 -5.569502246e-03
-9.074569971e-05 -6.416581105e-03
-4.735351540e-03 -3.683668794e-03
-5.817968398e-03 -1.221059403e-15
-1.384084552e-15 -1.239529063e-15
-1.266648834e-15 2.154266042e-16
-7.495180674e-16 -2.183551544e-16
-2.589106552e-15 -9.687616403e-16
-1.171134505e-02 -9.494366823e-04
4.070787225e-03 -9.094299166e-04
6.559619214e-04 1.437763101e-03
1.008225977e-02 -1.310831634e-03
-5.641450989e-04 -9.875860065e-03
9.686108679e-04 -7.120893570e-04
-7.324092556e-03 -2.605684800e-03
-1.789049245e-03 3.906892147e-03
-2.133184113e-03 -8.554278873e-03
7.207688971e-25 9.286632293e-25
-1.552136093e-24 -4.641322300e-25
2.034719903e-25 1.135117595e-24
-1.557696946e-25 2.481848113e-24
4.996827891e-25 -1.074769534e-02
2.929235925e-04 -1.606344362e-03
-8.414443582e-03 -3.164372174e-03
9.910624940e-04 3.990888596e-03
-3.429855220e-03 -4.811071791e-03
-1.120939799e-11 8.644227695e-12
1.243733306e-12 -1.098298969e-11
-4.854321806e-12 1.512920323e-12
8.554181669e-12 -1.273553658e-11
1.126941558e-13 -4.524270073e-03
5.949652405e-04 6.113565178e-04
-2.887639683e-03 -1.206555753e-03
2.453742200e-04 2.763880882e-03
-3.540342441e-03 -4.273329861e-03
4.180458782e-04 -1.390735153e-03
-2.697423333e-03 7.892533904e-04
-1.710268320e-03 -6.032731617e-04
-2.360586659e-04 7.667837664e-03
-3.543386934e-03 -8.080150932e-03
-1.281295205e-03 -6.251420709e-04
-4.205672070e-03 -2.403219114e-04
3.599811578e-03 -1.786501671e-04
-5.141898990e-03 1.196026918e-03
-3.951834992e-24 1.043226422e-23
-4.937053238e-24 5.628396341e-24
-9.242303832e-24 -4.537698321e-24
3.472114871e-24 6.042631936e-24
7.366346056e-24 -2.018259373e-03
-1.823701081e-03 -1.435374725e-03
-1.182087138e-02 -1.456720056e-03
5.247606896e-04 1.531000889e-04
-1.924270327e-04 8.404382970e-05
1.094331266e-03 8.411573246e-03
2.104433079e-04 -1.674657874e-02
-1.075199433e-02 1.593353809e-03
8.146915585e-03 -1.568581210e-03
-8.793927263e-04 -6.519493181e-03
1.677242108e-04 8.147334680e-03
1.221259707e-03 -7.670694031e-03
7.497149054e-04 5.673909094e-03
-1.640183479e-02 -5.498364102e-03
-6.995514967e-03 1.262210193e-03
4.760675074e-04 -1.273601549e-03
-6.765816826e-03 -1.687734504e-03
3.802394494e-03 -7.864424959e-03
-5.277370568e-03 6.176773955e-27
6.408823091e-27 2.245731382e-27
4.630593484e-27 -5.527375414e-27
-7.047990706e-27 7.642801073e-27
-9.205229651e-28 -4.654061326e-27
-3.566010855e-03 3.858297714e-04
1.229567360e-02 -4.497039597e-03
-2.714054659e-02 9.243520326e-04
8.813182823e-03 -8.692142554e-03
3.523403779e-03 -2.882560653e-17
-2.886304803e-17 5.867141213e-18
2.046835678e-18 -5.407220521e-18
1.120381646e-17 3.807184796e-18
-9.156766131e-18 4.492708247e-18
4.933771212e-03 -1.238585799e-03
6.891833664e-07 -1.071148645e-02
-7.943040691e-03 1.713729114e-03
3.585376777e-03 -1.003046799e-02
-1.828914322e-02 3.258015728e-03
6.517482921e-03 -1.223619474e-04
-7.444618735e-03 2.359963953e-03
-3.716037609e-03 -1.956664724e-03
1.246352098e-03 -8.926865645e-03
3.060996532e-03 -1.412432874e-03
7.060696953e-04 9.321175748e-04
7.579128142e-04 9.068035433e-05
-6.130315796e-06 1.738711144e-03
-2.938593738e-03 -1.715221844e-24
-4.355251754e-25 2.830859504e-24
1.887152501e-24 3.065757433e-24
1.623797993e-24 -1.651905698e-24
4.668061234e-25 -8.511795362e-25
-3.912742715e-03 -1.558580407e-04
-3.432276717e-04 -2.053482458e-02
-9.772861376e-03 4.463104997e-03
2.780470997e-03 -2.953126794e-03
5.782592343e-04 -7.425015269e-09
1.325953747e-08 -4.830018341e-08
-1.442725903e-07 -7.453824935e-08
1.048550313e-08 -3.385505210e-08
-5.734339226e-08 9.030772219e-08
-9.815988131e-03 -1.314115711e-03
3.612000030e-03 -1.095873304e-02
-2.095956542e-02 1.996068284e-03
2.453255467e-03 -1.382113807e-02
-6.953469943e-03 -1.355417040e-15
-1.729476954e-15 -4.178420729e-15
2.384105944e-15 2.410955829e-15
3.824743127e-16 -9.043475375e-16
5.419755665e-16 -5.391529881e-15
2.814671258e-03 -1.055161469e-02
6.317304797e-04 -1.508786110e-03
-6.058159750e-03 -1.690969337e-03
8.073591627e-03 -1.198895462e-02
-1.777884550e-02 1.936608809e-03
4.970854148e-03 7.273735013e-03
-3.241507802e-03 -2.391026542e-02
-1.460734871e-03 8.823827840e-03
-5.600247532e-03 5.042493343e-03
2.156334718e-24 3.685579596e-25
9.770156696e-25 2.754761446e-24
-1.090654929e-24 5.130729141e-25
-2.633781737e-25 -4.308295992e-24
1.683423748e-25 -9.439134039e-03
-1.446214970e-02 -3.407631768e-03
-1.394139370e-03 -9.886207990e-03
-9.657436982e-03 1.248066314e-02
-1.082102023e-02 -2.505442128e-03
3.459893396e-12 -1.478580626e-11
-4.341055293e-11 -4.064203141e-11
8.605138303e-12 -1.374200406e-11
-3.863442205e-11 -2.511280593e-11
-4.540170757e-12 -2.177702263e-03
1.887961553e-04 4.511523061e-03
-5.560668651e-03 -9.222884662e-03
1.215326134e-03 4.545506556e-03
-5.307437386e-03 -8.848132711e-05
-2.710440662e-03 2.153219888e-03
1.981351990e-03 6.305388641e-03
-8.949830197e-03 -2.629315015e-03
9.694729670e-05 -1.807278022e-02
2.569113392e-03 6.843160838e-03
7.641594275e-04 -4.481790122e-03
3.334227949e-03 -3.456413746e-03
-3.025893122e-03 -3.149000462e-03
5.713831633e-03 -8.376223035e-03
1.744966002e-23 -5.461411448e-24
9.205495582e-24 -1.552933237e-24
8.756006977e-25 -9.585888649e-25
-3.103456110e-24 -3.630617537e-24
-7.012645281e-24 -5.599973258e-03
-2.189971041e-03 8.653749828e-04
5.069563165e-03 -2.165158745e-03
-1.476795645e-03 2.354896860e-03
-9.994035587e-03 -1.038108021e-02
8.170329966e-03 -1.381154871e-03
-3.176432336e-03 -1.158800442e-02
-3.346118145e-03 -5.057781469e-03
-4.787789192e-03 -6.881459616e-03
-6.753407884e-03 -1.805362554e-04
4.976656637e-04 6.285317068e-05
1.453128876e-03 1.816611504e-03
-4.182486329e-03 -2.407022519e-03
-1.156361774e-02 -6.026567891e-03
-4.566271789e-03 6.218741764e-04
1.445294940e-03 -8.258816786e-03
-8.830355946e-04 -4.623380490e-03
2.485038014e-03 -8.060114458e-03
-9.784777649e-03 2.343845187e-27
-2.052696579e-28 -2.882467125e-27
-6.248191674e-27 -6.080078405e-27
-1.494032836e-27 3.775662011e-27
7.995668416e-27 3.400634532e-27
9.585337713e-03 2.944423351e-03
-1.225971937e-04 -1.487950422e-02
-9.201350040e-04 -3.455128288e-03
1.875949791e-03 -1.346478518e-02
-2.522097668e-03 -4.838625046e-19
2.384423224e-17 -7.719621708e-18
-2.843086767e-18 6.439478646e-18
8.529906122e-19 4.092867957e-19
5.087742275e-18 -4.664899954e-18
1.487345435e-03 -5.358106922e-03
5.763406865e-03 -1.194891334e-02
4.406562541e-03 -3.656068118e-03
-1.759250183e-03 -1.678354293e-02
-9.754734114e-03 -5.087585188e-03
-2.495935187e-03 -8.474625065e-05
-3.152014688e-03 -4.588312004e-03
-2.156303497e-03 -6.488901097e-03
-4.825935699e-03 -1.976351719e-03
-3.575682640e-03 2.678534365e-04
-1.961887756e-04 -2.170449588e-03
-5.895718932e-04 -2.282963134e-03
-9.549178067e-04 -6.720366655e-04
-1.167207083e-04 2.713580934e-24
8.630348337e-25 1.399132379e-24
1.242935455e-24 -1.242398832e-24
5.085449018e-25 6.385665339e-25
1.334020687e-24 -2.627194995e-25
2.138503594e-03 -1.721134409e-03
-1.990861638e-04 -1.182547770e-02
-1.332976623e-03 -3.419238608e-03
-3.546445398e-03 -1.017946750e-02
-9.744744748e-03 8.316351496e-10
-2.095001284e-09 2.728741322e-08
1.949447270e-09 3.522134406e-08
7.049709705e-09 -6.902969307e-10
-4.041550383e-08 -1.431149883e-07
2.713843482e-03 -4.282725509e-03
-1.514013158e-03 1.527201151e-03
-9.230206721e-03 -7.068727165e-03
-8.042044006e-03 -1.381523162e-02
-9.820402600e-03 -1.857513607e-15
-8.961587406e-16 -1.516157741e-15
7.722828720e-16 -1.401560219e-15
-2.395371482e-15 1.382023404e-15
-1.912261793e-15 -3.317701423e-15
-9.069864638e-03 -5.383605603e-04
-3.008517902e-03 -1.393346116e-03
-3.234853502e-03 -5.906847771e-03
5.330851302e-03 -4.266752396e-03
4.825898213e-04 6.730053108e-03
3.876417177e-03 -1.015125657e-03
-8.889118209e-03 -1.216619555e-02
-5.559070036e-03 1.761890366e-03
-1.401639823e-02 -9.027114138e-03
5.978126483e-25 -3.253511357e-26
-1.498135507e-24 -8.748919062e-25
-1.646031741e-24 6.722551347e-25
-4.919852323e-25 6.553283490e-25
9.508678518e-26 -6.216664799e-03
5.268269451e-04 -3.377289046e-03
-1.056917571e-02 -1.226375171e-04
-1.008865237e-02 4.940704908e-03
-1.199888438e-02 -1.540194638e-02
-2.471949728e-11 -1.315110607e-11
4.610556728e-12 -1.057684756e-11
6.685287306e-12 -7.198147460e-12
-1.021198751e-11 -6.393924019e-12
-1.356822033e-11 2.993935719e-03
-1.019870164e-03 -1.154017751e-03
-4.617220722e-03 -1.932755229e-03
-3.795147873e-03 -1.653874642e-03
-5.841404665e-03 -2.945872024e-03
1.719571068e-03 -2.193696797e-03
-5.608858541e-03 5.339580122e-03
-3.729584627e-03 -5.206255591e-04
1.362489365e-05 -5.516714416e-03
-9.350546752e-04 -6.970666349e-03
-3.555833828e-03 -3.043584293e-03
1.261507045e-03 4.419335164e-05
-1.938856905e-03 -2.064150525e-03
-5.914010108e-04 9.053839603e-04
-6.156346629e-24 -3.019284651e-24
1.446823557e-24 -1.136269726e-24
-8.352747199e-24 -8.861497007e-24
-2.020684761e-24 5.789321994e-24
6.776292299e-24 -3.400876420e-03
-7.029613014e-03 1.600994146e-03
-6.621532608e-03 9.081807802e-04
-5.811780691e-03 -3.685299307e-04
-6.490323693e-03 -6.808305159e-03
-1.574344933e-02 -2.285000682e-02
3.731339239e-03 -9.851990268e-03
-1.015293528e-03 6.773214322e-03
-4.086724482e-03 -4.754052032e-03
9.141789749e-03 2.397188451e-03
-3.425992327e-03 -2.417432843e-03
3.948225349e-04 -1.826520450e-02
-9.370833635e-03 1.186440815e-03
-7.423408795e-03 4.365187138e-03
-1.022700779e-02 -2.400038298e-03
-6.270166487e-03 1.598667121e-03
-3.882696386e-03 -1.030592062e-02
1.622853568e-03 3.614723217e-03
-7.522276719e-04 4.755755049e-27
9.563597066e-28 4.319366383e-28
-1.106801895e-27 -1.504157161e-27
-1.080884752e-27 2.887254024e-27
5.464951017e-27 -3.622933022e-28
-2.995164832e-03 -2.047471330e-02
-2.094475087e-03 -1.378226280e-02
-1.157354657e-02 -6.339465268e-03
5.653267261e-03 -4.186144099e-03
8.512301720e-04 -2.065263029e-17
-2.604163753e-17 -5.294182568e-18
-1.925201499e-17 -4.018080283e-18
8.187315416e-18 -1.485224462e-17
-9.483116180e-18 1.876139101e-18
-1.261387393e-02 -2.097017830e-03
-8.449880406e-03 1.721450535e-04
-8.046206087e-03 -3.232305171e-03
1.863579091e-04 6.498629693e-03
-1.239109226e-02 2.336248290e-04
7.177692838e-03 -4.609490745e-03
-1.913885644e-04 4.994155839e-03
-3.780047642e-03 5.932945758e-03
1.244296320e-03 -1.251820754e-02
6.405881722e-04 1.062548370e-03
-4.017798346e-06 -1.708339201e-03
1.783637912e-03 -2.886267612e-03
-8.560083224e-04 3.876214905e-04
-2.123777289e-03 1.444447409e-24
-2.714785919e-25 2.668104681e-24
2.023148373e-24 1.639953075e-24
-3.986708265e-25 -1.323908082e-24
2.513749253e-24 1.654389427e-24
-2.045443282e-02 -1.621251553e-02
-3.179782652e-04 -1.031506341e-02
-2.393477596e-03 7.574243005e-03
-3.459435888e-03 2.785198390e-03
4.804400727e-03 -1.199052093e-07
-1.534383500e-07 -6.650028439e-08
-5.906296963e-08 6.171899258e-08
4.612835980e-08 -1.174315201e-09
2.047396208e-08 -9.021061231e-09
-1.333296951e-02 -6.444324274e-03
-1.183631364e-02 -2.066386864e-03
-1.388364471e-02 -5.973748863e-03
-4.101629369e-03 -3.290483030e-03
-2.087336732e-03 8.068558452e-16
-9.543574215e-16 -9.462766213e-16
1.400108934e-15 9.771160321e-18
5.268803277e-16 -5.894729391e-16
5.376171056e-16 -3.718103638e-15
-9.643784724e-03 -1.787155494e-02
-2.597366692e-03 7.887637476e-04
-8.304527029e-03 -9.147041128e-04
-6.060723681e-03 -1.726573706e-02
2.963823208e-04 3.027748025e-04
-2.313589677e-02 -9.042697959e-03
-4.730688408e-03 -1.588388160e-02
-6.198082119e-03 4.221989308e-03
-2.969479421e-03 4.709871486e-03
5.356125930e-25 4.000701425e-25
4.345110158e-24 1.094038255e-24
-1.922157809e-24 1.249777738e-24
1.329112592e-24 7.094105326e-25
4.103629580e-24 -1.297840197e-02
-8.244729601e-03 -5.548667628e-03
3.287330270e-03 -3.688964760e-03
-1.070262678e-02 5.594500806e-03
-1.480476698e-03 -4.990606569e-03
-3.670574955e-11 -3.856826664e-11
-5.480915635e-12 -4.308317592e-11
-2.318707379e-11 3.002442696e-12
-4.215612234e-11 -2.253955182e-11
-1.384083126e-11 -4.178275820e-03
-9.578527883e-03 -5.991893355e-03
-6.800381001e-03 -9.061193094e-03
-1.138689462e-03 -2.936782257e-04
-6.837161491e-04 3.835972166e-03
4.425591324e-03 -1.552158501e-03
-8.550374769e-03 -3.007950028e-03
-2.085478418e-02 -6.291307509e-03
-2.332075499e-03 -5.188042298e-03
3.458894789e-03 4.905535374e-03
-1.418135362e-03 -2.551615937e-03
-1.002184022e-02 -9.683328972e-05
-4.733896814e-03 -4.627891351e-03
2.221831819e-03 -1.072782185e-02
1.810057124e-23 -1.948580941e-23
4.621310477e-24 4.158833277e-24
5.289599120e-24 1.041106043e-23
-7.381069356e-24 2.241080270e-24
2.340286037e-24 -4.260155838e-03
3.417950589e-03 2.879374188e-05
3.806753666e-04 -5.289886612e-03
-1.110714301e-02 -1.188281691e-03
2.598305698e-03 -8.879224770e-03
3.488622140e-03 -1.115213986e-02
-7.441638038e-03 -3.527929774e-03
-2.040266804e-02 -5.078985356e-03
-5.908915191e-04 -1.086247619e-03
-7.437685970e-03 -6.067615934e-03
-8.528536186e-03 4.957503639e-03
2.483070828e-03 -2.498998772e-03
-2.976681804e-03 1.004333724e-03
-1.489503402e-02 -7.660164498e-03
-1.684215665e-02 -3.583937883e-03
-6.307682488e-04 -4.508102778e-03
-1.567413681e-03 -8.179565892e-03
2.840041183e-03 -2.315422986e-03
-6.735236850e-03 6.005750124e-28
-5.204870934e-28 -6.105043849e-27
-2.370741761e-27 -6.871042425e-27
2.856892124e-27 -1.791675486e-27
4.932984515e-27 3.091975563e-27
-4.368265625e-03 4.399079771e-04
1.734625897e-03 -7.946630940e-04
-1.574605703e-02 -1.935356855e-02
6.734794937e-03 -4.356831778e-03
-1.969475998e-03 -7.805147220e-18
-7.844380396e-18 3.638392636e-17
-1.294130520e-17 -3.720810596e-18
3.890719450e-17 -2.583669527e-17
-7.248953458e-18 2.350282502e-17
-1.175210811e-02 3.911054228e-03
-1.740165055e-03 -3.057883587e-03
-1.818783022e-02 -6.660341751e-03
-2.655071206e-03 -2.438501455e-03
-1.195841376e-02 -2.259880537e-03
-5.308595020e-03 -1.103493851e-02
-1.120740734e-02 -9.313321672e-03
-8.053521626e-03 -3.230474889e-03
5.812621675e-03 -8.397337981e-03
-6.265184493e-05 -1.664162555e-04
2.502359217e-03 1.585887279e-03
-1.275141607e-03 3.780660045e-04
-2.929684008e-03 5.585968029e-04
9.817016544e-04 2.150155374e-24
1.353500424e-24 1.253009110e-24
8.663104800e-25 2.078002803e-24
-2.199862485e-24 -2.975562035e-24
1.928814414e-24 -5.832360272e-25
-2.962821629e-03 -1.108462363e-02
-7.841194980e-03 -1.024839934e-02
-1.307561994e-02 -2.697868738e-03
-3.208290553e-03 -2.186037367e-03
-7.085963618e-03 -7.333869689e-08
-4.989463775e-08 5.833285854e-08
-7.647262379e-08 4.918269170e-08
-1.167966346e-08 6.675222863e-08
3.934134440e-08 -1.057011332e-07
-9.332641494e-04 -6.215810776e-03
3.117310116e-03 -3.467824543e-03
-1.594236493e-02 -8.067212068e-03
-5.447714590e-03 -8.488187566e-03
-9.975717403e-03 2.359850520e-15
2.794723588e-15 -2.688095269e-15
-3.100318729e-16 -4.233059859e-16
-2.716167635e-15 -7.918958669e-16
7.512967837e-16 8.834977156e-16
6.209320389e-03 -1.346626319e-02
-1.324587688e-02 -6.270827143e-04
-6.835764274e-03 3.616403323e-03
7.507493254e-03 6.363985594e-04
2.173012355e-03 3.245536704e-03
-8.242508397e-03 2.843888011e-03
4.816563800e-03 -2.138389461e-02
-1.927535050e-02 5.057065282e-03
-1.590382657e-03 -2.215506975e-03
2.581977636e-24 1.613299240e-24
1.649081379e-24 2.671975177e-25
6.356090451e-25 -4.258403301e-25
8.705443951e-25 4.440737652e-25
-2.245788390e-24 -1.612573117e-02
-4.925737157e-03 -1.741666114e-03
-2.229046775e-03 -7.939619012e-03
-9.206938557e-03 5.837298930e-03
-6.352662574e-03 -7.578280754e-03
-1.903651542e-11 6.773521089e-13
2.134349121e-11 -9.554214191e-12
-3.311216579e-11 7.082363775e-12
-9.055689358e-12 -2.119554011e-11
-6.165844744e-12 -4.327992443e-03
1.252939925e-03 4.246812314e-03
-3.283325117e-03 -1.172070764e-02
-6.124213804e-03 3.620060161e-03
-1.239657169e-03 5.034545029e-05
-3.860326484e-03 -1.069556363e-02
6.587099633e-04 2.440639073e-03
4.371139221e-03 -5.742338020e-03
5.800117506e-04 -1.198471431e-02
-8.364086971e-03 -4.553847015e-03
5.833932199e-03 5.628061015e-03
-4.862014204e-03 -9.051739238e-03
-4.648020549e-04 -7.324468344e-03
-2.273130929e-03 5.120911635e-03
8.963212732e-24 -3.509749452e-24
-2.116034970e-24 1.358434887e-23
-6.868389443e-24 5.126530527e-24
2.310252525e-24 -6.113049210e-24
-1.226918521e-23 -1.649926603e-02
-3.372593084e-03 6.714527030e-03
-1.355967950e-03 -8.838676149e-04
-1.050129882e-03 -5.459057167e-03
3.015149850e-03 -1.114738174e-02
