-5.607607588e-17 2.037098356e-16
6.727495656e-17 1.343066294e-16
-1.195202399e-16 7.318409001e-17
-1.314463712e-16 2.466431299e-16
4.225210511e-16 -5.100392426e-22
4.262019329e-22 -9.736760585e-23
-2.930948196e-22 -4.047448657e-22
-8.585468329e-22 -3.895186260e-23
-6.481014878e-23 -1.989704608e-22
-8.120188490e-03 -2.610547841e-02
9.096628055e-03 -8.864664473e-03
-1.507696882e-02 -1.679666527e-02
-6.729459856e-04 -1.450007781e-02
6.542719901e-03 -1.891944371e-02
-2.042603679e-02 -3.513391595e-03
-1.337325014e-02 -2.156888507e-02
-6.284519099e-03 4.092049319e-03
-6.049415097e-03 -2.851475962e-03
-1.042720486e-24 -3.780402107e-24
-1.622718042e-24 1.118599242e-24
-2.452702858e-24 -3.310094674e-24
1.318444432e-24 -1.060238227e-24
-3.008050286e-24 -2.361237950e-20
-1.297192876e-20 2.371818430e-20
-1.298118931e-20 -7.900973141e-21
1.237604045e-20 4.259112180e-21
-8.011096406e-21 6.057193614e-21
-8.924483877e-26 -1.964631091e-25
4.149611740e-26 -7.438372854e-26
-4.906512069e-26 4.542791108e-26
1.805885652e-25 -2.091660499e-25
1.255894911e-25 -1.492721149e-13
-1.940009161e-13 -1.067791688e-13
-1.016975404e-13 -1.735573355e-13
-1.081269406e-13 -3.242994049e-14
-1.005729923e-13 -1.018937674e-13
-1.807013739e-08 -4.191631930e-09
-2.132044985e-09 -1.928746940e-08
-8.358274961e-09 8.826480657e-10
-1.727982912e-08 -9.214621066e-09
-5.283489646e-09 -3.649925302e-23
-3.503604542e-23 1.169529364e-23
2.141880617e-25 -1.164739637e-23
2.578663868e-23 -1.649685804e-23
-7.387958479e-24 3.024862844e-23
-1.181123199e-08 -2.948780953e-08
-1.160950802e-08 -9.238307008e-09
-1.446005982e-08 -3.608898069e-09
5.206487241e-09 -8.861225531e-09
5.172366091e-09 1.592608720e-23
1.252884272e-24 -2.399685686e-23
4.557574145e-23 -1.862212505e-23
-4.719607437e-23 4.214165638e-23
-6.410813830e-24 -2.839303195e-23
6.719855126e-03 -6.586908363e-03
1.046064775e-03 -3.005095012e-02
-5.544425920e-03 -1.336496882e-02
9.096550639e-04 -3.502667416e-03
-9.864726104e-03 -1.638355292e-02
-7.673937827e-03 1.783000072e-03
-1.225569192e-02 -8.531477302e-03
1.761128311e-03 -3.565694904e-03
-2.479734365e-03 -2.656706376e-03
-9.230971336e-03 -9.300778620e-03
-5.157822743e-03 -6.075943820e-03
-7.467816584e-03 -5.130473990e-03
-3.440101398e-03 -7.016611751e-03
-5.353805143e-03 -6.461099721e-03
-1.066741347e-02 -1.036273222e-02
-4.385409877e-03 -1.380050462e-02
-1.123556774e-02 -5.613517016e-03
-1.378365606e-02 -1.158804353e-02
-1.780566387e-02 -2.047491632e-02
-7.209191099e-03 -1.482572686e-02
-1.004938874e-02 1.000942383e-02
-1.202933863e-02 -1.817257958e-03
-2.422058210e-02 6.056208232e-24
-2.195070550e-24 1.148104296e-23
8.323350297e-24 -1.584275036e-23
-2.954367709e-23 1.340347726e-23
-7.342068862e-24 -2.867887097e-23
-6.049320454e-20 -1.422397939e-19
1.799876641e-19 2.720757624e-20
-9.557134938e-20 1.710124055e-19
2.591752281e-19 9.720728644e-20
1.997616752e-19 -7.181788053e-09
-7.040904748e-09 -5.037681827e-09
-3.023151507e-09 -4.954272104e-09
-2.041905978e-09 -2.422916090e-09
-3.581859254e-09 -2.264636478e-09
-5.404921786e-18 -3.098948454e-17
-1.697329618e-17 -1.481354591e-19
-2.572720468e-17 -4.355929797e-18
-4.884733541e-18 -8.235987551e-18
5.004801702e-18 -1.961572889e-28
-2.449676060e-29 9.545318064e-29
-1.319993986e-28 2.140907361e-29
2.874964124e-29 -6.293040492e-29
-2.674327061e-28 -9.832089635e-29
-1.968918426e-25 -4.234559980e-25
-1.314851170e-25 9.038434219e-26
-2.806967521e-25 -1.968573793e-25
1.334608931e-25 -1.904657447e-25
-1.271646121e-25 -2.318931312e-19
-2.403999859e-19 -1.425378891e-19
-5.279833104e-20 -1.976387161e-19
-1.626920155e-19 -4.852198176e-20
-1.201425814e-19 -1.412797991e-19
1.146429661e-28 3.996598640e-29
-3.159207610e-29 -7.504435982e-29
2.186749970e-28 8.478918015e-29
-5.186205543e-29 8.124434660e-30
2.856969498e-28 -1.439742622e-29
-1.646281606e-29 -7.998795717e-29
-1.419390147e-28 4.882740373e-29
5.774568791e-30 -1.113587861e-28
2.287023001e-29 3.892504534e-29
2.547410686e-28 1.592190961e-28
1.786930645e-28 4.543152280e-29
2.339105955e-28 1.849722943e-28
6.222480663e-30 1.712436638e-28
4.223679924e-28 -4.509847554e-31
-6.149802461e-29 -9.395715438e-30
-4.870388241e-29 -1.325776711e-28
9.407665231e-29 -7.118844946e-29
-2.071584656e-28 2.442805004e-28
-4.696854430e-29 -1.685243244e-30
1.425849294e-29 4.194192432e-29
-6.209951059e-29 -6.519088093e-29
1.368177864e-28 4.138065116e-29
4.127150810e-29 2.893599301e-29
-1.045544936e-29 -1.431520617e-28
-2.571764070e-29 1.789544914e-29
2.238271094e-29 -1.479961125e-28
2.534750585e-28 2.374653084e-28
-1.949031715e-28 2.710330817e-29
3.259806454e-29 -7.338721747e-29
-1.002797191e-29 7.027565496e-29
4.609591447e-30 -4.017674633e-29
5.514043959e-29 1.144890241e-28
-1.561482497e-30 3.844256678e-29
2.720744681e-29 1.410263646e-28
-6.009763280e-29 -6.182573363e-29
2.556400927e-28 8.236871955e-29
-1.233045952e-28 -1.019602479e-28
4.332502414e-30 -6.636466903e-29
-1.243835132e-28 -2.723618530e-29
-5.311751500e-29 -2.694790669e-29
1.406333666e-28 6.383056953e-30
-4.390848236e-29 -2.799074961e-29
-8.278537042e-29 -9.474967455e-29
8.057587738e-29 -9.560059855e-29
5.740839062e-29 -4.743867583e-29
-2.588353549e-29 1.382508648e-29
5.652108986e-30 -5.058482082e-29
1.116210616e-28 1.307693071e-28
4.625536792e-30 1.542524357e-28
1.885652971e-28 -5.750227368e-29
-8.390570343e-30 -4.483020233e-29
-2.069611540e-29 -1.139682165e-28
2.812857096e-29 7.913844753e-30
7.980968828e-29 4.329791442e-29
-5.961206975e-29 -1.186336885e-29
-9.568583298e-29 5.153831865e-29
6.186554621e-29 -9.268394014e-29
-9.646946980e-29 1.796573295e-28
1.296110528e-28 -1.460007889e-28
-1.303705794e-28 -6.917525082e-29
-1.478468650e-28 -1.689818517e-28
-4.565126539e-29 1.247064917e-29
-2.255443016e-29 5.815235930e-29
3.740822805e-29 1.221045528e-29
-8.217030513e-30 -5.317216326e-29
1.172025510e-28 1.855376029e-28
-5.254409343e-29 -9.178520193e-30
3.656535203e-28 -1.028426729e-28
-1.941827142e-29 -1.152898434e-30
-1.132499169e-28 -3.737397659e-29
8.304913254e-29 -9.709992598e-30
-1.177336744e-28 2.962307273e-28
2.626255850e-28 1.712092017e-28
-1.658746586e-29 1.657040754e-28
2.544345087e-28 1.674242799e-29
-4.021631516e-29 7.535012527e-29
5.388779068e-29 -1.015539008e-28
-2.257587720e-29 5.967971202e-29
-1.546997691e-28 -1.038461065e-28
7.356814656e-29 -6.225439749e-29
-6.130712282e-29 2.245896723e-28
6.366066940e-29 5.679568610e-29
-9.878904177e-29 -9.917156757e-29
1.535264203e-28 4.119295123e-29
-4.227059630e-30 5.535767847e-29
7.962688142e-29 -5.814108057e-29
8.644304842e-29 2.715166632e-30
-8.727697007e-29 1.704900474e-28
1.060463852e-28 -1.545431789e-29
-1.750359161e-29 3.222244260e-28
-8.308927614e-29 -9.158121886e-29
-4.292407637e-29 -1.232572414e-28
1.414132238e-28 1.260163648e-28
-1.582301612e-29 -1.125281987e-28
3.175511329e-28 -1.756784304e-28
2.360518293e-29 8.555917447e-30
-1.125146209e-28 -1.096159519e-28
3.413228441e-29 -7.387815507e-29
4.902108006e-29 1.776119829e-29
-1.055450656e-28 1.696996006e-29
-3.512010893e-29 -9.541250741e-29
-1.458121200e-28 -1.833335314e-31
-6.777783818e-29 5.928485425e-29
1.030204603e-28 5.411180040e-29
1.162756130e-28 8.195651637e-29
4.001114344e-29 2.897124957e-29
4.439700351e-29 9.420388406e-30
3.230951209e-29 2.594635691e-28
5.175214805e-17 6.879798136e-17
1.189065182e-17 3.093982062e-17
-1.452409049e-17 -4.966451955e-17
1.857173338e-17 2.120402640e-18
-4.182439582e-17 -6.732875572e-22
-4.879714330e-22 4.213252831e-22
-7.740409730e-22 3.960629782e-22
1.634402060e-21 -5.921055154e-22
8.030551509e-22 1.404944157e-21
1.053239964e-02 1.360197924e-02
2.314490825e-02 6.521624746e-04
1.836450212e-02 -3.026703838e-03
1.577999257e-02 3.231870010e-03
-3.456255421e-02 1.600086130e-02
4.227467813e-03 -3.873576643e-04
8.712504059e-03 -8.027030854e-04
-6.817384157e-03 1.264881808e-02
-4.389578477e-03 -2.534316853e-03
2.916282688e-25 -8.353002592e-25
-9.333140573e-25 -3.365428040e-25
-7.074205324e-25 -1.355921635e-24
1.708159172e-24 -8.808111240e-25
1.626620093e-25 -2.221731516e-20
-1.592135917e-20 -8.085919901e-21
-1.035890075e-20 -1.046274342e-20
-5.315453327e-21 5.151609567e-22
-4.441302345e-21 -4.888084485e-21
3.366892363e-25 -3.523946434e-26
1.730916873e-25 -1.244713794e-25
-3.998582625e-27 4.004754444e-25
4.709566657e-25 4.627294874e-25
7.711671002e-25 2.912036592e-14
1.305973694e-14 -1.583698349e-14
3.538438124e-14 4.545711155e-15
-1.787854295e-14 6.748020789e-14
3.219671505e-14 8.288732385e-15
-1.013449058e-08 -4.847430013e-09
-1.161513463e-08 -1.319540033e-08
-6.765119132e-09 -1.015794915e-08
-7.197267227e-09 3.000977022e-09
-5.548697057e-10 -2.049110062e-23
-2.043098153e-23 -1.350172200e-23
-2.821213984e-23 9.803171511e-25
-3.692360102e-24 -3.717842440e-23
-3.840793748e-24 7.694639989e-24
1.454662168e-08 4.766802508e-10
-5.682979420e-09 1.169983932e-08
3.636242418e-09 2.416225553e-10
1.392773719e-08 1.449545484e-09
4.350749094e-09 -2.907629081e-24
-1.200489867e-23 -1.578330969e-23
1.418975228e-23 -2.581609041e-24
8.108280190e-25 1.696589896e-23
-2.139206813e-23 1.648544796e-23
3.091568826e-03 -3.904653480e-03
2.788832644e-03 3.919795156e-03
1.874897163e-03 -5.831748131e-04
9.130015038e-03 -3.036583308e-03
-8.678006008e-03 1.086942572e-02
5.548734218e-03 7.848177105e-03
3.077631118e-03 -2.624357119e-03
1.628863538e-04 4.493743181e-03
-2.696557902e-03 -1.817881246e-03
4.413838498e-03 9.939379524e-04
1.349553699e-03 3.918244038e-03
-2.526747063e-03 -3.514054231e-03
6.836490706e-03 2.239116933e-03
1.581522054e-03 1.954063773e-03
1.777182100e-03 2.353575655e-05
1.138150576e-03 -1.841002377e-03
-4.759833682e-03 7.574279327e-03
2.123071579e-03 -2.027475275e-03
-1.568824425e-02 -1.898430102e-02
1.973357797e-02 -2.107750252e-02
-1.069538854e-02 2.861309983e-02
1.497885771e-02 1.532777306e-02
1.070070080e-02 8.791361751e-24
-1.735680478e-23 8.544215573e-24
1.340962722e-23 -1.475816443e-23
-6.228887517e-24 1.148193911e-23
-1.531433188e-23 -3.080188657e-24
-1.061394089e-19 -9.411262929e-20
-2.110029014e-20 -8.549862242e-20
-1.389743562e-19 -5.913364919e-20
-5.946523875e-20 -5.039616300e-20
3.609310514e-20 3.067453846e-09
-7.104654087e-10 5.459268454e-11
9.993054162e-10 -1.731416011e-09
-1.022560037e-09 1.347135958e-09
2.879124716e-10 -4.080074612e-10
-1.335135683e-19 -8.236416754e-19
1.217278162e-18 1.777263100e-18
8.423093324e-19 2.921325012e-20
1.999113819e-19 1.798426309e-18
1.172945211e-18 -1.584337380e-28
-6.330984321e-29 1.755610089e-28
-1.154783927e-30 -6.964654393e-29
-1.651338677e-28 -4.660190140e-29
-1.018078106e-28 -2.126198973e-28
1.026674303e-25 -1.454370712e-25
-1.526679428e-25 1.151476598e-25
-2.095712779e-25 -3.426405509e-25
-2.909099617e-25 -3.617685543e-25
-3.685530786e-25 -3.107744380e-20
-1.448315963e-19 -9.687818973e-21
3.506051232e-20 -4.410207786e-20
-7.328073826e-20 2.082280658e-20
-5.621463867e-20 -1.231871619e-20
-3.009481592e-16 -4.102911394e-16
-3.244787345e-16 -3.249790927e-16
-8.495458293e-16 3.229335346e-16
-5.193243174e-16 -3.318874934e-16
5.191416759e-16 -2.819633990e-22
-3.257986072e-23 1.603826922e-22
-6.957550605e-23 7.630293835e-22
7.076182789e-22 -5.266874641e-23
4.154387904e-22 1.938241897e-21
3.276612610e-02 -2.352263220e-02
1.297364198e-02 -3.820252046e-02
7.359520067e-03 -1.366276108e-02
-2.058959566e-02 2.764535695e-02
-5.844746158e-02 -1.372299530e-02
-1.325730421e-02 1.031735167e-02
-2.423018776e-02 -2.969495952e-02
7.958265021e-03 -5.405651871e-03
-1.002003159e-02 2.285857918e-03
-3.982497227e-25 -9.450253877e-25
1.774762162e-26 -2.635727019e-25
-2.647613822e-24 -1.427505931e-24
1.316635869e-24 -2.187116071e-24
9.523926953e-26 -1.792380349e-20
2.449926575e-20 1.113810973e-20
-3.226011174e-20 -1.359934000e-21
-1.338759207e-21 -1.580349563e-20
-7.413735992e-22 1.732631737e-20
-3.869310355e-26 -1.615443906e-25
1.668495419e-25 -1.693475439e-25
1.043309223e-25 1.392542013e-25
-1.807255189e-25 8.202952250e-26
2.599966968e-25 -5.118039374e-14
-5.416099427e-14 -4.626176151e-14
-8.009731929e-14 -8.052078833e-14
-5.937585086e-14 -5.908560316e-14
-6.975771008e-14 -7.565822290e-14
-1.608181321e-08 1.034922259e-09
-3.467820164e-08 -2.709338354e-08
-4.821316235e-09 -1.721205933e-08
-1.105227376e-08 -9.628677411e-09
-3.589614606e-09 -3.961575216e-23
-4.057353421e-24 -1.477617413e-23
-3.694474802e-23 -7.654096729e-26
3.400982257e-23 -1.242806653e-23
3.434666618e-23 1.819404179e-23
-2.382074804e-08 -3.168539919e-08
5.165828876e-10 -1.256373316e-08
-3.102063317e-08 1.352615353e-09
6.820141341e-09 -8.114187544e-09
-1.986053988e-09 9.824106104e-24
-1.183840326e-23 -9.016898661e-24
8.932022750e-24 -5.346051032e-23
-3.834076361e-23 5.434638850e-23
-2.691838271e-23 -2.038745061e-23
6.880983245e-03 -2.835213952e-02
7.350713946e-03 2.414919436e-03
9.077593684e-03 8.879621513e-03
1.100190077e-02 3.457539901e-02
-3.210794646e-03 -1.764428243e-02
6.578362547e-03 2.020846820e-03
-3.041980788e-02 -1.116914395e-02
1.106802840e-03 -6.896038074e-03
-1.116554067e-02 -3.088988364e-03
-6.790912244e-03 -9.381623007e-03
2.509739716e-03 -1.011276525e-02
-1.565659419e-02 -5.110472557e-04
1.497739577e-03 -8.484598249e-03
-3.625242098e-04 4.256990738e-03
-1.140111312e-02 3.644479671e-03
1.298086019e-03 -2.370822430e-02
-9.374969639e-03 8.274817839e-03
-2.058464848e-02 -9.327987209e-03
-2.506285347e-02 -4.761338979e-02
1.952790772e-03 -7.276762277e-03
-6.231609359e-02 4.200617317e-03
3.184150439e-03 -3.918287344e-03
-5.128533393e-02 -2.451732362e-24
-1.087363900e-23 8.798240618e-24
-1.786347594e-23 -3.230275597e-23
4.102979558e-24 7.428242647e-25
-2.401035427e-23 -6.710009839e-24
-4.173858374e-20 9.970481290e-21
8.579504389e-20 -3.261313369e-19
-1.727364438e-19 5.586569123e-20
-1.429520222e-19 -2.628889200e-20
1.375745081e-19 -1.674015815e-09
-3.665832082e-09 1.329097055e-09
-5.365226485e-09 -6.868028368e-09
-2.190640336e-09 -2.048528458e-09
-3.495169043e-09 1.059187738e-09
-2.265961034e-17 -7.188063865e-18
-1.142346249e-18 -1.203527691e-17
-2.144838135e-17 -8.140609490e-18
-4.253572814e-18 -1.605869519e-18
5.582203548e-18 -8.154658218e-29
7.704239779e-29 -1.407882234e-28
-1.022725375e-28 1.555180456e-29
-6.670785770e-29 1.224586907e-29
-1.382666996e-28 -4.690744116e-29
-2.242841255e-25 -1.641586510e-25
-1.491251069e-25 2.991480345e-27
-1.580863696e-25 -7.862656761e-26
7.798514974e-26 -6.524012806e-26
1.252506815e-26 -1.114786400e-19
-7.327894173e-20 9.429823440e-20
-1.626202834e-19 -2.475139201e-19
3.440805099e-20 2.134449582e-20
-1.846512567e-19 6.282182782e-20
-6.656238348e-17 1.391215749e-16
1.885792332e-16 -1.486723479e-16
-4.269390161e-16 -9.168362045e-17
-1.160191483e-16 -3.379970494e-17
2.897824915e-16 3.005289943e-22
-7.255866876e-23 2.251638740e-22
9.761643151e-23 3.243250024e-22
5.252551451e-23 4.842644684e-22
2.721940446e-22 4.116087382e-22
-4.952211864e-03 -2.393532544e-03
1.121720648e-03 -5.515243392e-03
-1.419932768e-02 8.337968029e-03
-5.782629829e-03 -3.327315440e-03
-1.087308209e-02 -1.883412478e-03
-3.828056389e-03 3.437733278e-03
-3.664137097e-03 -7.497909013e-03
1.163881388e-03 2.687379019e-03
-9.747032076e-03 -3.798864782e-03
-1.307539317e-24 -1.658752419e-24
-1.251792489e-24 -1.494518087e-24
-7.695425891e-25 -1.385778246e-24
1.423061193e-24 4.918649310e-25
-9.824988445e-25 -2.632321152e-21
7.661707917e-21 1.364134729e-20
-1.047267201e-20 4.781584174e-21
-9.227052715e-21 -6.431132969e-21
2.338006614e-21 -5.192234112e-21
-2.070241200e-25 -2.058082388e-25
2.160147678e-25 -3.033690829e-25
-6.835209189e-26 2.280922529e-25
3.444067180e-26 1.712408347e-25
3.728273735e-25 -5.228716765e-14
-3.878652635e-14 -7.272905253e-15
-5.003170865e-14 -6.558083476e-14
-4.702100458e-14 7.110421464e-15
-4.990400318e-14 -5.916020983e-14
-5.278823600e-09 4.495970263e-09
8.604869706e-09 -8.330754753e-09
-1.934521654e-09 -3.097911039e-09
-2.304849422e-09 -4.223785321e-09
-5.584984919e-09 1.742590426e-23
1.369780127e-23 8.657454979e-24
9.264543201e-25 -1.570333024e-23
-1.467186620e-23 4.973687938e-24
8.707703840e-24 3.277961608e-23
-1.715212639e-09 -1.382813064e-08
7.217122899e-09 -2.213442069e-10
-1.577111597e-08 -2.404111132e-09
4.189830705e-09 -4.631156791e-09
-2.769592999e-09 -3.277449164e-23
-2.129727387e-23 -1.145088165e-23
-1.675847903e-23 -2.212560937e-23
-2.290811206e-23 5.400662295e-23
-5.893622816e-24 -4.049579907e-23
7.110721897e-03 -7.382110693e-03
1.886475249e-03 1.491466630e-02
-1.033008564e-03 7.870925590e-03
9.952223860e-03 6.588761695e-03
3.543885658e-03 -3.435141174e-03
2.484084340e-03 -3.784158500e-03
-5.944253411e-03 1.132852864e-03
1.305619371e-03 -4.741893150e-03
-5.965231452e-03 -2.729591215e-03
-5.775234895e-04 -1.727623167e-03
2.521632006e-03 -9.350923938e-04
-2.759816125e-03 2.182212193e-03
2.453088760e-03 -2.685541287e-03
-1.059863018e-03 -3.112932201e-03
-3.359990893e-03 5.427967990e-04
2.853558399e-04 -3.254873911e-03
8.635918493e-04 3.088848433e-03
-4.242313094e-03 -3.259207821e-03
-2.202785574e-02 -3.198360791e-03
-7.935911417e-03 -1.385483425e-02
-1.944086701e-02 -5.038678646e-03
-5.015901756e-03 -1.108086202e-02
-6.965996232e-03 -1.474481059e-23
-8.174575864e-24 8.077250938e-24
-1.648164880e-23 -6.408814462e-24
8.964795976e-24 -3.780529114e-25
-5.869608707e-24 -1.158288569e-23
3.276229116e-20 5.178990094e-20
1.366868658e-19 -4.029231984e-20
-1.244848532e-19 9.000111190e-21
9.582946850e-20 -2.448547994e-20
9.271608992e-20 -1.877748845e-09
-3.088080680e-09 4.917554697e-10
-1.296523333e-09 -3.764625056e-09
-1.774118852e-09 2.281197231e-09
-2.630283769e-09 -7.726108087e-10
-3.096137240e-18 4.704559542e-18
6.414664468e-18 -2.737063306e-18
-7.651436383e-18 -8.783726700e-18
-3.278947670e-18 -1.071764933e-17
-6.390198947e-18 1.048964064e-29
1.514228956e-28 2.370740076e-28
-9.042430673e-29 -4.224859556e-29
-1.238334210e-29 -1.234352937e-28
-1.019839369e-28 9.526454183e-29
-1.502910310e-25 -9.781074654e-26
2.225436549e-26 -8.603156795e-27
-2.353559115e-25 -2.685886493e-25
9.294385378e-27 -2.107214618e-25
-1.412564042e-25 -8.929245399e-20
-7.433618195e-20 -1.993461979e-20
-7.016237075e-20 -3.462959323e-20
-1.747013047e-20 1.620686896e-20
-3.583903791e-20 2.867604155e-20
5.622676834e-17 -9.845205559e-17
2.708529462e-16 -4.055015122e-16
1.775631329e-16 1.017823046e-16
-6.404558389e-17 -3.672637980e-16
-5.284279628e-16 4.431019714e-23
-2.172480524e-22 -2.290443376e-22
-8.480627073e-23 -1.230250039e-22
-6.041734843e-23 -5.351829912e-23
-9.727320760e-23 5.358608436e-23
-1.188746467e-02 3.937289119e-02
1.254850440e-02 1.740437746e-02
-6.172678992e-02 -2.324225381e-02
1.180812158e-02 -4.144693725e-03
-1.912168576e-03 -6.331203971e-03
-2.821851056e-03 5.390597507e-03
1.092562452e-03 -1.400075201e-02
-1.293915440e-03 4.127855878e-03
-1.158893388e-02 -1.732622460e-02
4.177548509e-25 -5.321427883e-25
-1.150477900e-24 -9.393209620e-26
-7.627674572e-25 -1.650847934e-24
1.122059851e-25 2.873352138e-25
9.313633892e-26 -2.376294212e-21
-4.675378303e-21 9.893728784e-21
-1.429602682e-20 -2.059608801e-20
-2.009960435e-21 5.785597261e-22
-1.637360563e-20 -1.637360563e-20
-3.504463419e-26 -2.378157555e-26
-1.013841324e-25 1.009558918e-26
-1.424379083e-25 -1.552674737e-25
-4.942124208e-26 -1.161847160e-25
-1.767473180e-25 -7.014669471e-14
-4.592285008e-14 1.111567435e-14
-7.575347684e-14 -8.624204866e-14
-4.219397049e-14 -8.950579535e-14
-1.227758807e-13 -1.200146617e-13
-5.868153075e-09 5.976659612e-09
-2.566912238e-09 -8.918628502e-09
-1.789242310e-09 -8.303475241e-09
1.676075279e-09 -3.386519065e-09
-7.092209486e-09 -2.101633210e-23
-2.425923357e-23 -7.096647135e-24
-3.623625863e-24 -1.433482696e-23
-1.981718937e-23 1.186188844e-23
-1.050431404e-23 -2.874381316e-23
-1.092005153e-08 -1.868314037e-08
1.557297846e-09 -8.593998402e-09
-1.313489406e-08 -9.327185246e-09
1.120612758e-08 -4.070684234e-09
-4.596062908e-08 -1.602625656e-24
-8.874414604e-24 -7.365245596e-24
-2.691449639e-24 -1.351476187e-23
-3.124118270e-23 -1.363487541e-23
-9.824608609e-24 -2.322968489e-23
-2.914198861e-02 -1.834563352e-02
8.448039182e-03 2.530597895e-02
-1.770223118e-02 4.916803911e-03
-2.575526945e-03 -1.773184282e-03
2.013944834e-02 1.837451127e-03
3.986801952e-03 1.280252822e-02
-1.301402575e-03 -2.491921186e-04
5.473933183e-03 5.052054767e-03
-5.786770955e-03 -9.090748616e-03
1.106166746e-03 -1.599668758e-03
4.122978076e-03 2.219248796e-03
-4.080752376e-03 4.667011672e-05
3.855098737e-03 -1.686597127e-03
-4.508148879e-03 2.689233748e-03
5.216730293e-03 6.038126536e-03
4.332016688e-03 1.043192693e-03
-6.162329810e-04 -3.194657154e-03
-3.354054206e-05 -2.380163874e-03
-4.310191423e-02 1.157515310e-02
-6.729640067e-03 1.065945253e-02
1.928970590e-02 -1.721533947e-02
-1.056520175e-02 -3.578507155e-02
7.158685476e-03 -7.535604052e-24
-5.737950977e-24 -1.358300307e-23
2.773975386e-25 -9.260069768e-24
-1.579252516e-23 -3.946440761e-24
-7.442583152e-24 -1.292369364e-23
-2.524223873e-20 -9.267067900e-20
-1.443154227e-19 -2.786588599e-20
-5.177815885e-20 -1.863731883e-19
-1.213174106e-19 -2.173827031e-19
-3.087981290e-19 -4.905159959e-11
-1.311925346e-09 3.894069511e-09
-1.495820134e-09 -5.821537474e-09
-1.256817539e-09 -1.297245200e-09
-3.790843195e-09 -6.540879838e-09
-1.221883387e-18 -1.172724726e-17
-6.454963467e-18 3.538781644e-18
-1.720603503e-17 -1.517137752e-17
1.063072505e-17 3.792508958e-18
-2.209910945e-17 -8.282125892e-29
-3.233892766e-29 -4.479244508e-29
-3.678133184e-29 1.334637252e-29
4.959668635e-29 7.516471841e-29
-2.666283656e-28 -1.281297479e-28
-9.347513003e-26 -1.333373008e-25
-9.088875094e-26 -9.282862770e-26
-4.170888489e-26 -5.257658709e-26
9.905547044e-26 1.150058620e-25
2.630283201e-26 -6.366614012e-20
-7.129278414e-20 -1.801638956e-20
-4.886310328e-20 -1.245188580e-19
-8.057619338e-20 2.792269973e-20
-2.794993530e-20 -1.642765833e-19
-3.226541196e-16 -1.587345434e-16
-1.348514966e-16 -9.906463247e-17
-3.003961319e-16 -5.606177559e-16
1.837109907e-16 8.762939651e-17
1.166141890e-16 -1.491129496e-22
-2.023359591e-23 7.823659294e-23
-3.574786175e-22 2.778213294e-24
4.761724468e-22 -3.238101350e-22
1.592449780e-22 4.216078594e-22
1.168337744e-02 -1.512674708e-02
-1.719526201e-02 -2.301198256e-04
-2.354582772e-02 2.305431105e-02
3.303193301e-02 -2.387178503e-02
-7.985325065e-04 -7.687638281e-04
-1.587433368e-02 -1.947240788e-03
4.019365646e-03 -8.767100982e-03
-4.723809194e-03 -2.559748944e-03
-1.408491097e-02 -2.217761707e-03
2.276557170e-25 -6.251255767e-25
-8.397922305e-25 1.049355497e-24
5.470822854e-25 -5.613307897e-25
2.530083999e-25 5.390237755e-25
4.103104938e-25 -7.456688294e-21
6.675529701e-21 -1.548561270e-21
-4.778584029e-21 1.088284838e-21
5.487129251e-21 -2.045911490e-21
2.667197639e-21 7.395110191e-21
3.388966170e-26 9.477273843e-26
1.143064752e-25 7.650059980e-26
-2.111947968e-26 -4.556258135e-26
6.976328393e-26 3.300815586e-26
1.060019901e-26 -6.017097763e-14
-8.255855309e-14 -4.044025314e-14
-2.429745858e-14 -5.576998417e-14
-6.240164906e-14 3.288083645e-14
-4.693855524e-15 -3.237017045e-14
-2.753167294e-08 -2.699299806e-08
1.616063017e-08 -1.105621106e-08
-2.149545253e-08 -7.625808429e-09
4.240085713e-11 -8.260837348e-09
-1.500283098e-08 -1.125834910e-23
-2.722265504e-24 4.424324415e-24
1.383754719e-24 2.535135470e-24
-1.916489646e-24 -8.309486856e-24
5.335086024e-24 -4.307098107e-24
9.832445969e-10 -2.113752195e-08
-1.890806622e-08 -2.496563845e-09
-8.645400840e-09 -1.174878328e-08
-5.225841093e-09 5.326938890e-09
1.159584517e-08 7.218311574e-24
-7.020279877e-24 -1.918715141e-23
1.373036702e-23 4.283083603e-24
-6.911899855e-24 2.102028114e-23
-7.901857182e-24 8.257640550e-24
-2.647150541e-03 -7.245133165e-03
6.778161041e-04 -2.021473460e-02
-1.368393563e-02 1.816845499e-02
-3.793562297e-03 3.749988740e-03
1.846035570e-02 -1.007199474e-02
-9.600861929e-03 7.810825482e-03
-5.757493898e-03 -8.730326779e-03
3.547207220e-03 -1.027197950e-02
-5.128828809e-03 -5.041869357e-03
-2.238374509e-05 -6.585589144e-03
8.042867994e-04 2.537033753e-03
-7.012056652e-03 -2.529382473e-03
2.234199550e-03 -4.930056632e-03
-8.909902535e-04 -2.402017592e-03
-5.621339194e-03 -1.038044877e-02
4.194993526e-03 -5.562108476e-03
-7.730609272e-03 4.711906426e-03
-4.802803975e-03 -2.746444661e-03
-4.802097008e-02 1.111073140e-02
1.927903737e-03 -2.871233597e-02
-3.383557126e-02 -3.607093170e-02
5.377325695e-03 -1.139164995e-02
-1.929802448e-02 5.892930590e-24
-1.811744024e-23 1.645978986e-24
1.618768294e-23 -8.185420334e-24
-1.248998896e-23 1.538229067e-23
-2.622044867e-24 1.611983026e-24
-2.541611177e-19 -1.530567055e-19
-8.506665320e-20 -1.718337959e-19
-2.094004102e-19 -1.189394085e-19
-4.182898231e-20 6.994066696e-20
1.318371059e-19 -4.149953436e-10
-4.415875665e-09 -1.535230970e-10
1.433300478e-09 -2.041860236e-09
-1.820464113e-09 6.601878488e-10
-2.922882159e-09 1.168095176e-09
1.312317079e-17 -6.157158181e-18
6.301595910e-18 9.862477752e-18
9.363382613e-19 -2.391298708e-18
-5.369574704e-18 1.133601605e-18
2.040231716e-17 -1.108110757e-28
2.721248132e-29 1.366230027e-28
1.485820646e-28 2.480739655e-29
-2.915802565e-29 3.746844045e-29
2.465905812e-28 2.361685286e-29
-1.149101171e-26 -1.178731002e-25
-1.455981714e-25 -1.488726899e-26
-9.702844921e-26 -1.688699502e-25
-1.276089257e-25 -9.007027078e-26
-1.108477022e-25 -4.603469327e-21
-9.702799505e-20 -2.904638259e-20
3.627247086e-20 -2.109346913e-20
-6.090155388e-20 5.082989321e-20
3.858527351e-21 -2.449912479e-21
-1.244082156e-16 -1.341148161e-16
1.269130508e-16 -6.646541144e-17
-2.505311700e-17 2.503728807e-16
-6.529929853e-17 6.280575133e-16
9.539191878e-16 1.019068819e-22
4.034513863e-22 4.577347417e-23
2.007122783e-22 3.960076948e-22
-4.995415613e-22 5.725929210e-23
3.419788765e-22 -2.090609825e-23
4.382478073e-02 -2.034629509e-02
-1.823760197e-02 -1.978436299e-02
4.721061140e-02 2.834275737e-02
-4.042408429e-03 -4.411588982e-02
-3.084677458e-02 -6.549681537e-03
-1.537137851e-02 -3.799326441e-05
-8.213553578e-03 -1.625623181e-02
-8.924563415e-03 1.420681365e-03
-5.411803257e-03 1.104192529e-02
5.838031689e-25 -1.350326935e-24
1.447075203e-24 1.964399338e-24
-2.047305661e-24 -8.718972916e-25
1.766448893e-24 -1.656127879e-24
-6.308888465e-25 -1.589815934e-20
-1.426482357e-21 -1.533494406e-21
-1.910182501e-20 -4.519832805e-21
-4.348359334e-22 -7.074489957e-22
6.098781654e-21 9.280715249e-21
8.970838084e-26 -3.484947740e-26
-1.423377322e-26 1.968507171e-26
2.155839511e-25 1.233888773e-25
4.075700711e-26 -1.138880091e-25
-1.430416519e-26 -2.610912822e-14
-8.719309725e-14 -9.841783557e-14
-3.411070119e-14 -1.125315525e-13
-7.911995169e-14 -6.209302498e-15
-3.554531412e-14 -4.460137704e-14
-2.504448204e-08 -8.224898096e-09
-1.345669975e-08 -2.123021936e-08
1.018169726e-08 1.118567017e-08
-5.465224717e-09 1.409264883e-08
1.666295901e-08 -4.888042808e-23
-4.276718284e-24 -6.018929821e-24
-2.962415668e-23 -2.396555091e-24
1.058067814e-23 -1.394715705e-23
4.219077796e-24 -5.942917649e-25
-4.999363590e-09 -2.242297903e-08
1.040217157e-08 -7.735379448e-09
-1.989589649e-08 1.464868316e-08
1.115254999e-08 6.538549258e-09
1.094119106e-08 1.112085144e-23
-1.837579495e-24 4.519259880e-24
2.136540778e-23 -2.717947674e-23
-2.529863670e-23 -2.846308359e-24
-3.097421324e-23 -5.543174120e-24
3.570486978e-02 3.898281977e-02
-1.320898999e-02 -5.600422993e-02
1.610558480e-02 -1.672912762e-02
2.049539797e-02 3.670695052e-02
-4.726375639e-02 -1.252288464e-02
-1.215445157e-02 -2.812588820e-03
-1.369097922e-02 -9.086542763e-03
2.683148952e-03 1.296002097e-06
3.403945593e-03 1.136426721e-02
-5.562582985e-03 -9.034080431e-03
-4.058611114e-03 -3.283941885e-03
-4.610619973e-03 -4.297171719e-03
-5.123609211e-03 -5.178635474e-03
1.420479384e-03 -3.416852793e-03
-4.473641515e-03 -1.068326924e-02
2.339823637e-03 -9.868683293e-03
-1.161999255e-02 5.183544476e-03
-7.374477573e-03 -3.520488739e-03
-4.137657955e-02 -1.457960997e-02
-1.593967609e-04 -2.889000811e-02
-4.811733589e-02 3.213420510e-02
1.005550940e-02 2.959986404e-02
-4.671768472e-02 2.684062627e-23
8.144187167e-25 9.428389809e-24
3.984397198e-24 -2.563393572e-23
-1.513646268e-23 -1.190200438e-23
-2.255799981e-23 -7.676896929e-24
-5.706715815e-20 -3.289279505e-20
1.342718086e-19 8.884560844e-20
1.014207377e-19 2.780975533e-19
2.157313404e-19 2.992183694e-19
3.684817176e-19 -1.015286633e-09
-5.759063892e-09 -3.257206505e-09
3.863030784e-09 -5.943647796e-09
-2.488310002e-09 3.870774812e-09
-2.379636488e-09 3.759306644e-09
-2.535597884e-18 -1.760161596e-17
-7.980701416e-18 4.049682719e-18
-2.936270152e-17 -3.513762326e-18
-1.628601001e-17 -1.473630223e-18
1.124912032e-17 -3.611894735e-29
3.771848032e-29 1.512236732e-29
-4.600372562e-29 -5.239753618e-29
-5.177123580e-29 1.008478549e-28
-9.385632592e-29 -4.239913407e-29
-4.676487008e-26 -1.797895108e-25
-1.275995210e-25 -1.092169542e-25
-2.617294051e-25 -1.121402508e-25
-2.088915510e-25 -1.654805231e-25
-4.642995857e-26 -8.931715309e-20
-7.728144253e-20 -1.787433098e-20
-5.744219408e-20 -1.275177755e-19
-5.325245966e-20 -3.023192264e-21
-3.035741216e-20 -9.004632410e-21
8.361510223e-17 -2.863991242e-16
-5.373297497e-16 -7.538407942e-17
2.236078836e-16 1.906176179e-16
-1.711965951e-16 8.928216955e-17
-7.704464781e-17 -1.350351650e-22
-2.211271023e-22 -4.269051676e-22
-1.825800579e-23 -2.268075824e-22
-4.233277024e-22 -1.900340677e-22
-5.284394169e-22 -7.912419272e-22
3.479971085e-03 5.192078277e-02
1.435264666e-02 2.061267942e-02
1.371371839e-02 -3.957176954e-02
3.555350751e-02 -3.760232776e-02
-9.757557511e-02 -1.112242602e-02
-1.742192917e-02 -4.920705105e-04
-6.554214749e-03 -2.329333313e-02
-3.265028587e-03 -1.209819317e-02
-5.130446050e-03 1.229834626e-03
5.459966649e-25 -4.994747270e-25
-4.152553451e-25 -5.494363450e-25
-1.981453722e-24 -1.603841981e-24
-1.042679071e-24 -1.663698183e-24
-9.474659262e-25 -1.106031033e-20
-1.318336307e-20 -1.029495096e-20
-2.690905774e-20 -1.945218770e-20
-4.370583654e-21 -1.305763324e-20
-5.077299223e-21 -2.870248871e-21
7.802157909e-26 -6.085391352e-26
-1.982351865e-25 1.317510987e-25
6.385146786e-26 -7.842543273e-26
-3.500794907e-26 -4.664916637e-26
-1.896782397e-25 -7.345750934e-14
-1.098832803e-13 -8.767068153e-14
-7.820353658e-14 -9.027308523e-14
-7.045971743e-14 -1.260626396e-13
-7.688138591e-14 -6.447805885e-14
2.228796481e-09 4.940790443e-09
4.087252481e-10 -1.672288086e-08
1.401359695e-09 1.812505879e-08
-1.426868756e-08 1.416120465e-08
3.229445866e-08 -4.576479354e-23
-3.288982942e-23 1.868286892e-24
-4.255622171e-23 -2.492708322e-23
2.990026392e-24 -1.809916865e-23
-5.055093256e-24 -3.223513482e-23
-1.014586992e-08 -1.216140522e-08
9.852473282e-10 -1.413853212e-08
-2.172208546e-08 -1.091540192e-08
-4.303332091e-08 -9.437347792e-09
-1.588432674e-08 1.184053082e-23
1.014800924e-24 -7.242205382e-24
-3.962719301e-24 -3.043080482e-23
-4.204931547e-23 -1.617756659e-23
-2.269049847e-23 -4.188177404e-23
-1.226790622e-02 -1.598676853e-02
1.546022668e-02 1.622825675e-02
-2.082150243e-02 7.298088633e-03
3.398505598e-02 -1.955211721e-02
-1.203591656e-02 -5.008504260e-03
-4.288078286e-03 6.019629072e-03
-1.736307284e-03 -1.750118216e-03
6.989789661e-03 5.538001657e-03
1.116569713e-02 7.057810202e-03
-1.943241572e-03 -6.006482523e-03
1.224199194e-03 2.460961463e-03
-7.420318201e-03 2.919201041e-03
-3.071224783e-03 -1.636721310e-03
3.598375479e-03 3.376878100e-03
-1.911158906e-04 1.350266160e-03
5.933525041e-03 -1.165449969e-03
6.589511177e-04 -7.219845895e-03
6.144259125e-03 1.202824339e-02
-9.849976748e-02 -4.110228270e-02
2.225723304e-02 -3.689111024e-02
7.667521946e-03 2.493698709e-02
2.495943010e-02 1.388810668e-02
-8.030789904e-03 3.870032483e-24
1.059279978e-23 -4.054232688e-24
-3.100642243e-24 -1.332034079e-23
-2.047332285e-23 -7.717083870e-24
-2.109758477e-23 -1.456011144e-23
-1.512710099e-20 -1.482922744e-19
-2.867808559e-19 3.569147341e-20
2.921520175e-20 -1.275305968e-19
-5.844970653e-20 -3.118424704e-20
-1.287130644e-19 2.161584911e-09
3.675004398e-11 -9.171764459e-10
2.070894789e-09 -4.010673571e-09
2.862709236e-10 3.715856511e-09
1.474294908e-09 2.700797586e-09
-8.824318314e-19 -7.112695304e-18
-9.382989275e-18 -5.493614573e-18
-1.845410334e-17 -8.973052626e-18
-1.073573563e-17 -1.142718997e-17
-9.836661445e-18 5.362640211e-30
4.867629346e-29 -6.896026889e-30
1.720294191e-29 6.446085718e-29
-5.287727931e-29 -3.701124875e-29
-6.391656531e-29 -4.594298058e-29
-1.803891683e-25 -2.544602984e-25
-1.848085150e-25 -2.017181183e-25
-1.532861633e-25 -1.159969579e-26
-1.185733129e-25 2.444585960e-26
5.999836922e-26 -2.122960173e-20
-7.286003291e-20 -7.086101525e-20
-8.261801118e-20 -2.081207618e-19
-1.512886974e-19 -1.394465342e-19
-1.049079114e-19 -7.386133504e-20
1.704968532e-16 -3.259211522e-16
-6.261138506e-17 -2.734253323e-16
9.267162483e-17 -3.834620590e-16
1.550205819e-16 -2.349179969e-16
-5.584755566e-16 6.768523502e-22
-5.079436746e-22 -4.203398254e-22
6.585222520e-22 -1.747073996e-23
1.123347143e-22 9.471222053e-22
2.612355171e-22 -1.760782474e-22
-2.053104900e-02 6.040532514e-02
-3.850786714e-03 2.993555041e-03
-7.128822803e-02 -2.236418054e-02
2.305508777e-02 -3.603689373e-02
-5.686320364e-03 -5.940238480e-04
1.083633280e-03 -6.036614534e-03
-3.791092429e-03 -2.325025387e-02
-1.276784390e-02 3.888510400e-03
-1.606584899e-02 -1.460384391e-02
9.808727064e-25 8.540853054e-25
1.575876985e-25 -7.413671646e-26
-1.710174712e-24 -1.990261946e-24
-5.927909570e-25 3.296216835e-25
-1.655411002e-24 3.603868813e-21
-1.448564505e-20 -4.028823967e-21
-1.568729614e-20 -3.028751217e-20
1.393602715e-20 -1.094161637e-21
-2.711898714e-20 -7.160515630e-21
6.812989196e-26 2.133104786e-25
2.618295211e-27 7.531057231e-26
-3.998225634e-25 -2.156544555e-25
-1.578198455e-25 -3.286033627e-25
-4.266006934e-25 -1.180387710e-13
-9.686144302e-14 -3.957038419e-14
-1.139701533e-13 -1.245150765e-13
-8.048226527e-14 -6.237835227e-14
-5.049375834e-14 -5.161860455e-14
7.207130004e-09 -3.219439382e-09
3.352220168e-10 -2.413099764e-08
-2.011336697e-08 -9.327663086e-09
4.162356293e-10 -3.965478612e-09
7.843423133e-10 -3.493147401e-23
-3.097591086e-23 1.994947977e-23
-1.945934629e-23 -3.564550673e-23
-3.114771215e-23 2.459324201e-23
-3.132068095e-23 -3.651160974e-23
2.826915591e-09 -1.886156653e-08
-2.555688461e-08 6.378986228e-11
-2.987805559e-08 -1.180286180e-08
2.014639788e-09 4.712094714e-09
1.562644236e-09 1.609882407e-23
-5.747853548e-24 1.220977058e-23
-9.279889110e-24 -1.368414135e-23
-3.316694363e-23 -4.562399449e-23
-1.606754889e-23 -4.698356786e-23
-2.783829533e-02 1.398095582e-02
6.471428555e-03 3.208662942e-02
-3.050552495e-02 1.701637357e-02
2.444525482e-03 -1.819881052e-02
1.972516626e-02 8.884267882e-03
-5.282853264e-03 -4.465371836e-03
-9.411846288e-03 -1.526447479e-02
-9.735292755e-03 -2.462140052e-03
-1.298530865e-02 -1.024156809e-02
-6.528804661e-04 -3.450973309e-04
-1.382816816e-03 -2.024979331e-03
-7.261916529e-03 -3.949736245e-03
2.201983240e-03 -5.432860926e-03
-2.179912291e-03 2.236679138e-04
1.214908063e-02 4.401718732e-03
-2.001213841e-03 1.400389709e-03
-1.017529797e-02 -1.099493727e-02
-7.079242263e-03 -1.090523228e-02
-8.337704092e-02 2.933677286e-02
-2.501205169e-02 5.360192154e-04
4.032122716e-02 -2.206006087e-02
1.703741960e-02 -1.776278578e-02
4.851761088e-02 -3.227838175e-24
1.704493336e-24 -5.930670485e-24
7.461757205e-24 -1.033149434e-23
-1.198092282e-23 -1.222520227e-24
-1.428987451e-23 -1.477614099e-23
2.424618846e-21 -1.408872372e-19
-2.404501079e-19 3.925953960e-20
-8.390977002e-20 -3.370630974e-19
-1.117270026e-20 -1.599317267e-19
-2.568138084e-19 -1.108298342e-09
-9.143705793e-10 1.108173414e-10
-3.338148424e-09 -7.771042476e-09
-4.871110182e-09 -2.320671655e-09
-2.482567263e-09 -2.780090380e-09
5.710043485e-18 -9.279170664e-18
-8.494427725e-18 3.944828064e-18
-1.927809434e-17 -1.230722246e-17
9.969200595e-18 6.868337466e-18
-1.631113810e-17 1.100868778e-29
-1.408950312e-29 2.780333857e-28
-3.726246525e-29 2.093816718e-29
1.400270838e-28 -6.466656606e-30
1.099560275e-29 -1.295954799e-29
-1.531825143e-25 -2.095590506e-25
-8.717773354e-26 -1.645800260e-25
-6.092314839e-26 -7.027806498e-26
1.354663871e-25 1.936812774e-25
3.825866922e-26 -1.265804038e-20
-1.621824851e-19 -1.378354965e-19
-7.157038078e-21 -2.028835711e-19
-1.234110305e-19 4.124699774e-21
-1.204237841e-19 -1.988418891e-19
2.817795720e-17 3.773970649e-16
2.076445419e-16 6.234773054e-19
-5.443394237e-16 1.578963117e-16
1.272602549e-16 -2.264169857e-17
4.749312147e-16 4.336488808e-22
4.764964730e-22 3.672853828e-22
4.066921026e-22 5.257851082e-22
6.341802385e-23 8.215155563e-22
1.147721430e-22 2.363866257e-22
-1.721289195e-02 -2.741938457e-02
-1.443569362e-02 -1.429597847e-02
-1.220525708e-02 -1.329737529e-02
-2.229641192e-02 2.797264792e-02
-1.383024175e-02 -1.186754089e-02
-1.144391764e-02 -4.283661023e-03
-1.016974077e-02 -6.817966700e-03
1.266755746e-03 2.061970299e-03
-5.383031908e-03 -4.566661082e-03
-1.900221165e-24 -1.970007350e-24
-1.330145901e-24 -5.567560867e-25
-1.324921670e-24 -1.613440249e-24
2.788115471e-24 -4.999181038e-26
-1.015984215e-24 -1.831433129e-20
9.513801659e-21 -4.920752465e-21
-2.238560279e-20 -1.698668702e-21
1.614935244e-20 -7.311868679e-21
-8.556768433e-22 2.115765317e-20
4.561250762e-26 -1.250899449e-25
3.486415391e-25 -2.719312995e-25
-1.345366036e-25 -2.148257325e-25
-1.431693303e-25 -1.477978238e-25
3.342268686e-26 -8.913951120e-14
-9.049516372e-14 -8.911494725e-14
-7.695813388e-14 -1.099497555e-13
-9.022462139e-14 4.390671515e-14
-4.904365827e-14 -7.008527466e-14
-1.433715902e-08 -1.841574537e-08
-1.335084487e-08 -1.384641557e-08
-6.090894455e-09 -5.354001686e-09
-5.473599352e-09 -1.231221347e-08
-9.731786932e-09 -2.522032806e-23
1.002206444e-23 7.387582192e-24
-1.488313420e-23 -9.424073951e-24
3.888005732e-23 1.290874946e-23
3.229286366e-23 7.886372474e-23
-1.333276045e-09 -1.430381147e-08
-5.920222090e-09 -9.715137139e-09
-2.018179401e-08 -1.364600100e-09
5.810261716e-10 -1.858515830e-08
-4.714767243e-09 1.204714749e-24
-1.655492452e-23 -6.733174740e-24
5.456251114e-24 -4.250908570e-23
-3.252123889e-23 5.312035350e-23
-3.358612538e-23 -4.047933397e-23
2.308051474e-02 -3.032523382e-04
1.559124421e-02 1.682863384e-02
1.899497770e-02 9.440572001e-03
6.167934276e-03 1.588879712e-02
5.833025090e-03 -1.359912008e-02
-8.108116686e-03 -1.397455484e-02
-1.336562820e-02 -7.154148072e-03
-5.040914402e-04 -7.484108675e-03
-1.017244533e-02 -4.759823496e-04
-3.869195469e-03 -7.380737923e-03
-3.779636463e-03 -3.474135883e-03
-4.045119509e-03 -2.210926730e-03
4.995470867e-03 -1.419197069e-03
-3.501189873e-03 -4.544874188e-03
-1.427199971e-02 -1.178721059e-02
-6.470472086e-03 -1.380559430e-02
-9.270964190e-03 1.859872718e-03
-7.074156776e-03 -1.127936319e-02
-1.263024937e-02 -3.533121198e-02
-1.813743636e-02 -4.795497749e-03
-3.865450248e-02 -8.855249733e-03
1.683933311e-03 -1.376489922e-02
-2.231106721e-02 -7.894178410e-24
-1.940450468e-23 1.367366055e-23
-1.681914874e-23 -2.579965488e-23
1.094880797e-23 1.102605974e-24
-1.699302789e-23 -4.171420342e-24
9.316593400e-20 1.583783461e-19
1.153701500e-19 -1.899485472e-19
-2.525384478e-19 -4.557468230e-20
-1.318151985e-19 -1.580127323e-19
-1.706598069e-19 -5.148315996e-09
-6.236497541e-09 -3.768581003e-09
-2.706863844e-09 -2.370932117e-09
-1.496443303e-09 1.646494052e-09
-1.438811736e-09 -5.682126436e-10
-1.142418482e-17 -6.506868947e-19
4.946125646e-18 -1.177584991e-17
-8.287676413e-18 -9.875910338e-18
2.468368780e-18 -1.056034605e-17
-9.418630833e-18 -9.108586366e-29
5.774158853e-29 -7.261007465e-29
-1.091336027e-28 4.577078138e-29
3.429078544e-29 -1.629751169e-28
-7.103921998e-29 -7.266420532e-29
-3.291637991e-25 -1.408023778e-25
-7.160533578e-26 -1.796201275e-25
-1.629578445e-25 -9.538776643e-27
9.551777441e-26 1.320737798e-25
3.348420692e-25 -1.164721226e-19
-7.907603025e-20 -7.490742771e-20
-2.081743346e-19 -1.660290430e-19
-7.854720981e-20 1.680279120e-20
-6.690218054e-20 -2.579916554e-20
1.019191136e-16 1.685881571e-16
2.952995876e-16 -5.019417157e-18
2.480583466e-17 1.878754679e-16
-7.065451876e-17 2.519614380e-16
4.302015488e-16 -4.433083248e-22
-2.026341075e-22 -9.706290359e-23
-4.427705867e-22 -7.197255899e-22
-1.039722409e-21 -4.678869082e-22
-8.058143717e-22 -5.896939992e-22
1.689034700e-02 -1.744799688e-02
3.858279204e-03 -1.278129686e-02
-6.590626203e-03 -1.092770323e-02
-3.407848999e-04 1.780961757e-03
-2.008794621e-02 -1.021726523e-02
-1.053812820e-02 -4.672436626e-04
-8.144247346e-03 -1.996138878e-02
-1.415388007e-02 2.398388460e-03
-1.653601229e-02 -2.482293872e-03
1.104077298e-24 -2.164829173e-24
3.363974071e-25 2.189412642e-24
-2.632519560e-24 -2.549114874e-24
2.345746773e-26 -2.540849978e-24
-3.737273109e-24 -2.758734585e-20
-1.361754646e-20 1.462557428e-20
-2.774542782e-20 -1.372345627e-20
1.343288485e-20 -1.513214001e-20
-1.454030682e-20 -1.919427173e-21
3.312830493e-25 -2.464286837e-26
-2.906027250e-25 1.640288094e-25
7.836019147e-26 -4.381003440e-26
1.163810068e-25 -4.099929033e-25
-2.003343453e-25 -5.343565624e-14
-1.124150957e-13 -1.078292796e-13
-2.921841168e-14 -1.051446189e-13
-9.408341890e-14 3.900283908e-15
-4.140047341e-14 -7.286472180e-14
-6.508425354e-09 -8.147782005e-09
-1.160502183e-08 -1.485802414e-08
-5.445574547e-11 5.745241505e-10
-2.054170523e-08 -7.932833945e-09
-4.859888492e-09 -4.530415872e-23
-9.655113166e-24 1.615052444e-23
-6.184393080e-23 -1.701959041e-23
4.064848152e-23 -1.867487618e-23
-2.047500155e-23 -1.246773046e-23
3.617092847e-09 -1.659685367e-08
2.272984245e-09 -7.395608126e-09
-2.161082868e-08 -2.472913874e-09
2.038700764e-09 -1.164550412e-08
3.808073301e-10 8.414109533e-24
-1.653606127e-23 -2.022359315e-23
1.194905205e-23 -3.295493253e-23
-4.572626557e-23 -2.038166116e-24
-3.163087999e-23 -4.090694391e-23
1.266455185e-02 -4.342338943e-04
-3.648378421e-03 -2.073761262e-02
-6.590377074e-03 -2.438886091e-02
6.383991800e-03 1.787878573e-02
-1.511088200e-02 -9.095587768e-03
-3.775669495e-03 3.240625607e-03
-1.206602342e-02 -9.785896167e-03
-4.649460316e-03 -9.026234038e-03
-8.373175748e-03 -9.470285848e-03
-6.156163290e-03 -6.813334767e-03
-5.060015246e-03 -4.818794318e-03
-7.690758910e-03 -8.038030937e-03
-4.143333528e-03 -1.105116960e-02
-5.444219802e-03 5.975593231e-04
-2.344657434e-03 -4.308389500e-03
-1.641640207e-03 -1.048712991e-02
-7.969919592e-03 -1.593949273e-03
-1.438912190e-02 -1.319737267e-02
-1.957476884e-02 -2.747942321e-02
-7.193812169e-03 -1.695962809e-02
-2.323726565e-02 4.063904285e-03
-2.388380282e-02 2.104046382e-02
-1.108079404e-02 1.111231596e-23
-1.143026635e-23 -1.301039024e-23
-5.105434809e-24 -3.519279208e-23
-2.455912378e-23 -2.040194987e-23
-3.836118248e-23 -2.809665376e-23
-2.866042851e-20 6.684596780e-21
8.095650906e-20 6.838935434e-20
5.639211414e-20 1.909697017e-19
1.664495739e-19 1.231841116e-19
1.368010167e-19 -3.015211636e-09
-5.009512360e-09 -1.634844704e-09
-2.319562424e-11 -3.324649445e-09
-9.889308261e-10 -6.646778683e-10
-4.380267260e-09 -2.491127749e-09
-4.235754516e-18 -1.725110479e-17
-2.351847776e-18 -1.199874117e-17
-2.410644022e-17 -7.441470336e-19
-6.730587492e-18 -4.581597076e-18
-4.449014499e-18 1.508154693e-28
9.484784883e-29 -1.393395509e-28
-7.361634897e-29 -5.677556013e-29
-6.404649336e-29 -1.408154151e-28
-1.069527398e-28 -9.808460280e-29
-1.837534629e-25 -2.760320696e-25
-9.033504454e-26 -1.066918104e-25
-3.182212137e-25 -1.347836526e-25
-7.293412267e-26 -5.964047905e-26
1.013258676e-25 -1.625695152e-19
-1.690860440e-19 -6.289686861e-20
-1.527731118e-19 -1.817208919e-19
-5.131629157e-20 -1.786938761e-19
-4.663464963e-20 2.641380355e-21
3.468501981e-16 3.243720348e-16
2.585605659e-16 -7.231752237e-18
-5.516235895e-16 -5.725644674e-16
3.875949445e-16 -4.409465853e-16
-3.410042149e-16 1.044731436e-21
2.430823509e-22 4.539404532e-22
6.107974546e-22 5.090321891e-23
-1.136344794e-22 7.814055764e-22
-4.007459784e-23 -7.544372872e-22
-5.698731542e-02 -5.136587843e-02
-2.452100068e-02 -5.253811553e-02
-4.097891599e-02 -6.283526309e-03
-2.557126433e-02 -2.065649070e-02
1.489059813e-02 -7.703358773e-03
-1.471196767e-02 -1.502569765e-02
-1.634699479e-02 -1.340879593e-02
-1.384737808e-02 -3.639271017e-03
-1.289521344e-02 -6.917289458e-03
-1.461745748e-24 -1.855298297e-24
-1.348609881e-24 -2.120427939e-24
-1.713767973e-24 -1.451822765e-24
-5.072282436e-25 -4.838947734e-25
-1.035798922e-24 3.729619249e-21
-7.642723759e-22 2.333747927e-21
-1.167870134e-20 -1.549593146e-20
-3.235218082e-20 3.920965754e-21
-1.016609496e-20 -1.067355008e-20
-1.362565853e-26 1.994711066e-27
-1.695934158e-26 -2.059137736e-25
-1.335424169e-25 -8.446564824e-26
1.439265875e-25 -3.292736233e-26
-5.719841220e-26 -1.628221077e-13
-1.526711564e-13 -7.431027500e-14
-1.818719058e-13 -1.930517920e-13
-1.219394458e-13 -4.803869433e-15
-8.782434009e-14 -4.785081904e-14
-1.160850438e-08 -2.225014128e-08
-2.753083095e-09 -1.588507459e-08
-1.870862043e-08 -1.840397346e-08
4.262850517e-09 -1.453745213e-08
-7.872323238e-09 1.877207647e-23
1.867515544e-23 1.812525943e-23
6.881377249e-24 -2.387539792e-24
-6.542469193e-24 1.491561949e-23
8.102021171e-24 7.347451102e-23
1.266642879e-08 -3.839088603e-09
-1.389587911e-08 6.951974996e-09
-1.252755943e-08 -5.115640800e-09
-4.258451813e-09 4.892971028e-10
-9.449964367e-09 -1.382124065e-23
1.885883223e-24 -6.456845442e-24
-2.918307931e-23 -3.258051705e-23
-2.599278854e-23 3.136849854e-23
-2.822808745e-23 -5.055140588e-23
3.384320810e-02 2.644303627e-02
6.458698306e-03 1.613107510e-02
7.361952681e-03 -7.839110680e-03
1.051097270e-02 3.449840704e-03
1.785424910e-02 -9.070167318e-03
-7.018073928e-03 -8.427114226e-03
-1.615032740e-02 -9.926507249e-03
-1.184720825e-02 -1.185484603e-02
-1.525114756e-02 -7.802699693e-03
-3.604071448e-03 -8.596865460e-03
-7.172001991e-03 -9.023141116e-03
-7.828373462e-03 -1.080053858e-02
-2.381203463e-03 -4.802197684e-03
-7.740647998e-03 7.133588661e-04
-3.790594870e-03 -3.745550755e-03
-6.021700799e-03 -8.317046799e-03
-8.220002986e-03 -9.880418656e-05
-8.455326781e-03 -1.631210372e-02
3.005109169e-02 -5.193185993e-03
-4.409337416e-03 -2.917511389e-02
-1.999337971e-02 -2.735153213e-02
-6.303257775e-03 -2.020783257e-03
5.957717448e-02 1.360102993e-24
-1.009680191e-23 4.749568315e-25
-1.138880855e-23 -1.033780621e-24
1.208149312e-23 -1.422608880e-23
-1.179415980e-24 -1.116709920e-24
8.584946979e-20 2.149580687e-20
8.744454543e-20 -3.450816893e-20
-3.059261838e-19 -2.354018246e-19
3.100350161e-20 -1.152531298e-19
-1.080734864e-19 -5.078550469e-09
-4.209502968e-09 -5.505990330e-09
-5.113468315e-09 -1.042655629e-09
-6.930514829e-09 6.639413463e-10
-2.469576987e-09 -2.707977842e-09
4.229338903e-18 2.169532413e-18
-2.095821521e-18 -3.096068997e-18
-7.196693841e-18 -1.517804128e-17
4.470209348e-18 -3.492797433e-18
-3.875856503e-18 -8.770054225e-29
-2.411513157e-29 1.096749214e-28
1.012553696e-28 -1.662304320e-28
-5.758950025e-29 1.292888856e-31
-5.650457577e-29 -8.693859922e-30
-1.938755344e-25 -1.990805865e-25
1.832074602e-26 -5.111882144e-26
-2.098015020e-25 -2.084481865e-25
1.510489537e-25 -5.820456115e-26
5.599632993e-26 3.726420548e-20
-9.960150257e-20 1.435254975e-20
-9.364750822e-20 -5.476008680e-20
-2.397965060e-19 -5.496142773e-20
3.268274611e-20 -7.596439005e-20
-6.225475640e-16 -1.368909004e-16
-2.687478046e-16 -1.325155253e-16
-6.667280084e-16 -4.305449413e-16
-1.931361116e-16 2.683258764e-16
9.287753324e-16 -2.447589264e-22
1.460612569e-22 3.626978222e-22
-3.299748116e-22 9.964031664e-22
1.454996157e-21 -2.474191926e-22
7.717462839e-22 2.064040397e-21
5.821559578e-02 -4.041143507e-02
-2.086183988e-02 -1.255948562e-02
1.575566828e-02 3.932809830e-02
2.362573892e-02 4.603114445e-03
-1.431485079e-02 -1.027351618e-02
-2.007262036e-02 -1.611712016e-02
3.205689427e-04 -9.850320406e-03
-9.149386548e-03 3.365287324e-03
2.310353564e-03 7.577880286e-03
4.461502443e-25 5.510836345e-25
-2.497605412e-24 -1.298053363e-24
-4.644293841e-25 -9.457579437e-25
-6.977737496e-25 -1.643914143e-24
-1.000601920e-24 -2.037307721e-20
-1.692579716e-20 -1.183616777e-20
-1.291224736e-20 -6.647375268e-21
-6.120997592e-21 -8.978153745e-21
9.632515002e-21 8.137908687e-21
2.303906238e-25 -3.043826890e-26
2.624804254e-25 -3.647976939e-26
1.033164595e-25 2.691440567e-25
1.453498035e-25 3.670239210e-25
5.420375199e-25 -4.152214800e-14
-6.908475257e-14 -1.827463080e-14
-6.188159794e-14 -1.369891478e-13
-1.192762252e-13 -6.041602087e-14
-1.287854643e-13 -1.003042728e-13
-2.408137867e-08 -3.141714089e-08
-2.094018470e-08 -1.677742567e-08
-1.793559079e-08 6.127996999e-10
-1.141804784e-08 -4.016937005e-09
2.308172853e-08 -1.837236538e-23
-6.817940999e-24 -5.836317593e-24
-2.725459207e-23 -7.214643371e-24
2.163154421e-23 -7.206007218e-25
1.451897076e-23 2.970457001e-23
-1.521602400e-08 -2.682442002e-08
-2.705355051e-08 1.741631839e-09
-2.479728600e-08 -2.276093625e-08
-1.555197926e-08 4.006878718e-10
2.511210973e-08 -1.973941400e-24
-1.090800375e-24 -1.257710918e-23
-6.582993767e-24 6.064813915e-24
-1.467915212e-23 7.552097556e-24
5.002002917e-24 1.777552742e-23
8.130680770e-03 8.257749490e-03
6.638478953e-04 -4.057824239e-02
1.534742024e-02 2.365785651e-02
4.352016374e-03 4.093006253e-02
8.695739321e-03 -5.783211906e-03
-8.947598748e-03 -1.897511247e-04
-9.926706553e-03 -1.046156697e-02
2.224384574e-03 -4.923433531e-03
3.074512933e-04 1.046048477e-02
-2.620155923e-03 -8.319507353e-03
-3.294978291e-03 -1.235098811e-03
-1.025721338e-02 -1.243616547e-02
7.996092318e-04 -3.337872447e-03
-5.115466658e-03 -2.847205149e-03
-2.361873398e-03 -8.922622539e-03
-1.317798859e-03 -1.037643477e-02
-2.029423974e-02 3.131510923e-03
-1.066008583e-02 -1.601917297e-02
-9.114547633e-03 3.773469944e-04
-2.530817129e-02 -3.419161215e-02
-7.561251521e-02 -3.563734517e-02
-3.774145991e-02 -1.136671193e-02
-5.824350938e-02 8.749221590e-24
-2.034011974e-24 8.088206638e-24
-7.433430393e-25 -9.619931547e-24
-5.409476100e-25 -1.326889128e-23
-6.583083697e-24 8.820510161e-25
-2.280383662e-19 -8.731295909e-20
1.275493505e-19 -2.786916499e-19
-3.384404306e-19 -4.885003642e-20
1.394105130e-19 2.333075067e-19
4.565292002e-19 4.436847556e-10
-6.153853427e-09 -1.945156702e-09
1.590069187e-09 -4.829175282e-09
-7.955963000e-09 -7.573603550e-11
-6.133657138e-09 -4.974674450e-09
-7.058945108e-18 -1.404006245e-17
-9.573012514e-18 5.862160759e-18
-4.341881789e-18 -7.600405956e-18
-2.933308597e-18 6.065225741e-18
4.900119514e-18 -4.800470062e-29
9.855065528e-30 -8.564008008e-29
-6.049344150e-29 1.082507820e-29
-4.105927363e-29 -1.634704540e-28
-1.522113743e-29 -9.956781562e-29
4.733445847e-27 -1.932318485e-25
-3.009149119e-25 -3.975584094e-26
-2.494382620e-25 -3.749323009e-25
-3.020574784e-25 -3.530197171e-25
-3.994486433e-25 -6.196691727e-20
-1.399628500e-19 6.328272171e-21
-6.248721388e-20 -1.633482799e-19
-2.507623715e-20 -2.196149017e-20
-1.833482146e-19 -1.137212672e-20
1.325379716e-16 -2.367162115e-17
3.646651009e-16 -6.773575572e-17
-1.945701781e-16 -7.242192910e-18
-1.154324010e-17 -1.634363571e-16
-1.809331594e-16 1.577614778e-22
-1.112308896e-22 -1.368864764e-22
5.365618822e-22 1.536665450e-22
1.034657278e-22 8.612812141e-22
1.124994714e-21 1.174937157e-21
-2.834593691e-02 -2.863601781e-02
-2.127615036e-03 -1.387568656e-02
2.284176648e-02 -4.353883490e-02
-4.380185902e-02 -2.560176328e-02
1.514434535e-02 -2.928888192e-03
-9.186490206e-04 4.297804087e-03
-8.321174420e-03 -6.518363487e-03
6.766436854e-04 2.043974586e-03
-6.615784951e-03 -1.106637157e-02
-3.713795179e-25 3.701816819e-25
-9.714759925e-25 2.643890250e-25
1.022717537e-24 -1.051489365e-24
1.306102505e-24 1.042867904e-24
-7.554427851e-25 -3.713122893e-21
-5.505792917e-21 1.552574712e-20
-8.491396729e-21 -6.811771760e-21
-4.661231010e-21 -3.176439387e-21
4.843781451e-21 8.887103293e-21
-1.171713222e-25 5.780615558e-26
1.596607359e-28 -6.306949717e-26
1.062782501e-25 9.262508310e-26
1.835677847e-25 2.577964651e-25
3.672652878e-25 -8.018665078e-14
-4.056383186e-14 -1.395953750e-14
-5.191148482e-14 -6.067389158e-14
-5.544492003e-14 2.089005171e-14
-2.171939352e-14 -2.828071063e-14
-1.244071623e-09 1.075407408e-08
7.607060537e-10 -4.677929599e-09
-1.282729301e-08 -6.826384347e-09
-2.817040212e-10 -3.241419222e-08
7.097979982e-10 8.944016197e-25
-1.752624579e-23 9.102589466e-24
-6.140080712e-24 -2.871132431e-24
1.540655919e-23 1.579578000e-23
3.919499584e-24 1.502247859e-23
-3.046862984e-09 -1.150943230e-09
-5.663723712e-09 4.354739236e-09
4.680225096e-09 -4.211832660e-09
2.274198074e-08 4.290201527e-09
-1.930089688e-08 -1.707127500e-23
-7.681713023e-26 -4.591919097e-24
-7.400103781e-24 7.680728426e-24
-8.281100485e-24 3.688034541e-23
2.059472381e-23 -6.225416529e-24
2.868162841e-02 3.166167298e-03
-1.088712458e-02 -9.424526244e-03
1.656335592e-02 -2.732359432e-02
2.155632153e-02 -2.903957106e-02
-4.392331175e-04 -1.091256924e-02
-2.985511674e-03 -7.569762878e-03
-1.038959995e-02 -1.464812737e-02
-4.372235388e-03 2.971913898e-03
-1.290753298e-02 -1.324207149e-02
-6.321408320e-03 -2.531048143e-03
-3.952676896e-03 -6.224907935e-03
-4.636473488e-03 -3.414351493e-03
-2.325489419e-03 -2.617008053e-03
-4.149317741e-03 -1.397882123e-02
-1.443526056e-02 -6.711164024e-03
-1.496659964e-02 -6.243421696e-03
-7.660416421e-03 -8.244729601e-03
-7.971232757e-03 -1.422185637e-02
2.323356085e-02 -3.799341246e-02
2.050683089e-02 -3.547803685e-02
6.527018268e-03 2.887979709e-02
2.362000570e-02 -1.673044520e-03
5.400608294e-03 -2.588420855e-24
8.395194226e-24 -6.505146212e-24
-1.273319320e-23 8.870773223e-24
-4.100922604e-24 1.106884499e-23
2.865168643e-24 -1.128488165e-23
1.128434363e-19 1.121238797e-19
1.467931905e-19 -3.580556618e-20
-2.708204512e-20 1.200977554e-20
9.236153317e-21 -9.450767912e-20
-1.081004990e-19 -3.888514843e-09
-3.503462853e-09 -1.766238711e-09
-2.941089594e-09 -2.768565377e-09
-4.492721306e-09 -1.779774328e-09
-2.314525016e-09 -5.701807915e-09
-7.019986555e-18 -4.439461804e-18
-6.742558450e-18 -1.106358867e-17
-7.186327613e-18 -8.280306234e-18
8.702796176e-19 3.967628470e-18
6.580080325e-18 1.114997675e-30
1.858060655e-28 -1.523256993e-28
-2.741611831e-29 5.054019943e-29
9.821761234e-29 -3.821916794e-29
-2.660400662e-28 4.437414814e-29
-2.566341556e-26 -1.537345382e-26
9.952313554e-26 4.198818171e-26
-1.519909276e-25 -1.201154497e-25
1.330299902e-25 -1.321604039e-27
-2.299241266e-26 -4.658325134e-20
1.065808810e-20 4.379460255e-20
-4.752943934e-20 -5.611128633e-20
-1.757704881e-21 6.854770127e-20
-2.283042563e-20 2.302153505e-20
2.779490441e-16 7.694525339e-21
3.800624923e-16 -2.432166170e-16
-8.432361882e-18 1.350978376e-16
4.421329608e-16 -2.594861611e-16
-2.797197930e-16 1.329877214e-21
3.940649513e-22 6.000919685e-22
6.048270524e-22 2.012131355e-22
1.523149549e-22 3.587568372e-23
-5.662598068e-22 -6.742353010e-22
-7.338908315e-02 -5.070919637e-03
1.231292728e-02 -7.437305059e-03
-6.358555704e-02 -4.560129344e-02
-2.303277701e-02 -4.028995056e-03
1.596337743e-02 -5.742239766e-03
-1.814166462e-04 -8.895830833e-04
-5.393492058e-03 -2.747873031e-02
-1.088843774e-02 1.844015438e-03
-1.953438297e-02 -1.559033524e-02
6.850283212e-25 -2.568659790e-25
-1.061105777e-24 5.137968789e-26
-1.723082054e-24 -1.828774821e-24
1.547068648e-24 8.859721478e-25
-1.908157303e-24 4.725738577e-21
-6.221086447e-21 2.208691143e-20
-2.708949136e-20 -2.095181122e-20
-2.068701164e-21 4.793199438e-21
-1.685728011e-20 4.669785544e-21
1.242891032e-25 1.965068046e-25
4.686398306e-26 8.140211924e-26
-2.468028749e-25 -1.125732784e-26
7.040843040e-26 -6.777820175e-26
-2.995183570e-25 -6.939035528e-14
-9.287044061e-14 -5.948024598e-14
-7.227438049e-14 -1.164703777e-13
-7.651020252e-14 2.526720627e-14
-3.558564644e-14 -1.986495380e-14
9.572646675e-09 1.131553851e-09
1.172468167e-08 -1.605026334e-08
-2.029703872e-08 4.923600638e-09
-2.073609506e-09 -2.892630846e-08
1.644186010e-09 -1.934182179e-23
-1.090828971e-23 1.606621730e-23
-1.968138223e-23 -3.694893214e-23
-1.764904935e-23 2.729680875e-23
7.143999299e-24 3.613304801e-23
2.220222584e-08 -1.213578127e-09
-1.613063683e-09 1.191963950e-08
-2.812082656e-08 -1.010001327e-08
2.955503220e-08 -1.215787737e-08
-1.827083018e-08 -6.043450773e-24
2.301101739e-23 3.460479961e-24
-1.991911967e-23 -1.159478408e-23
-4.946730273e-23 -1.604137764e-23
-2.943559368e-23 -8.284260030e-23
2.171844477e-03 2.296982333e-02
1.037093904e-02 3.757528961e-02
4.643406719e-04 -1.540290099e-02
-9.077735245e-03 -1.210481208e-02
2.296617953e-03 -2.829841571e-03
-6.119039841e-03 9.108272381e-03
-2.063872851e-02 -1.980153471e-02
-8.560389979e-04 -9.293152951e-03
-1.950988173e-02 -1.000587642e-02
-4.541610833e-03 -3.581885481e-03
-6.834687665e-03 -8.698051795e-03
-1.117570885e-02 -9.089118801e-03
8.149492787e-04 -6.357644685e-03
-7.704192773e-03 -7.285327185e-03
2.892154036e-03 -5.368981976e-03
-5.673227832e-03 4.841426926e-05
-1.272072922e-02 -5.500053056e-03
-6.059856154e-03 -1.700130478e-02
-2.264134586e-02 -2.495478094e-02
1.683832146e-02 -8.793999441e-03
2.904770151e-02 1.238293853e-02
2.269799262e-02 -2.933458053e-02
5.600030720e-02 4.103947885e-24
-9.094774221e-24 -2.351848372e-23
5.194368621e-24 -1.395620212e-23
-4.452104152e-24 -1.242006748e-23
-2.911855680e-23 -1.549928821e-23
1.466170269e-19 -2.562558686e-20
-1.611030661e-19 1.050003424e-19
-1.039767969e-20 -1.808223281e-19
2.918243926e-21 -2.980144339e-19
-3.990178913e-19 -3.039730689e-09
-2.420508682e-09 -9.442577831e-10
-4.469674408e-09 -5.060224240e-09
-4.670386300e-09 -1.453187570e-09
-2.491619577e-09 -4.919563867e-09
8.433050924e-18 5.292700674e-19
2.161930416e-18 -3.604238101e-18
-1.899635828e-17 -2.374086940e-17
1.727917537e-18 -1.631281728e-17
-2.620438697e-17 -1.026188437e-28
-6.935533128e-29 -4.841836329e-29
-1.496549761e-28 -5.775506402e-29
6.526357877e-29 -1.920303822e-28
-1.515796663e-28 -1.007243426e-28
-2.388917340e-25 -2.852487507e-25
-3.086460816e-26 -2.146679110e-25
-1.611576392e-25 -1.011496373e-25
3.246040845e-25 1.566248938e-25
2.441375111e-25 -3.057388145e-20
-1.406590388e-19 5.018897364e-20
-1.550103768e-19 -2.463286479e-19
-6.008028631e-20 6.398486315e-20
-1.648232851e-19 -1.286613656e-19
4.317878827e-16 1.688982770e-16
6.466376574e-16 7.218422056e-17
4.817283993e-18 2.043859003e-16
1.153831060e-16 -3.929775213e-16
-3.459499079e-16 4.251435529e-23
-7.780311703e-22 -3.036978675e-22
-8.522275774e-24 -8.131717051e-22
-1.651362291e-22 6.959670684e-22
3.220517451e-22 5.609666890e-22
-3.985503688e-02 1.243864745e-02
6.302362308e-03 6.901120301e-03
-2.170833759e-02 -4.346575961e-02
-3.593634348e-03 -1.477940287e-02
1.945493370e-02 -8.310806938e-03
9.828698821e-04 -6.932178512e-03
1.271173009e-03 -9.919147007e-03
-1.519343629e-02 2.389597008e-03
-1.658150926e-02 -2.206718922e-02
3.800898735e-25 1.142691054e-24
-3.108471884e-25 -1.854076154e-24
-1.767474906e-25 -1.285178266e-24
-1.963282705e-24 -4.923539261e-25
-2.233647820e-24 1.748613448e-20
-5.638491590e-21 3.085090940e-20
-3.486357467e-21 -3.229152522e-20
9.996532633e-21 -7.238769824e-21
-2.934172161e-20 1.199373356e-20
-2.160957493e-25 1.667019016e-25
-3.123017432e-26 6.580543318e-26
-5.095025173e-26 1.937403063e-25
1.002140791e-25 1.778101725e-25
1.546999253e-25 -1.062880253e-13
-7.092396603e-14 -2.669049606e-14
-1.061085220e-13 -1.404229380e-13
-1.131172182e-13 -6.390549846e-14
-1.299434329e-13 -1.116161810e-13
1.598865818e-09 -1.687242124e-09
-7.205452679e-09 -7.002985747e-09
-2.181823078e-08 -1.775222636e-08
-1.081472778e-08 -3.439175700e-08
-1.373050207e-08 2.215366915e-23
-3.491868816e-23 3.025527696e-23
-6.172070994e-24 -5.629276079e-23
-8.810905780e-24 3.045951621e-23
-3.682534919e-23 -1.070581357e-23
1.091959678e-08 -1.496707092e-09
-8.695907106e-09 1.592928633e-08
-7.188725615e-09 -1.823649676e-08
2.509027475e-08 -1.643813796e-08
-1.803466887e-08 -3.837072139e-23
-1.527854442e-23 5.508934401e-24
-3.342941974e-23 -1.548890364e-23
-2.867519803e-23 1.776122054e-25
-5.073385363e-24 -6.638658948e-23
-4.881440662e-03 -8.066197857e-03
-3.994238563e-03 9.713375941e-03
1.554240473e-02 9.704596363e-03
9.327117004e-04 -1.725443639e-02
3.472106531e-02 2.063382184e-03
-2.116831020e-03 -9.775187355e-04
-2.211377025e-03 -9.641016833e-03
-5.439696368e-03 -5.552276038e-03
-1.734798960e-02 -1.615571789e-02
-1.041323063e-03 -9.010653594e-04
-5.411729682e-03 -1.216095057e-03
-2.585027134e-03 -7.103564218e-03
3.671634011e-03 -7.429177407e-03
-8.627783507e-03 -5.019671749e-03
2.203144599e-03 -3.177663020e-04
-3.473238554e-03 3.894562367e-03
-6.816404872e-03 -1.468346803e-03
-4.557553213e-03 -1.369515434e-02
2.270997036e-03 -1.883393899e-02
2.456893213e-03 -2.946170792e-02
3.156506270e-02 -2.198209427e-02
-2.752264030e-03 -2.909531817e-02
-1.610610634e-02 -7.325806495e-24
1.660113914e-23 -1.804185475e-23
-1.442365112e-23 1.413083226e-23
-1.631054645e-23 3.093744837e-24
-7.699001896e-25 -3.990218124e-23
8.154732927e-20 -5.436285269e-20
7.018167863e-21 8.009654495e-20
-1.081645441e-20 -9.072341183e-20
1.089472993e-19 -9.815870571e-20
-1.823984949e-19 -1.687274653e-09
-8.707112809e-10 -8.728344714e-10
-3.391491754e-09 -4.040123347e-09
-4.500742445e-09 -1.398897997e-09
-4.934609610e-09 -5.811003678e-09
-8.572172984e-19 1.284278758e-18
-1.913899896e-18 -7.717660462e-18
-1.516980918e-17 -1.246694525e-17
8.374436078e-18 -1.049246430e-17
-1.953434166e-17 -5.428911837e-29
2.340283179e-28 1.332246752e-28
-1.878281354e-28 -5.265413023e-29
1.110053177e-28 5.438368153e-29
-1.978026831e-28 -3.695325419e-29
-1.454113346e-25 -1.433760981e-25
9.985427839e-26 -1.192800830e-25
-2.558126525e-25 -2.649140366e-25
2.660570714e-25 6.454389669e-26
-4.028799541e-26 -6.886073097e-20
-8.721716769e-20 2.832515218e-20
-1.385483065e-19 -1.510450281e-19
-6.763081033e-20 -7.226898489e-21
-1.640527534e-19 -1.204600508e-19
-7.300841008e-17 1.383778138e-16
5.641816470e-16 -3.467226137e-16
7.802421494e-17 -1.979143270e-17
1.139954278e-16 -4.123111542e-16
-3.802139259e-16 9.561098175e-22
8.475134077e-23 3.842468263e-22
5.539033420e-22 2.222153517e-22
1.231914371e-21 1.161942787e-21
1.125341661e-21 1.488308554e-21
-1.962031983e-02 1.130451914e-02
-1.290768571e-02 -1.191882137e-02
-3.401193768e-02 -2.150687762e-02
2.356195590e-03 -4.387863446e-03
-2.929653972e-03 1.128431875e-03
-2.516921610e-03 -5.406894255e-03
3.645491379e-04 -9.073922411e-03
-1.143825799e-02 2.425137209e-03
-8.739040233e-03 -9.599006735e-03
-6.073235005e-25 1.177459704e-25
-1.789138012e-25 -9.044882910e-25
-5.764131200e-25 -1.764472797e-24
5.438996754e-25 1.218724327e-24
-1.308235980e-24 -3.247142529e-21
-1.436163420e-20 1.374998906e-20
-1.678677589e-20 -3.820198596e-20
-1.036117065e-20 -4.292569778e-21
-1.511916362e-20 -1.090087429e-21
-4.069580260e-26 8.501166941e-26
2.395235869e-25 9.412804185e-26
-3.022210930e-25 3.026918211e-25
3.803620058e-25 6.141065210e-26
1.495191922e-25 -6.051546254e-14
-6.318378573e-14 8.504724939e-15
-7.538450929e-14 -1.417551515e-13
-8.119249224e-14 -3.855383284e-14
-1.259335247e-13 -1.005588706e-13
5.279446658e-09 -1.558274398e-08
1.887722645e-09 -2.420272516e-08
-4.312954616e-08 -1.839033814e-08
-1.309319764e-08 -2.305343827e-08
-7.361668608e-09 9.136654057e-24
-2.006608603e-23 1.887337094e-23
9.180439782e-24 -3.934416944e-23
-2.168050407e-23 1.743283362e-23
-4.624822959e-23 7.139696063e-25
1.396105809e-08 -2.505830743e-08
-1.540432848e-08 1.402209904e-08
-2.459955617e-08 -2.037639923e-08
8.687554676e-09 -1.320195686e-08
-1.637019942e-08 -1.589708552e-23
-1.001813197e-23 -1.402349058e-24
-1.363956125e-23 7.749235819e-26
-2.329315191e-23 3.352030914e-24
-1.115680693e-23 -5.085480178e-23
1.764200744e-03 5.622502416e-03
1.026665699e-02 1.516172383e-02
5.175338127e-03 1.700389013e-02
1.022171043e-02 -1.893763780e-03
2.305579372e-02 3.513687756e-03
-3.415254643e-03 -2.302538604e-03
-2.669844544e-03 -6.881167181e-03
-1.813116833e-03 -5.162761081e-03
-1.037692558e-02 -8.055753075e-03
1.098872744e-03 -1.301534008e-03
-3.510146867e-03 -3.518841928e-03
-5.420071539e-03 -6.545439363e-03
-4.764372425e-04 -5.998823792e-03
-6.994883530e-03 1.625042292e-03
5.012434442e-03 -1.263089362e-03
-5.452224519e-03 -5.084279692e-04
-6.168612745e-03 -7.641613018e-03
-3.984880168e-03 -8.397541009e-03
-1.567352936e-02 1.217411249e-03
-4.393584095e-03 -2.420034260e-02
-8.804537356e-03 -2.628630027e-02
-1.935568079e-02 -2.743323147e-02
-3.015671682e-04 -1.911762003e-24
-1.465618365e-23 -1.238839314e-23
1.093654040e-23 -4.497708200e-24
-2.450412203e-24 1.745211653e-23
-8.057435541e-24 -1.951972886e-23
2.624061341e-20 -5.071010954e-21
3.860167575e-20 -4.548019630e-20
-1.506515615e-19 -1.738745409e-19
6.838120532e-20 -2.363940278e-19
-2.233659073e-19 1.028709236e-11
-1.734040356e-09 -3.216111544e-10
-3.885737065e-09 -8.724929224e-09
-8.693113784e-09 -1.760153273e-10
-7.606383079e-09 -7.873309116e-09
3.231576898e-18 -3.425544548e-18
-3.275445750e-19 6.155748665e-18
-3.019283351e-17 -1.371616499e-17
1.584474555e-17 -1.313255929e-17
-2.030330695e-17 -6.334355300e-29
-1.127711277e-29 -1.176561196e-28
-4.755820988e-29 -1.017709651e-28
-5.134676686e-29 -3.254231414e-30
-2.612325358e-28 -2.067278999e-28
-1.699296986e-26 -1.307834622e-25
-1.514712470e-26 -3.374008320e-26
-2.170784234e-25 -2.979214067e-25
1.754024211e-25 -7.668316563e-26
-1.688864670e-25 -1.816008165e-22
-2.277291299e-19 -4.090346737e-20
1.794451209e-21 -3.115789810e-19
-1.925335513e-19 1.283678070e-19
-1.792096878e-19 -2.355043950e-19
-4.208196531e-16 -2.152841703e-16
-2.860472945e-17 -1.088297709e-16
-2.761147678e-16 -1.224858081e-16
5.803887953e-18 2.529246469e-16
3.152917622e-16 -4.837661102e-22
-2.647331054e-23 -1.415084440e-22
-1.644131656e-22 -2.536578580e-22
-6.866106984e-22 1.953196630e-22
3.141567242e-22 1.660236535e-22
2.369913459e-02 -1.489342842e-02
9.113725275e-03 -1.461459324e-02
3.417741880e-02 1.205096953e-02
1.456604712e-02 -4.084463045e-02
-2.371986769e-02 -1.379914116e-02
-2.550651878e-02 -6.862574723e-03
-1.087738201e-02 -1.360200718e-02
3.109694517e-04 2.256015316e-03
-5.887717940e-03 3.764111549e-03
3.726164271e-25 -1.809533518e-24
-1.383281797e-24 1.923579928e-24
-1.521303662e-24 -2.575624150e-24
6.697540019e-25 -1.055443432e-24
-9.126056697e-25 -1.871648486e-20
-1.667771204e-21 9.130329128e-21
-1.503378630e-20 -1.759966300e-21
1.173527436e-20 -2.486538849e-21
8.476743353e-21 1.587449584e-20
-7.859816862e-26 -2.130540249e-25
-3.312583727e-25 -2.782746903e-26
3.927630903e-26 -1.613402852e-25
1.874879797e-25 -1.501441549e-25
8.034894063e-26 -7.960282146e-14
-1.484596951e-13 -9.765959200e-14
-5.905129494e-14 -1.308452045e-13
-9.201789179e-14 -2.009638522e-14
-6.063307137e-14 -6.104787357e-14
-3.771976509e-08 -7.963172344e-09
-7.784966005e-10 -2.427325008e-08
-3.623273237e-09 1.628354163e-08
-1.042106490e-08 -3.552735439e-09
1.113815795e-08 -3.804032120e-23
-1.849825811e-23 1.544995127e-23
-1.427260950e-23 1.034332252e-23
3.566790091e-23 -1.148499910e-23
1.797527646e-23 2.592137297e-23
-7.209408182e-09 -2.874372562e-08
-2.423556289e-08 -7.960751169e-09
-1.118357762e-08 -5.000512004e-09
1.154825124e-08 6.773950290e-09
1.510137082e-08 3.720149069e-23
-1.934097416e-24 -5.752734073e-23
4.483997404e-23 -2.304474277e-23
-6.383978676e-23 2.603655139e-23
-3.246963161e-23 -6.512522061e-24
-9.855528362e-03 -8.307567798e-03
-3.156815073e-04 -5.390106887e-02
-1.054078061e-02 6.171307527e-03
2.632870153e-02 -1.208098326e-02
-7.828944363e-03 -1.265990455e-02
-1.021119580e-02 1.964811236e-03
-7.325639017e-03 -1.460294798e-02
-3.432030324e-03 2.512636827e-03
-1.224753098e-03 1.943458803e-03
-9.611849091e-04 -6.402648054e-03
-1.294490648e-03 2.479388611e-03
-6.602632347e-03 -3.159364220e-03
3.595632501e-03 -1.975506311e-03
9.750709287e-04 6.969074253e-03
4.444281803e-04 -3.141284687e-03
7.684439421e-03 -5.728125107e-03
-1.258329023e-02 6.154479459e-03
-2.838529181e-03 -7.024344523e-03
-2.391455881e-02 -1.471417584e-02
4.314150661e-03 -4.300181195e-02
-3.247150779e-02 1.456634607e-02
2.275282890e-02 1.267586555e-02
-3.829248995e-02 2.330282966e-23
-1.606439700e-24 -1.887885747e-24
8.447562757e-24 -1.839556736e-23
-3.508516621e-23 3.795188910e-24
-1.391546061e-23 -1.703910683e-23
-1.252161713e-19 -1.407560516e-19
8.618305622e-20 -1.047529766e-19
-1.642782118e-19 6.958272393e-20
4.126416012e-20 2.485765144e-20
1.338107846e-19 2.556876655e-10
-7.039005823e-09 -2.256145271e-09
1.861568233e-09 -5.602793784e-09
-2.477404060e-09 1.138791728e-09
-2.054067361e-09 4.248897900e-10
-3.103340535e-18 -2.611174275e-17
-1.258532306e-17 -3.164520881e-18
-2.320714600e-17 3.773562386e-18
-6.773330396e-18 -5.309585912e-18
2.093620104e-17 -6.914302760e-29
-6.436173198e-29 -2.419849605e-28
-4.470158633e-29 7.589996022e-29
-1.628520018e-28 -3.267165613e-29
-8.843202850e-29 -3.209777716e-29
-9.589481294e-26 -3.877553828e-25
-1.727618201e-25 -1.586427014e-26
-2.208170325e-25 -6.014634843e-26
-5.570824779e-26 -1.135135837e-25
-5.246994296e-26 -1.398940518e-19
-1.878658357e-19 -4.012612116e-20
-9.416561409e-20 -1.688874948e-19
-6.405593606e-20 -9.765374426e-20
-1.047891916e-19 -1.743850535e-20
1.466784588e-16 -3.517790696e-17
2.017964014e-16 -9.083280233e-18
-1.037577145e-17 1.889258549e-16
-2.014790122e-17 -8.530950562e-17
-7.863300664e-17 3.287174557e-22
1.027689617e-22 5.512512043e-23
3.172285107e-22 4.030058377e-22
3.193173639e-22 2.464410556e-22
6.429797484e-22 4.590647422e-22
-7.766823750e-03 2.935800934e-03
3.924878314e-03 -1.546981838e-02
-1.263253298e-02 -1.735766791e-02
-1.288036443e-02 -1.119116880e-02
-5.551482318e-04 -7.592214737e-03
-2.884591464e-03 -3.609139007e-03
-4.742456600e-03 1.430309610e-03
2.036539838e-03 6.866714917e-03
-1.837755372e-05 -6.729711313e-03
1.973711249e-25 9.365543035e-25
-2.784119644e-25 2.362656654e-25
6.153330518e-25 9.245572452e-26
2.230843173e-25 1.691115019e-25
-5.754723540e-25 6.799395555e-21
-1.075359919e-20 -1.138884562e-20
-7.463717714e-21 -3.965337047e-21
-3.737106688e-21 -5.181954938e-21
-1.446816116e-20 1.673193115e-21
3.752509021e-26 1.457952387e-25
4.567593234e-27 7.284737878e-26
4.062242156e-29 6.547861674e-26
1.475980478e-26 1.716969689e-25
1.121638797e-25 -9.662014197e-15
4.099506481e-15 -3.067911661e-14
-7.196041248e-15 9.287527378e-15
-8.002768133e-15 -1.077285217e-14
-2.454177168e-14 -2.516079691e-14
-1.207364608e-08 -8.018582243e-09
-4.212538762e-09 -8.885867153e-09
-7.978078642e-09 -8.314812838e-09
-4.113813734e-09 -8.336069612e-09
-3.047288866e-09 3.913005681e-24
-1.285058201e-23 -2.320022962e-24
2.007705041e-24 -1.229973306e-23
-5.017703616e-24 -3.997462313e-24
-1.272092641e-23 3.289697886e-24
-1.077572964e-08 -5.957853655e-10
-7.790124101e-09 1.929598925e-09
3.016436656e-09 3.881565735e-09
9.123937161e-09 -9.648197796e-10
-2.968826074e-09 -1.605731737e-23
2.890642737e-24 2.524733353e-24
-2.606355410e-24 2.140791161e-23
1.901115496e-23 1.773449640e-24
1.944275496e-23 1.307695354e-23
-9.048621287e-04 -3.677447559e-03
-6.238702685e-03 9.746292606e-03
1.674988540e-03 6.938206032e-03
1.318046078e-02 1.913945540e-03
1.627257094e-02 -5.840804894e-03
-3.972260747e-03 -1.630075043e-03
-4.011151846e-03 -2.861810615e-03
-7.941079675e-04 2.998523880e-03
-6.161758676e-03 -3.833385417e-03
-2.952882787e-03 -3.147997661e-03
-6.175693707e-04 -3.003179736e-04
-1.508916903e-04 1.564203267e-04
6.459855009e-03 2.494277898e-03
-1.616931171e-03 -9.189480916e-03
-7.168727461e-03 -8.019422530e-04
-7.130248472e-03 -4.287892370e-04
1.041771844e-03 6.106328685e-03
6.757522933e-03 1.099303947e-03
-8.410952054e-03 -1.833121479e-02
4.696220625e-03 -4.508408252e-03
-6.940416992e-03 -1.363898814e-02
1.179434080e-02 -1.977407373e-02
-1.689747348e-02 -3.098460746e-25
9.792277342e-25 -7.434834073e-25
-1.360725996e-24 1.003007295e-23
2.312952599e-24 3.882408527e-24
8.224881523e-24 2.145365805e-24
-1.157463491e-19 -6.693564258e-20
-1.149863511e-19 -1.595043845e-19
-5.772284096e-20 -1.175859988e-19
-2.426557333e-19 -2.233461583e-19
-1.807667390e-19 -1.068178213e-09
-5.901229505e-10 -6.286698245e-11
-1.808503569e-09 -1.387800541e-09
1.510660347e-10 -1.899665980e-10
-1.816104822e-09 -8.687322528e-10
-8.330390675e-19 1.212261146e-17
-1.187891434e-18 1.467462557e-18
1.059282447e-17 4.884015549e-18
8.037248309e-18 1.594332108e-18
-2.444369788e-18 -1.619150489e-28
3.555764711e-30 9.403463093e-29
-9.995502985e-29 -1.113950296e-28
-9.783156871e-30 3.945160963e-29
-1.399667932e-29 -7.878777782e-29
-3.853553166e-26 -1.776006005e-26
-4.578937886e-26 -5.289408512e-26
-7.451339138e-26 -1.337623489e-25
-3.440862741e-26 -9.587505444e-26
-1.613373023e-25 1.439948902e-20
6.079237896e-20 -2.386657759e-20
-2.175664503e-20 4.192663162e-20
1.940230644e-20 5.376276547e-20
-3.728786737e-20 -5.014594732e-20
3.234118435e-16 2.432890383e-16
1.688613649e-16 1.666874813e-16
2.439377596e-16 2.034794294e-16
1.814889321e-16 5.458920881e-16
5.256195192e-16 -4.735788236e-22
-1.297862739e-22 4.094764661e-22
-4.103531745e-22 -6.340148554e-22
-8.648879114e-22 -3.348112232e-22
-3.938203160e-22 -7.076039911e-22
2.844405547e-02 -6.173932459e-03
4.809813574e-03 1.251805853e-02
-8.416651748e-03 -1.753414981e-02
3.371441970e-03 -3.229446709e-02
-2.482529730e-02 -1.292522158e-02
-8.846613578e-03 -5.127929617e-04
-1.012049615e-02 -2.736345865e-02
-1.121117733e-02 1.176672336e-02
-1.647869684e-02 -4.332021810e-03
4.068264157e-25 -1.908099716e-24
-1.192570581e-25 1.699831365e-24
-2.277798196e-24 -2.365048776e-24
6.066251614e-25 -1.476058249e-24
-3.246488425e-24 -2.193343550e-20
-1.574016300e-20 1.939942585e-20
-2.407010764e-20 -7.624186714e-21
1.063489231e-20 2.767471882e-21
-2.443178106e-21 -6.248195999e-21
2.005304882e-25 -7.353433488e-26
-1.450836985e-25 1.975838462e-25
-6.899899481e-26 -5.413848238e-26
1.117996724e-25 -3.107614738e-25
-1.995607563e-25 -1.013220337e-13
-1.291166338e-13 -8.969576113e-14
-1.175920391e-13 -1.715130452e-13
-9.145112510e-14 -8.469473630e-14
-1.016244177e-13 -5.842351478e-14
5.109774381e-09 -7.181975459e-09
-1.706929709e-08 -2.566108925e-08
-5.114744184e-09 -3.992625341e-09
-2.524188503e-08 -1.208100198e-08
-1.473047795e-09 -4.300745015e-23
-2.403898045e-23 -3.342126371e-24
-3.355005235e-23 -8.365527534e-24
1.752942648e-23 -1.595697899e-23
9.019232112e-24 7.526878462e-24
-3.325047571e-09 -1.072836753e-08
1.467555588e-08 -1.123087845e-08
-4.546165400e-08 -3.427358397e-09
8.248224326e-09 -1.155707174e-08
5.733574504e-09 1.018486324e-23
-1.596912745e-23 -6.890163582e-24
1.791181576e-23 -3.083001577e-23
-4.609461628e-23 7.116306830e-25
-1.717745252e-23 -3.282733901e-23
4.788122897e-04 -3.446937539e-03
-4.712011665e-03 -7.651473861e-03
-1.211518515e-02 -1.676127315e-02
-4.186938982e-03 1.199393068e-02
-6.189357489e-03 -1.525050495e-02
-1.011379249e-02 -1.539261546e-03
-1.847369783e-02 -1.144473534e-02
-1.558983931e-03 -7.276410237e-03
-1.203460339e-02 -8.569316939e-03
-6.103116553e-03 -6.817814428e-03
-7.046816405e-03 -6.677861791e-03
-9.416406043e-03 -8.612573147e-03
-1.541371923e-03 -1.106393803e-02
-7.079673931e-03 -6.764733698e-04
-6.624297705e-03 -1.149883773e-02
-6.096137688e-03 -1.366935577e-02
-1.169984043e-02 -5.148830358e-03
-1.449609175e-02 -1.468426641e-02
-3.361037746e-02 -1.178289950e-02
-9.344758466e-03 -2.435804158e-02
-7.231808733e-03 8.281663060e-03
-1.021003723e-02 -3.716499079e-03
-2.004520968e-02 2.266061010e-23
-1.385520742e-23 2.380098664e-24
3.387052197e-25 -3.746488188e-23
-2.243532721e-23 -1.225789582e-23
-3.269081874e-23 -2.809710814e-23
3.238707427e-20 3.283521553e-20
6.049441300e-20 1.687433845e-19
7.316275516e-20 1.121583111e-19
2.521370584e-19 1.212096315e-19
8.507200402e-20 -5.001481451e-09
-6.390072027e-09 6.857766577e-10
-3.491761769e-09 -6.853597245e-09
2.833883961e-10 -2.612910110e-09
-6.983921885e-09 -7.059388629e-10
-7.959145916e-18 -1.429056582e-17
1.000805079e-17 -1.015028118e-17
-3.416513018e-17 7.989610978e-18
-2.087151427e-18 -4.993625251e-18
-1.622751345e-18 -9.045979800e-29
-1.227958127e-28 1.056471760e-28
-1.895175010e-28 3.215719586e-30
2.827636426e-30 -9.677936397e-29
-2.761503799e-28 -3.208158731e-28
-2.095005023e-25 -3.021894400e-25
-1.245986818e-25 -1.861945929e-25
-3.211105400e-25 -1.258584433e-25
-8.579103317e-26 -6.980149438e-26
6.768565850e-26 -1.416726452e-19
-2.116291966e-19 -6.606026577e-20
-8.615400796e-20 -2.400704578e-19
-1.007188491e-19 -9.857274838e-20
-6.495871322e-20 -1.013564955e-19
2.468887430e-16 3.265650031e-16
6.500094309e-16 -6.374540997e-17
-1.322425292e-16 1.285612181e-16
-6.919627213e-17 2.441054159e-17
1.863761799e-16 -1.351472716e-23
-4.106594293e-22 -1.454775251e-22
-4.312359257e-23 6.389536674e-23
4.064015494e-22 4.576015251e-22
5.380599858e-22 1.129744944e-21
1.306278165e-02 2.440757304e-02
-2.067828784e-03 -2.342924289e-02
1.569775119e-02 -4.586156458e-02
-3.503359389e-03 7.195340469e-03
2.928645350e-02 -5.227720831e-03
-1.199589111e-03 1.341431495e-02
-6.746357772e-03 -8.487458341e-03
-1.594658010e-02 3.629683983e-03
-1.129755937e-02 -4.763608333e-03
-7.286730368e-25 -8.345277549e-26
-2.110325934e-25 -8.452174241e-25
6.109029076e-25 -4.161680572e-25
7.951910209e-25 2.633222632e-25
-6.857293227e-25 7.917684774e-21
-1.526062442e-20 2.994162465e-20
-6.612682957e-21 -8.121008030e-21
-4.882129027e-21 1.051181365e-21
-9.686600820e-21 1.937543559e-21
-5.622080400e-26 1.114758450e-25
2.452087842e-25 -2.414610016e-27
4.829457614e-26 2.928831739e-25
2.307195048e-25 3.758876607e-25
4.329165603e-25 -3.617354490e-14
1.202345057e-14 8.163147214e-14
-5.196525109e-14 -8.887973636e-14
-5.979276725e-14 4.940365405e-15
-1.051002005e-13 -1.003252724e-13
6.359997862e-09 -1.212320822e-08
-1.260719085e-08 -1.784088788e-08
-2.655428410e-08 -2.131703880e-08
-1.237174274e-08 -4.073459436e-08
-2.377701236e-08 1.543860429e-23
-1.341823054e-23 1.752411271e-23
1.392103155e-23 -4.438128297e-24
1.437802932e-24 7.019498905e-24
-1.119221968e-23 1.366584451e-23
-4.564423284e-10 8.641090510e-09
5.982740969e-10 7.454563189e-09
-1.092502622e-08 -1.010852824e-08
2.146197886e-08 -1.509005587e-09
-1.179024345e-08 -1.381456846e-23
-7.722295085e-24 -1.233115970e-23
-5.902721242e-25 -1.090123138e-24
-2.262045630e-24 5.523117489e-23
1.186445145e-23 -1.545788563e-23
-8.589914069e-03 -1.315823570e-02
-1.366220135e-02 -2.226396464e-03
2.089594677e-02 8.832667023e-03
1.044921298e-02 -2.100657299e-02
6.931212544e-02 -6.366956950e-05
3.682023380e-03 -4.960977822e-04
-1.458983868e-02 -1.252559107e-02
-1.104898565e-02 -1.166062430e-02
-1.602735743e-02 -1.209994499e-02
-2.873426070e-03 -2.859700006e-03
2.670808928e-03 -5.552060902e-03
-7.980959490e-03 -5.709114950e-03
5.423648749e-03 -8.112140931e-03
-7.172251120e-03 -6.123824045e-03
-5.694935564e-03 9.418464033e-04
-1.454078220e-02 -9.668514132e-03
-1.201147400e-02 -4.013173748e-03
-1.341968030e-02 -1.788034104e-02
1.646650210e-02 -1.873414591e-02
-2.054444887e-02 -2.600071579e-02
2.272326872e-02 -4.529950768e-02
-2.597901039e-02 -2.568869852e-02
-4.755367711e-02 -6.043491399e-24
-6.970892451e-24 -2.923468422e-24
-1.000739478e-23 1.085633632e-24
8.336988124e-24 5.447533412e-24
-5.523215051e-25 -7.994924625e-24
-2.730095071e-20 5.929943105e-21
1.835468284e-19 -1.103637944e-19
-1.347992526e-19 4.350659829e-20
1.229044858e-19 -1.169045183e-19
4.504266623e-20 -1.962161544e-09
-7.652495859e-10 2.376729480e-09
-5.460489394e-09 -1.986005138e-09
-2.973069568e-09 -9.600510387e-10
-4.366667472e-09 -3.914639279e-09
-8.723212648e-18 -1.119569314e-19
-7.433582652e-18 -3.984222540e-18
-1.741052235e-17 -5.595770138e-18
6.983916517e-18 -1.438227699e-17
-1.148819619e-17 -1.178603163e-28
-4.308385031e-29 1.211265250e-28
-8.683788663e-30 -5.581756646e-29
-6.908899925e-29 -4.144725523e-29
-9.564159678e-29 -3.649256873e-29
-5.195650544e-27 -8.099229984e-26
7.716532604e-26 7.436443226e-26
-2.270412929e-25 -2.402147770e-25
2.468516795e-26 -2.532111865e-25
-2.733073194e-25 3.945954929e-20
-2.533852933e-20 8.067580402e-20
1.052089648e-20 -4.094609948e-20
4.142610334e-20 1.366339908e-19
-1.301281507e-19 -2.701514689e-20
2.931693527e-17 5.663058468e-17
9.419324673e-17 2.656020831e-16
-1.582897849e-16 -5.500187929e-17
1.641179407e-16 2.704395147e-16
4.359042246e-16 -6.568988898e-22
3.626978222e-22 3.450686111e-22
-7.724265470e-22 -1.669942427e-22
-1.966346878e-22 -9.416238574e-22
-6.142302618e-23 1.592129314e-22
9.940570220e-03 -5.019686371e-02
-1.440132409e-02 -4.388804361e-02
-1.004710328e-02 6.523245014e-03
-1.177247963e-03 -4.581819102e-02
9.694536217e-03 -9.629675187e-03
-2.249930799e-02 -1.908311062e-02
-1.130821556e-02 -9.497007355e-03
-7.563095540e-03 -9.640545468e-04
-1.493462455e-02 7.517349441e-03
9.937684128e-25 -1.424146862e-24
-1.384787634e-24 2.196681995e-24
-1.393372314e-24 -1.766317351e-24
2.367599557e-24 -5.769105954e-25
-4.961395217e-25 -8.032216977e-21
-1.724985809e-20 9.121209139e-21
-1.184172782e-20 -3.513181060e-21
1.773513846e-20 2.971727938e-21
-5.717553577e-21 1.352850984e-20
2.530669975e-25 -1.059471627e-25
-1.908542957e-26 9.745464980e-26
9.306762174e-26 1.934425114e-25
2.622191645e-25 1.245392214e-25
3.759532348e-25 -7.211247523e-14
-1.325511424e-13 -1.074055666e-13
-6.883948571e-14 -1.191443862e-13
-6.504871511e-14 -1.009590598e-14
-5.476237072e-14 -2.587249940e-14
-2.929323450e-08 -2.896799778e-08
7.455730255e-09 -2.075926986e-08
-6.132961694e-09 1.333055266e-08
-1.302222508e-08 -6.960574339e-09
1.148030337e-09 -1.577547788e-23
-2.778808608e-23 3.327495446e-23
-1.211917227e-23 -8.985627993e-26
3.302501809e-23 -2.433746175e-23
-2.721024823e-24 4.300421582e-23
4.259528730e-09 -1.944062511e-08
-6.130766561e-09 3.303229468e-09
-6.529325081e-09 -3.453334285e-09
1.213741729e-08 -4.364805850e-09
1.131162986e-08 1.150066272e-23
1.158913741e-23 -3.742200887e-23
2.426284656e-23 2.045738392e-24
-3.070429343e-23 1.710970673e-23
-1.823993141e-23 2.024901814e-24
2.183650620e-02 1.651948132e-02
-8.493818343e-03 -6.747031957e-02
1.468232484e-03 -1.650790684e-02
3.849622095e-03 -8.110827766e-04
6.368359551e-03 -1.303311624e-02
-1.878443360e-02 -5.692856386e-03
-1.377842017e-02 -1.323091704e-02
-5.481284461e-04 -1.058904082e-02
-3.113224171e-03 3.948820755e-03
-5.000644363e-03 -8.736386895e-03
-9.273354895e-03 -5.232633557e-03
-7.712037768e-03 -9.007665329e-03
-3.902233206e-03 -7.619698532e-03
-9.680000949e-04 -5.814637523e-03
-4.405362997e-03 -2.140631527e-02
-6.253124215e-03 -1.351348870e-02
-1.951048709e-02 -3.823947627e-03
-1.531730033e-02 -1.276720781e-02
2.340101637e-03 -8.134094067e-03
-9.755229577e-03 -3.989486024e-02
-3.636688739e-02 -6.270970218e-03
-1.221328881e-02 1.454860810e-02
4.177966621e-03 1.587302842e-23
9.210661832e-24 -8.691043887e-24
4.400800583e-24 8.946721989e-25
-2.109162414e-23 3.937147191e-24
-2.758841237e-24 -1.273597945e-23
1.719109822e-19 8.681347770e-20
2.670358479e-19 2.156790471e-19
7.118734123e-21 2.454866038e-19
4.110157583e-19 3.049090360e-19
4.254794508e-19 -4.369051787e-09
-7.705308391e-09 -3.671490223e-09
-1.090369350e-09 -1.782704873e-09
-1.625497237e-10 -1.261146569e-11
-4.437755496e-09 3.978100072e-10
1.632118669e-17 -1.652305681e-17
-1.460976655e-17 7.555883787e-18
-8.139537464e-18 7.341983152e-18
-2.957902745e-18 -1.081742137e-17
1.263044659e-17 -1.568805477e-28
4.077916518e-29 -8.934381489e-30
-1.679271169e-30 5.299002445e-29
-1.087184324e-28 5.554814090e-29
8.360604528e-29 -1.227694636e-28
-2.308790180e-26 -2.905673988e-25
-8.188742893e-26 9.133541262e-26
-2.611952230e-25 -2.204954237e-25
-6.133694291e-26 -2.639645932e-25
-1.684413645e-25 1.744716773e-21
-2.102003714e-19 -1.310378684e-19
-7.168723620e-21 -8.703107790e-20
-1.380717342e-19 -6.702877794e-20
-5.074510074e-20 -7.729947894e-21
-8.596140335e-18 -1.942840530e-16
1.867908422e-16 -5.880113308e-17
-2.621443358e-16 -3.716282147e-16
4.362866070e-16 -9.164159306e-17
-2.411020521e-16 7.599220541e-22
-1.315176910e-22 2.151497833e-22
4.578175594e-22 7.380704903e-24
7.155280925e-22 2.554383108e-22
7.552683680e-23 2.866002855e-22
-3.950332850e-02 -5.550823640e-03
-3.405995294e-02 -7.684003096e-03
-6.537461281e-02 -1.062851306e-02
6.793392356e-03 -1.765664294e-02
9.753242135e-03 -6.298103370e-03
-7.069588173e-03 -5.233588163e-03
8.854847401e-04 -1.643784344e-02
-2.221431211e-02 9.013858624e-03
-8.102674037e-03 -5.516502541e-03
6.189568816e-25 9.196545363e-25
-1.386967552e-24 -1.145899943e-24
-3.911690305e-25 -2.521719904e-24
-1.493588562e-25 -3.007060117e-25
-2.645088875e-24 -2.090463123e-21
-7.684755883e-21 1.733847466e-20
-4.228491554e-21 -2.933188268e-20
-4.481166150e-21 6.953430479e-21
-9.512367018e-21 -2.097480627e-21
4.546425107e-26 -1.045258449e-25
-1.895283191e-25 9.439932372e-26
-4.936967153e-25 -6.417859862e-26
1.430237485e-25 -2.055480257e-25
-2.968763878e-25 -9.975743511e-14
-1.063467484e-13 -1.581464214e-14
-6.802954603e-14 -1.208862112e-13
-1.040594341e-13 1.122205322e-14
-7.011019098e-14 -8.796635024e-14
-9.454460326e-09 -1.829253371e-08
1.802972349e-08 -8.346576763e-09
-2.463672466e-08 -1.322349785e-08
1.407938210e-09 -6.419924148e-09
-1.496251301e-08 7.873604129e-24
-6.271338805e-23 2.609988903e-24
-3.285862523e-23 -4.832389618e-23
-3.982402406e-23 -7.763137570e-24
-3.128260421e-23 2.020125577e-23
3.599736509e-09 -1.579502928e-08
-1.541611105e-08 4.267528553e-09
-5.320323737e-09 -9.819435931e-09
6.001481978e-09 3.998415377e-09
4.651157237e-09 -2.006793039e-23
1.566003775e-25 8.759242490e-24
-2.805308970e-23 -2.737597252e-23
-2.837024019e-23 1.410964504e-23
-3.002196030e-23 -5.238241830e-23
2.001557965e-03 1.800399646e-02
1.250207331e-02 9.561191313e-03
-2.836714499e-03 1.738016121e-02
-5.704170559e-03 -5.612494424e-03
3.478098661e-02 -2.740528202e-03
-6.908823736e-03 -1.562007004e-03
-6.110554561e-03 -1.267914288e-02
-8.153896779e-03 -6.715111085e-04
-5.166448187e-03 -8.138082922e-03
-2.335619181e-03 -5.333735142e-03
-5.965612363e-03 -2.433292102e-03
-7.792367134e-03 -7.297042757e-03
4.562847782e-03 -3.044165904e-03
-5.394887645e-03 -4.668962676e-03
8.180143195e-04 -8.225646801e-03
-6.202613469e-03 -6.072219461e-03
-9.777735919e-03 -1.092751976e-03
-2.714259084e-03 -8.021545596e-03
-1.247007679e-02 1.241846196e-02
-2.703637630e-02 -1.485470124e-02
6.492652465e-03 -3.964193165e-02
-1.986585092e-03 -2.345177345e-02
1.922186278e-02 1.497662526e-23
-4.339188968e-24 -2.989530080e-23
1.611249819e-23 -5.049798816e-24
-2.405095378e-23 1.688951829e-23
-1.432572193e-23 -1.802498259e-23
-8.364975420e-21 -2.429953717e-20
4.023298255e-20 -1.157748869e-19
-2.537547652e-19 -1.770699008e-19
-2.017493676e-20 -1.780274399e-19
-1.365620132e-19 -2.684959588e-09
-4.044186763e-09 -2.323109705e-09
-3.194270848e-09 -2.723989034e-09
-6.166376298e-09 -2.059359128e-09
-3.929640613e-09 -3.406714022e-09
9.013365273e-18 -6.067012554e-19
7.189993471e-19 -4.346986320e-18
-1.412309153e-17 -1.694120819e-17
1.619153275e-17 -3.193400858e-18
-9.764361724e-18 -4.499785454e-29
-9.431829031e-29 -1.659533509e-28
-3.233949340e-29 2.010189079e-29
-6.278236711e-29 6.540370221e-29
-1.659367759e-28 -2.046710548e-28
-1.009940283e-25 -2.649822238e-25
-4.965589739e-26 -3.049770772e-26
-1.259610199e-25 -1.227562355e-25
1.850003192e-25 1.254261352e-25
1.162279924e-25 -3.939054676e-21
-1.886496152e-19 -8.331854914e-20
-1.959282132e-20 -1.598731261e-19
-2.217331044e-19 1.407125341e-19
-3.821763131e-20 -1.662857016e-19
