-2.944421023e-03 -2.636303753e-02
9.956469759e-03 1.228279714e-02
3.240972012e-02 -2.469468862e-03
-1.568454900e-03 -9.598193690e-03
1.484343130e-02 -2.501745895e-02
9.175010026e-03 6.471407600e-03
-2.860799991e-02 2.869001031e-02
-4.863698501e-03 4.706407897e-03
3.374621272e-03 -1.780581102e-02
2.822991088e-02 -8.343033493e-03
9.308998473e-03 3.125999868e-02
3.563583829e-03 7.706882432e-03
-1.551049575e-02 2.349936403e-03
-4.296887666e-02 -2.140861936e-02
3.493884578e-04 -3.859093040e-02
-2.094824985e-02 2.620339021e-02
-5.390821490e-03 5.224256776e-03
3.759380896e-03 1.417612843e-02
-2.428542078e-02 4.292699322e-02
2.726899460e-03 -4.307869077e-02
2.140953392e-02 9.173290804e-03
-2.743944153e-02 -2.829543874e-02
-4.266565666e-03 1.888426952e-03
1.032670122e-02 1.282974705e-02
2.250198275e-02 2.374085970e-02
-6.221209653e-03 1.990524866e-02
9.162791073e-03 5.852802098e-02
-1.329911966e-02 2.602328360e-02
-1.364638377e-02 -3.302071616e-02
-6.258539390e-03 6.957097910e-03
-1.240503788e-02 -9.921155870e-03
2.685645595e-03 3.277145326e-02
5.864279345e-03 2.710416168e-02
7.242294960e-03 -2.373766899e-02
1.786375791e-02 -1.112472266e-02
-1.221351977e-02 9.859498590e-03
