-0.6742929 -0.3879244
0.2978432 -1.1188
-0.4561974 -0.3753633
0.03578705 -0.6131552
0.2656584 -0.3313223
0.420417 0.1641106
-0.5932913 0.002131241
1.005273 -0.4919518
0.2954599 -0.6022465
-0.6381009 0.5522924
-0.5620325 -0.2388555
0.1668552 0.201648
0.9581977 0.5170023
-0.3642476 0.5180654
0.05437312 -0.2383832
0.8777997 0.4511697
-0.8720812 -0.2023498
-0.1303546 -0.2289182
-0.265463 -0.7167122
0.722513 0.07337455
0.284113 -0.5216855
0.3416401 -1.172642
-0.7310735 -0.3699087
-0.08509415 0.3111551
-0.5672715 0.7628696
0.4455906 -0.3774492
0.5546477 0.7678611
0.2523412 0.1801412
0.4993979 -0.7588727
0.09083094 0.2085291
0.2611827 0.2758342
-0.3357711 1.110644
0.60544 0.3212973
0.5385669 -0.1472553
-0.6014042 0.3913984
-0.5937703 0.0448792
0.1628315 -0.4515128
0.04578618 0.346039
-0.07008278 0.2084401
-1.07494 0.2960977
-0.6664747 -0.8204083
-0.3844435 -0.4271037
-0.7119527 0.501838
-0.2508797 0.03887947
0.0637309 0.6564851
0.1138044 0.0391338
0.9590081 0.5274466
0.6801211 0.2427894
0.3805472 -0.06773227
0.6535498 1.074428
0.5806052 0.5050986
0.54395 0.4238009
0.2769272 -0.2090568
0.6835114 -0.9686442
-0.3906081 0.2736132
0.2982239 0.3078892
0.6837245 0.276395
-0.009221264 0.5907703
-0.2934462 -0.3762411
0.9874032 0.8118982
0.3133575 -0.6699536
-0.1180788 1.024067
0.06700753 0.4817295
0.06730817 0.3206756
-0.04009788 0.2401157
0.5735633 0.6724159
0.004193434 1.313037
1.201738 -0.3738914
-0.2240554 -0.4702014
0.002574709 0.5344729
0.3258091 0.6201645
-0.937558 -0.7660056
-1.016114 -0.4888972
-0.5163178 -0.01238008
-0.08506411 -0.5147212
-0.02955572 -0.4946879
1.285919 0.1446994
0.8558519 0.6419027
-0.1312346 0.4424854
-0.4483402 -0.4329695
-0.778414 0.5319154
-0.1055288 -0.07910908
0.01038323 1.348692
-0.6729983 0.7015659
-0.4799351 -0.3093261
1.080586 0.01909297
-0.489922 0.6250112
-0.1708791 -0.01279134
-0.05801915 0.6423711
1.048859 -0.6355886
-0.2748415 0.3076988
0.01283446 1.131923
-0.9962482 -0.1025516
-0.5036248 -0.01903958
-0.3903738 1.056521
-0.8101461 -0.6650779
-0.6341148 -0.5568866
-0.7107922 -0.2162723
0.7197818 -0.4951601
-0.2892032 0.5782971
0.6435612 -0.6358495
0.7878994 -0.04841651
-0.5299414 -0.6762491
0.5960217 -0.03800429
-0.5523164 0.844859
-0.2922042 0.1036904
-1.096579 -0.5316112
-0.2171382 -0.932632
0.242005 0.7876667
-0.8274021 -0.005869879
0.4905238 0.1477439
0.3167911 -0.3751672
0.1324276 -0.5910308
-0.4142371 -0.144582
0.1137408 0.1099472
-0.7073324 0.7403736
-0.05272563 -0.01539596
-0.3936798 0.9519678
-0.09096769 -0.7535704
0.3240978 -0.2043988
-0.3917645 -0.4662237
0.1844459 0.3359497
-0.1076305 0.2956699
0.2253181 -1.341063
-0.6332034 0.5147714
-0.6054103 0.3070515
0.03079499 -0.2245907
0.05173945 0.01108056
0.008130631 1.016391
-0.7720261 -0.3377717
-1.104775 -0.2705396
-0.1772947 0.3371954
1.018617 0.05184603
0.05780726 0.08124161
-0.2135724 -0.2558309
-0.6363281 -0.404162
0.8138624 0.680186
-0.1486891 -0.7473866
0.2482054 -0.5271516
-0.1618453 0.1837367
-0.683976 -0.08266572
-0.0841667 0.8893719
-0.05264603 0.2039999
0.5612417 -0.3142395
-0.8052 -0.386824
0.4432236 0.8057755
-1.151712 0.2487741
-0.0864143 -0.101743
-0.6673399 1.232931
-0.2107423 0.1655832
-1.023907 -0.5855922
0.613915 0.1251364
0.02360149 0.2955126
-0.1585038 -0.2959926
-0.2431279 0.5716915
-0.1930122 0.5915164
0.06295696 -0.3356758
-0.7259818 -0.1749745
1.026081 -0.2036842
-0.1891237 0.4352912
0.3416821 0.3180125
-0.5484332 0.3928731
0.327564 -0.9128298
1.030384 0.08505548
-0.119876 0.2766851
-0.5240479 -0.3564723
0.3429887 0.8382302
-0.1589311 -0.116147
0.1505572 0.06605519
0.6814893 0.269365
0.506972 -0.9571226
0.7004473 0.4486724
0.3217101 -0.7331247
-0.274021 1.006878
-0.9575087 0.1928011
-0.8835197 -0.1120082
-0.4977731 0.3893844
-0.1510207 -0.08914691
-0.4967192 1.122085
-0.0009806539 0.202538
0.4582204 0.5096006
-0.4288651 -0.04871178
0.8853214 -0.2711141
1.184773 0.005700838
-0.1991251 0.4626389
-0.2488732 -1.069098
0.4267881 -0.4928665
0.4437399 0.5945396
0.3921632 0.005683569
-0.3080088 -1.364533
-0.2805625 0.2151006
-0.3250486 0.1753201
-0.6048235 0.1332465
-0.110274 -0.1179801
0.189952 -0.9281414
0.683197 0.5919339
-0.4832362 -0.073558
0.6512642 -0.2226394
-0.4498818 -0.422373
-0.1751839 -0.05310554
0.1482095 0.4582258
-0.8080235 0.7570174
0.2147539 0.2815639
-0.05205928 0.5977083
1.0798 -0.2050059
0.3603916 -0.9912598
0.4241244 0.7161787
0.1376684 -0.2556049
1.009246 0.1103806
0.507207 1.162808
-0.2028062 0.214474
0.06477229 -0.1390823
-0.3342676 0.2294605
-0.3557857 -0.2534093
0.6825905 0.5337332
-0.2015879 0.4033247
-0.641297 -0.9059245
0.4469092 0.04962481
0.9419093 -0.455659
0.448334 -0.7185174
0.04904031 0.2607103
-0.3050596 0.4541724
-0.2478897 0.3178736
-0.0371755 -0.7161384
-0.5109293 0.2616427
0.2044243 0.4251222
0.5776002 0.7054713
0.4030294 0.7377887
-0.4692904 -0.0344104
0.1249888 -0.7711896
-0.5698019 0.3921397
-0.1558912 -0.5953553
-0.602712 0.6258934
0.08546348 -0.5382239
0.2693898 0.6502001
0.04547878 0.04775206
0.7112773 -0.9296324
-0.02714529 -0.813731
-0.7981794 -0.5818958
0.516448 0.1429092
-0.5749552 0.2860611
-0.180225 -0.3273366
-0.05035626 0.09548073
-0.823101 -0.6108
0.4093779 -0.1218945
0.5453014 0.6278877
1.097251 0.3822835
-0.7351918 0.8906015
0.3733014 -0.2673438
-0.348201 0.2138868
-1.065499 0.2978589
-0.1968578 -0.5360804
0.3597199 -0.9822856
0.8277196 0.5006056
0.9905678 -0.3438725
0.1749172 0.1984131
-0.0003986179 0.7005361
-1.182264 0.2585881
-0.007090308 0.130811
0.3941464 0.9772883
-0.7466063 0.7115277
0.9009672 -0.445204
0.03666652 -0.8055666
-0.4335927 0.2162606
-0.3214795 0.07006334
0.1411499 0.6473242
0.5376631 0.8148602
0.3408664 -0.5349284
0.6779181 -0.02322058
0.2740095 0.08367837
-0.1243879 -0.5723525
0.401387 0.4092914
0.0669334 0.4245484
0.6700407 0.7846853
0.4922431 -0.2819049
0.06879458 0.5481871
0.9748217 -0.4842255
-0.7208351 0.3976045
-0.2396262 -1.333525
0.4543226 0.1235537
0.8990918 -0.02062942
0.8106141 0.5915852
0.3156524 -0.1432639
0.3844174 -0.4895074
-0.1386374 -0.6397233
-0.7692042 -0.282559
-0.3429577 0.1328186
-0.4728565 0.007488648
-0.2079239 -0.8971523
-0.316323 -0.64033
0.3122621 0.2846809
-0.7997837 0.3472212
-0.1656138 -0.01752927
-1.333574 0.1647617
-0.3173102 0.8630428
-0.486518 0.4189115
1.067982 -0.143343
0.3921543 0.4281944
-0.7521691 -0.09329014
0.1941676 1.26706
-1.122403 -0.5356165
0.5208732 0.03445265
0.485491 -0.5433487
-0.03893425 -0.0752482
0.1120549 -0.08278804
0.03327926 1.122824
-0.6049433 -0.02713791
-0.5257585 -0.205104
0.3279038 -0.03946827
-0.4563603 -0.05169392
0.2544596 -0.09497027
-0.4510123 0.02014557
0.4822089 1.50783
-0.8612066 0.4464507
-0.7894969 -0.2465752
-1.20384 0.4463307
0.7754161 0.9081941
-0.2491844 0.1297307
0.7205107 -0.8043158
0.3408215 0.6142371
0.03654218 -0.3200358
0.3594239 0.6375423
-0.01002535 -0.2284853
0.5592222 0.3129625
-0.3537053 -0.2786426
0.4937361 -0.3264582
-0.3768741 -0.03220943
0.02490811 -0.589043
-1.081973 0.3175121
0.603573 -0.493398
0.6551344 -0.3070245
-0.726038 -1.205384
-0.1489426 0.2439385
-0.3583375 0.5381134
-0.4883393 -0.5063276
0.4127364 0.8615787
1.168236 -0.1890988
0.8858748 -0.4136237
0.5732575 -0.7638146
0.4235928 -0.7877254
0.6267115 -0.809992
-0.1567428 -0.01790711
-0.1106677 0.1063039
0.4038716 0.6728127
-0.1875541 0.6750374
-0.5212551 0.07377973
0.9095322 0.6087153
0.3704582 0.3065913
-1.15304 -0.4653057
0.3490872 -0.8513772
0.5291394 0.1229828
-0.3964337 0.1487356
-1.086342 -0.7775888
0.6486207 0.08549482
0.118733 0.6629232
-0.1470853 -1.178718
0.7603884 -0.6826139
-0.6102707 0.4788468
0.1155016 -0.5604146
-0.007605637 -0.8002533
0.4200093 0.5975815
0.8243108 0.4448339
-0.9311532 -0.1586994
-0.3614957 -0.8727307
-0.4645191 0.2508869
0.361276 -0.8159909
-0.1686177 0.436167
-0.5398616 -0.155053
0.7726204 0.3001803
-0.4171892 0.5231352
0.1934999 -0.4344131
-0.1780656 0.4745444
-1.240308 -0.9274302
0.9537846 0.2497644
-0.07517619 -0.8437275
0.5368088 0.4807681
-0.1539414 0.1794707
-0.03905094 -0.4128217
-0.08290524 0.03455371
0.4474752 0.2926426
0.1101052 0.514553
0.06654381 -0.2784414
-0.2145725 -0.598555
-0.322705 0.209697
0.17393 0.3968422
-0.6745823 0.7070296
-0.06485451 -0.4226861
1.154014 0.1733387
-0.1629482 0.5430057
0.1382233 -0.1829317
-0.0662947 -0.4318186
-0.2482994 -0.3758224
-0.4260425 -0.1813603
0.4891046 -0.9200518
0.03623801 0.450435
-0.9673648 0.8202147
0.148815 0.04188284
0.09061035 0.5037269
-0.689896 0.7546149
0.3751628 0.1049319
0.7813469 0.3812056
0.8789659 0.5802913
0.3491677 0.1106703
0.492063 -0.08957463
1.172736 0.2498518
0.2079975 0.7603755
0.432701 -0.4261467
-0.132869 0.7547019
0.07721865 0.8458474
-0.3820272 -0.9179521
0.7978585 -0.1437088
0.0203279 -0.1726111
-0.4874054 0.7086743
0.6564922 -0.2132563
1.041919 -0.6072843
-0.9047322 -0.2913076
-0.2962449 -0.4311001
-0.1665091 -0.5893792
0.1450843 0.1113144
0.4597037 -0.7450084
0.1193946 0.08826297
0.5872333 1.306116
0.367413 0.3818089
0.4873919 -0.9431486
-0.00747131 -0.2458588
-0.781767 0.06450468
-1.108695 0.3675534
-0.7481481 -0.2488262
0.1310724 0.5723295
0.3995528 1.23842
-0.9389506 0.005509733
0.6515698 0.1502523
0.1070459 1.346605
0.6591098 0.7007006
1.053921 0.1138202
0.424775 -0.4903015
0.3257013 0.4774614
0.5793475 -0.4194033
0.5649525 -0.7658578
0.618984 -0.6097369
-0.1876011 -1.22791
0.04332448 -0.4362919
0.8171066 0.4250311
0.2872544 0.01549091
0.6511974 -0.2809043
0.4288504 -0.2365488
-0.4939081 -0.1436215
-0.2799269 0.4359146
0.4112805 -0.523216
0.06859343 0.04505085
-0.7537714 1.065412
-0.5337461 -0.618706
0.5868654 -0.5414022
-1.035032 0.06464056
-0.6768222 0.5660695
0.3686252 -0.002625086
0.008622638 -0.4508175
0.3782856 0.3912611
0.8653532 0.03161002
0.2316462 -0.3573304
-1.363092 0.4679747
0.3677246 -0.4587901
0.3528468 -0.3630013
0.5980207 0.1457232
-0.3287493 -0.4894837
0.8944868 -0.3996578
-0.03369569 -0.2581137
0.1701477 -0.04278811
-0.0265579 -0.8589962
0.2231339 -0.8758044
0.7303102 0.6121683
-0.2498299 0.9064914
0.5640155 -0.07776287
0.9789965 0.03621393
-0.07289139 0.4899922
0.6380481 0.1364529
-0.0270984 0.5029563
-0.6210468 1.250122
-0.1938225 0.2134417
0.08666096 0.3065553
0.480916 0.4086687
-0.3034599 0.6394944
-1.020165 -0.130859
-0.5540948 0.7132555
-1.140992 0.5325952
-0.5775808 0.02417114
0.7698401 -0.0882976
-0.1322308 -0.0481397
0.2944317 -0.9856419
-0.2239318 -0.5771769
-0.5748481 0.03716683
0.1758811 -0.02116607
0.3377821 1.18149
0.1405066 0.4681342
0.0908776 0.3869883
-1.053138 -0.000366887
-0.4303342 -0.5139529
0.458884 -0.9001185
0.4324163 0.3977182
0.4461202 -0.8413889
-0.1076313 -0.7813218
0.4093949 -0.2768134
-0.4577331 -0.9330528
-0.514263 -0.9134661
-0.8374754 -0.2708574
-0.4451239 -0.7504699
0.2699814 0.1955309
-0.661566 0.3809081
0.1419441 -0.1956054
-0.1032059 0.6284281
-0.549719 0.3465362
0.2682677 0.4209726
0 0
0 0
0 0
0 0
0 0
0 0
0 0
0 0
0 0
0 0
0 0
0 0
0 0
0 0
0 0
0 0
0 0
0 0
0 0
0 0
0 0
0 0
0 0
0 0
0 0
0 0
0 0
0 0
0 0
0 0
0 0
0 0
0 0
0 0
0 0
0 0
0 0
0 0
0 0
0 0
0 0
0 0
0 0
0 0
0 0
0 0
0 0
0 0
