-0.671875 -0.878906
-0.679688 -0.585938
-1.179688 -0.644531
0.355469 -1.250000
-0.660156 -1.171875
1.210938 -1.132812
0.863281 -0.012390
0.396484 -1.335938
-1.187500 -0.691406
-0.789062 -0.117188
-0.996094 0.796875
-1.273438 -1.367188
1.375000 -0.421875
0.613281 -0.628906
0.542969 -1.304688
-0.072754 -0.976562
1.515625 0.558594
-1.226562 1.445312
-1.265625 -1.320312
1.484375 -0.339844
0.820312 -0.129883
2.015625 -0.170898
-0.730469 1.593750
-1.289062 -0.300781
-0.847656 0.542969
-1.429688 -1.117188
1.375000 -0.177734
0.804688 -0.073242
0.675781 -0.710938
0.437500 -1.054688
1.843750 0.339844
0.996094 -0.251953
0.625000 -1.250000
-0.482422 -0.929688
-1.039062 -0.664062
-1.117188 1.000000
-0.542969 0.914062
0.851562 1.039062
-1.015625 1.343750
-1.015625 -1.531250
0.056641 -0.828125
-0.828125 -0.742188
-0.859375 0.116699
-0.464844 0.917969
0.539062 0.761719
1.304688 0.447266
0.134766 -0.515625
1.210938 -0.196289
0.867188 0.886719
1.234375 0.275391
-0.279297 1.562500
0.156250 0.699219
-0.964844 1.421875
-1.218750 -1.632812
1.609375 -0.546875
0.414062 1.570312
-2.109375 -0.128906
0.613281 -1.500000
0.988281 1.140625
0.761719 0.628906
0.894531 -0.095215
1.492188 -0.875000
0.484375 1.625000
-1.929688 -0.067871
-0.570312 0.341797
-1.367188 -0.570312
-0.168945 -0.460938
-1.453125 -1.109375
1.679688 -0.933594
-0.093262 1.656250
-1.671875 -0.208984
0.558594 -1.281250
0.359375 -0.789062
-0.376953 -0.578125
-1.078125 -1.132812
1.492188 -0.890625
0.376953 1.585938
0.753906 0.349609
1.039062 0.472656
0.945312 -1.007812
-0.077148 -0.789062
-0.601562 -1.296875
1.000000 -0.597656
0.613281 -0.781250
-0.882812 -1.140625
0.144531 -1.140625
0.921875 -0.679688
-0.038574 -1.257812
-0.496094 -0.404297
-1.656250 0.063477
-0.628906 0.855469
-1.601562 0.523438
0.431641 -1.828125
1.210938 1.015625
-0.449219 0.996094
0.585938 1.257812
-1.507812 0.808594
-0.373047 0.753906
-1.914062 0.373047
0.824219 -1.460938
0.625000 0.273438
0.843750 -1.210938
1.289062 0.937500
0.976562 -0.183594
0.554688 1.937500
-0.090332 0.687500
0.146484 1.601562
-1.398438 -1.015625
1.320312 -1.148438
0.863281 1.156250
0.820312 0.261719
1.242188 -0.189453
0.035645 -1.406250
-0.228516 -0.878906
-1.492188 -0.679688
1.140625 -1.039062
1.101562 1.437500
0.656250 0.375000
0.628906 1.429688
-2.031250 0.211914
0.613281 -1.835938
1.492188 0.765625
-0.859375 1.320312
-0.437500 1.109375
0.289062 0.886719
0.116211 1.359375
-1.203125 0.566406
0.304688 1.007812
0.980469 0.667969
1.359375 -0.373047
0.359375 -0.714844
1.453125 -0.726562
0.503906 1.656250
-1.710938 -0.045166
0.437500 -1.515625
1.335938 0.925781
-1.140625 0.843750
-0.476562 0.478516
-1.476562 0.800781
-0.769531 -0.714844
-1.523438 0.105469
0.156250 -1.523438
1.914062 1.093750
-1.210938 1.226562
-0.421875 -1.500000
0.233398 -0.470703
-0.462891 -1.539062
1.531250 0.027832
-0.351562 1.609375
0.585938 0.785156
-0.765625 1.414062
-1.039062 -1.609375
1.359375 -0.402344
-0.026611 1.492188
-1.054688 0.021118
-0.925781 0.910156
-1.070312 -0.396484
-0.925781 -0.796875
-1.132812 0.531250
-1.132812 0.503906
-0.427734 -1.195312
-1.015625 -0.652344
-0.008240 -1.671875
0.433594 -0.910156
-0.808594 -1.257812
-0.937500 0.285156
-0.570312 1.117188
0.029053 1.640625
-1.421875 -0.170898
-0.562500 -0.015381
-1.578125 -0.217773
1.085938 -1.695312
0.640625 1.789062
-1.156250 0.675781
0.120117 1.351562
-1.617188 0.500000
0.496094 -2.015625
1.476562 1.171875
-0.162109 0.835938
1.015625 1.085938
-1.593750 0.828125
-0.433594 -1.703125
1.632812 0.582031
1.007812 -0.341797
1.218750 0.738281
-0.044922 1.703125
1.187500 0.486328
1.320312 0.416016
0.617188 -0.992188
1.453125 0.085449
-0.044678 1.562500
-1.515625 -0.929688
1.218750 -0.941406
0.718750 0.843750
1.195312 0.273438
0.671875 1.585938
-0.088867 0.992188
1.054688 0.353516
1.304688 0.695312
-0.773438 1.429688
0.187500 0.886719
1.265625 0.820312
0.482422 -1.257812
1.578125 0.275391
0.248047 0.863281
1.421875 0.824219
-1.164062 1.820312
-1.132812 -1.867188
1.609375 -0.292969
0.761719 -0.249023
0.574219 -0.820312
0.275391 -1.445312
1.445312 0.298828
0.558594 -0.519531
0.231445 -1.320312
-0.921875 -0.476562
-1.226562 -0.038086
-0.515625 1.054688
0.494141 1.007812
0.843750 0.617188
0.792969 -0.746094
1.109375 1.078125
-1.539062 0.949219
0.046875 -2.078125
1.320312 0.474609
0.601562 1.468750
1.054688 0.820312
0.871094 -0.113770
1.226562 1.507812
-2.046875 0.535156
-0.730469 -0.632812
-1.992188 -0.154297
0.753906 -1.929688
1.140625 1.046875
0.703125 -0.031494
1.070312 1.257812
-0.275391 1.132812
1.242188 0.957031
0.855469 -0.675781
0.679688 -0.863281
-0.972656 -0.660156
1.179688 -1.343750
0.734375 1.546875
-0.197266 0.656250
0.250000 1.156250
-1.476562 0.285156
-0.500000 0.550781
0.167969 1.523438
1.234375 0.361328
0.871094 1.078125
-1.304688 0.808594
-0.472656 -2.062500
1.476562 0.212891
-0.527344 1.539062
0.318359 0.468750
-0.656250 1.742188
-1.132812 -1.484375
1.593750 -0.455078
0.347656 1.039062
0.988281 0.112793
-0.226562 1.351562
-0.261719 0.921875
0.925781 0.890625
0.652344 1.234375
-0.691406 1.453125
0.328125 1.117188
0.808594 1.007812
1.304688 -0.382812
0.073730 -0.765625
1.171875 -1.000000
1.023438 0.679688
1.085938 -0.851562
0.239258 -1.031250
-1.109375 -0.750000
-1.054688 0.324219
-1.312500 0.824219
0.820312 0.917969
0.249023 0.328125
1.523438 -0.112305
0.322266 1.445312
0.531250 0.177734
-0.484375 1.765625
-1.398438 -0.894531
0.111328 -1.023438
-0.968750 -0.617188
-1.312500 -0.133789
-0.796875 -1.242188
-0.198242 -1.265625
-1.781250 -0.730469
-0.582031 0.431641
-1.351562 1.109375
-0.761719 -1.007812
-0.972656 -0.025146
-0.695312 -1.671875
1.984375 0.055664
-0.671875 1.882812
-0.878906 -0.871094
0.500000 -1.273438
-0.300781 -1.117188
-1.320312 -0.064453
-0.277344 -1.460938
1.773438 0.120605
0.695312 0.593750
1.046875 -0.328125
1.054688 -0.277344
0.816406 0.902344
1.125000 0.980469
1.242188 -0.757812
1.390625 0.378906
0.248047 0.933594
1.343750 0.757812
-0.878906 1.195312
0.201172 0.843750
-1.484375 1.078125
-0.211914 -1.828125
0.898438 -0.582031
-0.255859 -1.132812
-1.007812 -0.014221
-1.226562 0.632812
0.054688 1.757812
-1.500000 0.322266
-0.500000 -0.074219
-1.437500 0.210938
0.593750 -1.992188
1.390625 0.976562
-1.234375 0.722656
-0.515625 0.765625
0.667969 1.203125
0.057617 1.375000
-1.179688 0.914062
0.150391 0.914062
0.707031 1.132812
-0.933594 0.898438
-0.777344 0.554688
-1.585938 0.542969
-0.439453 -0.447266
-1.609375 -0.240234
0.480469 -1.765625
1.304688 0.890625
1.070312 0.318359
0.660156 -0.291016
1.523438 -1.039062
0.242188 1.679688
-1.343750 0.324219
-0.302734 0.539062
0.259766 1.125000
-0.601562 0.933594
-1.406250 -1.585938
1.390625 -0.519531
0.048096 1.226562
-1.203125 -0.064941
-0.492188 0.828125
-0.184570 1.054688
0.914062 0.640625
1.210938 -0.337891
0.644531 -0.322266
-0.121094 -1.515625
1.367188 -0.179688
0.667969 -0.605469
1.390625 0.363281
-1.156250 0.933594
-1.226562 -0.302734
-0.671875 1.273438
0.406250 1.187500
1.257812 0.574219
-0.628906 1.210938
-0.316406 0.710938
-1.187500 0.750000
-0.921875 -0.511719
-1.414062 0.476562
-0.431641 -1.523438
-0.437500 -0.367188
-1.218750 -0.376953
-0.707031 1.257812
0.416016 0.753906
0.357422 1.304688
-0.878906 0.671875
-0.345703 0.917969
-1.429688 -0.092285
-0.691406 -0.012634
-1.070312 -0.746094
0.421875 -1.171875
-0.980469 -0.421875
-1.398438 0.199219
-0.243164 -1.414062
-0.129883 -1.312500
-1.312500 -0.474609
-0.699219 0.546875
-1.250000 1.320312
-0.859375 -1.257812
1.257812 -0.466797
0.863281 -0.667969
-0.030273 -0.972656
0.231445 -1.570312
1.203125 1.218750
-0.726562 1.218750
0.824219 1.265625
-1.593750 0.859375
0.402344 -1.710938
-0.113281 -0.214844
1.031250 -1.515625
1.031250 0.081055
1.132812 -0.699219
0.855469 1.171875
0.355469 0.088379
0.984375 -0.171875
0.223633 -1.757812
-0.482422 -0.820312
-0.855469 -0.269531
-0.796875 0.664062
-0.949219 -1.218750
1.867188 -0.263672
0.675781 -0.316406
1.664062 -0.078125
-0.609375 1.750000
-1.421875 -0.351562
-0.953125 0.605469
-0.332031 1.289062
0.625000 0.396484
0.117188 1.382812
-1.476562 0.033936
-0.261719 -1.109375
-0.613281 -0.371094
-1.218750 0.296875
-0.949219 -1.062500
-0.217773 -1.187500
-1.109375 0.047607
-1.375000 -0.339844
0.243164 -1.132812
-0.925781 -1.039062
1.070312 -1.718750
0.785156 1.718750
0.404297 0.386719
0.115723 1.703125
-0.945312 0.306641
-0.730469 1.367188
-1.312500 -0.855469
-0.410156 -0.147461
-1.382812 -1.187500
1.859375 -0.034424
0.609375 0.906250
1.390625 0.095703
-0.199219 1.687500
-1.625000 -1.273438
1.382812 -0.781250
0.714844 -0.449219
0.490234 -0.953125
-0.582031 -1.234375
1.976562 -0.248047
-0.675781 1.367188
-1.195312 -1.390625
-0.574219 -0.079102
-1.218750 -1.320312
1.632812 -0.126953
0.312500 1.679688
-1.695312 -0.384766
0.558594 -1.414062
1.484375 1.195312
-1.656250 0.851562
-0.730469 0.148438
-0.707031 0.972656
-0.179688 1.484375
-1.367188 0.057373
0.388672 -1.750000
1.539062 1.250000
-1.070312 0.718750
-1.171875 -0.369141
-0.605469 0.839844
0.109375 1.070312
0.976562 0.710938
-0.458984 1.453125
-1.320312 -1.390625
0.035889 -0.447266
-0.929688 -1.398438
1.460938 -0.855469
-0.065430 -0.882812
1.835938 -0.005402
-0.660156 2.265625
-0.937500 -1.671875
-0.042725 -0.660156
-0.945312 -1.234375
1.203125 -0.531250
-0.033936 1.585938
-1.671875 -0.036865
0.445312 -1.632812
1.140625 1.101562
-0.304688 0.953125
1.031250 1.492188
-1.445312 0.886719
0.071289 -1.953125
-0.447266 -0.671875
0.539062 -1.382812
1.031250 0.044434
0.238281 -1.507812
-0.427734 -1.195312
-1.015625 -0.197266
-1.054688 0.765625
0.219727 0.910156
-0.402344 1.500000
-1.078125 -0.122070
-1.281250 0.875000
-1.187500 -1.078125
1.640625 -0.500000
-0.028931 1.640625
-1.476562 -0.449219
0.550781 -1.820312
1.242188 0.589844
-1.000000 1.398438
-0.769531 -1.429688
1.609375 -0.691406
-0.322266 1.570312
-0.431641 0.847656
0.056885 1.164062
0.921875 1.195312
-1.070312 1.156250
-0.992188 -1.226562
-0.230469 -0.742188
-1.132812 0.051514
-1.304688 0.110352
-0.585938 -1.359375
-1.226562 -0.464844
-1.070312 0.269531
-0.314453 0.824219
-1.593750 0.968750
-0.223633 -1.882812
1.507812 0.419922
-0.371094 1.367188
0.937500 0.482422
1.375000 0.016113
0.847656 -0.789062
1.406250 -0.617188
0.025024 1.617188
-1.820312 -0.230469
0.660156 -1.117188
1.578125 0.628906
-1.195312 1.234375
-0.656250 -1.164062
0.437500 -1.039062
-0.875000 -0.855469
-0.703125 -0.122559
-0.687500 1.171875
-1.351562 -0.925781
1.546875 -1.148438
0.703125 1.234375
-0.302734 0.839844
0.781250 1.054688
1.218750 0.265625
0.613281 -0.886719
-0.291016 -1.312500
-1.000000 0.072266
-0.812500 -1.226562
0.746094 -0.863281
0.119141 -1.531250
1.898438 0.203125
-0.550781 1.617188
-1.476562 -0.812500
0.589844 -1.031250
0.933594 1.546875
-1.492188 0.527344
-0.488281 -1.421875
-1.093750 -0.322266
-1.210938 0.165039
-0.257812 1.265625
0.621094 0.173828
1.023438 1.429688
-1.000000 0.781250
-0.031250 0.968750
-1.656250 0.234375
0.582031 -1.695312
0.945312 1.351562
-0.221680 0.621094
1.046875 0.294922
0.953125 -0.761719
0.096191 -1.359375
-0.425781 -1.062500
-1.031250 -0.128906
-0.261719 0.498047
-1.304688 1.187500
-0.980469 -1.414062
1.992188 -0.375000
0.134766 1.593750
0.769531 0.742188
-0.816406 1.359375
-1.164062 0.261719
-1.093750 1.078125
-1.031250 -0.917969
-1.437500 -0.022217
-0.478516 -1.375000
1.984375 0.675781
-0.906250 0.789062
-1.195312 0.474609
-0.384766 0.890625
0.175781 1.445312
-0.968750 0.691406
-0.757812 0.566406
0.053955 0.960938
-0.472656 1.437500
-1.328125 -0.859375
0.753906 -1.218750
-0.380859 -0.734375
-1.453125 -0.718750
-0.765625 0.757812
-1.859375 0.149414
0.691406 -1.343750
0.843750 0.511719
1.093750 -0.953125
0.808594 1.460938
0.644531 0.228516
0.648438 1.632812
-1.523438 -0.431641
-0.458984 -1.054688
-1.265625 -0.470703
1.375000 -0.859375
0.828125 1.835938
-1.554688 0.363281
-0.470703 -1.515625
1.695312 0.804688
-0.828125 1.609375
-1.140625 -0.023804
-0.687500 0.589844
-0.714844 1.101562
0.330078 1.101562
0.859375 -0.117188
1.015625 -0.707031
-0.027954 -0.734375
-0.730469 -0.980469
-1.429688 0.130859
-0.242188 0.851562
-1.679688 0.707031
0.196289 -1.671875
0.980469 -0.394531
0.609375 -1.132812
1.289062 0.710938
0.648438 -0.018433
1.234375 1.398438
-2.031250 0.478516
0.046143 -1.937500
1.414062 0.302734
-0.283203 1.250000
0.660156 1.296875
-0.863281 1.500000
-0.738281 -1.757812
2.015625 -0.273438
-0.197266 1.671875
-1.046875 -0.022583
-0.992188 1.078125
-1.398438 -1.101562
1.218750 -0.621094
0.980469 -0.310547
0.242188 -0.890625
0.066895 -1.500000
1.382812 0.020508
0.960938 -0.718750
1.523438 0.910156
0.162109 0.828125
1.382812 1.250000
-1.695312 0.468750
-0.490234 -1.140625
-1.289062 -0.433594
0.171875 -1.523438
1.640625 1.117188
-1.171875 0.707031
-0.542969 -0.500000
-1.023438 0.867188
-0.082031 0.574219
0.734375 0.843750
1.164062 -0.470703
1.898438 0.769531
-1.531250 0.980469
-0.466797 -0.769531
-1.570312 0.314453
-0.425781 -1.789062
1.734375 0.660156
0.106445 -0.210938
1.289062 0.968750
-0.210938 0.968750
1.250000 0.523438
0.664062 -0.269531
0.507812 -1.062500
-0.914062 -0.964844
0.925781 -1.265625
0.832031 -0.099121
1.265625 -0.957031
0.945312 1.132812
1.078125 -0.123047
0.800781 1.437500
-2.234375 -0.345703
1.234375 -1.460938
0.875000 -0.695312
1.179688 -1.203125
0.714844 1.343750
-1.328125 0.304688
-0.847656 0.617188
0.005463 1.250000
-0.470703 1.429688
-1.109375 0.140625
-0.921875 0.691406
-0.945312 -0.980469
-0.691406 -0.449219
-1.242188 0.863281
-0.820312 0.033447
-0.558594 -1.062500
-0.863281 0.253906
-1.085938 0.687500
0.115723 1.289062
-1.296875 0.640625
-0.396484 -1.835938
2.093750 0.198242
-0.750000 0.988281
-1.250000 -0.636719
-0.957031 0.605469
-0.609375 1.210938
0.957031 0.593750
-0.165039 1.593750
-0.507812 0.703125
-0.531250 1.359375
-1.679688 -0.675781
1.679688 -1.140625
0.449219 1.257812
-0.037109 0.796875
0.742188 0.378906
1.656250 0.041016
-0.710938 1.578125
-1.039062 -1.015625
-0.863281 0.507812
-1.179688 -1.093750
1.632812 -0.093750
1.023438 0.750000
0.625000 -0.601562
0.933594 -1.093750
1.367188 0.625000
0.839844 0.300781
0.726562 -0.832031
1.421875 -0.300781
0.184570 0.949219
1.695312 0.269531
-0.392578 1.914062
-1.203125 -1.070312
-0.785156 0.250000
-0.839844 -1.539062
0.149414 -0.691406
-0.341797 -1.390625
1.429688 -0.093750
0.324219 -0.910156
-0.341797 -1.437500
0.898438 -1.250000
0.498047 1.664062
-0.992188 0.925781
0.781250 0.824219
1.070312 0.400391
0.929688 -0.855469
1.648438 0.792969
-1.328125 1.070312
-0.255859 -1.453125
0.816406 -0.808594
-0.172852 -0.843750
-1.273438 -0.921875
0.380859 -1.156250
0.757812 -1.039062
-0.636719 -1.093750
-1.156250 0.080078
-0.843750 0.394531
-0.114258 1.375000
0.828125 0.757812
-0.051758 1.578125
-1.414062 -1.437500
0.125000 -1.164062
-1.062500 -0.437500
-1.125000 0.474609
-0.298828 1.109375
1.070312 0.457031
-0.656250 1.648438
-1.164062 -1.515625
-0.041016 -0.785156
-0.605469 -1.812500
1.367188 -0.443359
0.404297 -0.941406
1.632812 -0.421875
-0.808594 1.851562
-1.406250 -0.835938
1.679688 -0.789062
0.781250 0.976562
1.414062 0.239258
0.384766 1.656250
-1.875000 -0.609375
-0.566406 0.015991
-1.312500 -1.140625
1.148438 -0.960938
1.023438 1.226562
0.816406 0.027588
1.148438 -0.375000
-0.030029 -1.273438
-1.093750 -0.519531
-0.925781 -0.281250
-1.390625 0.742188
-0.917969 -1.218750
1.960938 -0.408203
0.168945 1.679688
-1.507812 0.218750
1.007812 -1.984375
1.085938 1.343750
-0.906250 1.281250
-0.101074 1.023438
-1.531250 0.609375
-1.031250 -0.224609
-0.742188 1.148438
0.445312 0.443359
1.281250 0.792969
-1.015625 1.039062
-0.867188 -1.203125
1.664062 -0.255859
-0.402344 1.781250
-0.902344 0.470703
0.503906 1.218750
0.769531 0.447266
1.265625 -0.550781
0.519531 -1.179688
1.164062 -0.425781
0.929688 0.425781
0.855469 -0.875000
0.431641 -0.972656
-0.945312 -1.429688
1.132812 -1.210938
0.582031 1.421875
-0.084961 0.945312
0.527344 0.746094
1.593750 -0.050049
-0.609375 1.789062
-1.585938 -1.218750
1.546875 -1.031250
0.271484 -0.640625
1.445312 -0.066406
0.742188 0.375000
1.609375 0.486328
-0.034912 1.382812
0.605469 0.988281
1.070312 0.621094
0.660156 1.117188
-0.359375 0.660156
0.053711 1.578125
-1.609375 -0.601562
0.953125 -1.312500
1.218750 1.179688
-1.445312 0.886719
-0.714844 -1.117188
1.484375 -0.769531
-0.229492 1.468750
-1.703125 -0.116211
0.601562 -1.570312
1.406250 1.062500
-1.687500 1.007812
-0.734375 -0.339844
-1.703125 0.392578
-0.022827 -1.601562
1.390625 0.390625
0.675781 -0.664062
1.406250 1.343750
0.038818 0.593750
0.750000 1.500000
-1.328125 0.197266
0.208984 0.980469
-1.484375 0.058350
0.699219 -1.625000
0.691406 -0.734375
-0.945312 -1.070312
-1.054688 0.091797
-1.609375 0.341797
0.013306 -1.585938
1.562500 0.648438
0.882812 0.038574
0.703125 -0.625000
1.101562 -0.769531
1.445312 1.070312
0.675781 -0.492188
0.562500 -1.023438
-1.085938 -0.996094
0.863281 -1.531250
0.914062 -0.298828
1.265625 -1.015625
1.093750 1.468750
-1.281250 0.554688
-0.292969 0.894531
-2.031250 0.192383
0.742188 -1.804688
0.992188 1.062500
-0.314453 0.828125
0.408203 1.359375
-1.265625 0.349609
-0.625000 0.617188
-1.718750 0.086914
0.914062 -1.546875
0.992188 0.068848
0.707031 -0.886719
-0.445312 -0.867188
-1.218750 -0.796875
-1.007812 0.773438
0.075195 0.898438
-0.263672 1.539062
-1.242188 -1.140625
1.187500 -1.125000
0.330078 1.335938
0.703125 0.221680
0.333984 1.625000
-0.843750 0.792969
0.546875 1.312500
0.820312 0.130859
1.515625 -0.625000
0.535156 1.273438
0.929688 0.235352
-0.231445 1.593750
-0.781250 0.453125
-0.578125 1.546875
-1.203125 -0.722656
0.957031 -1.195312
0.332031 -0.855469
-0.539062 -0.765625
-0.761719 -1.492188
1.781250 0.574219
-0.902344 1.320312
-0.792969 -0.601562
-1.023438 0.080078
-1.289062 -1.140625
1.664062 -0.394531
-0.118652 1.984375
-1.429688 -0.281250
0.453125 -1.421875
-0.605469 -0.742188
-0.941406 -0.287109
-0.867188 1.250000
0.289062 0.628906
0.359375 1.789062
-1.492188 -0.656250
0.847656 -1.210938
-0.832031 -0.914062
1.312500 -1.437500
0.263672 1.812500
-0.211914 0.589844
0.253906 0.898438
1.234375 0.628906
-0.671875 1.515625
-1.218750 -1.023438
1.085938 -0.695312
0.816406 -0.404297
0.337891 -1.070312
0.199219 -1.132812
1.406250 -0.145508
0.722656 -0.578125
0.310547 -1.156250
-1.312500 -0.847656
-0.294922 -1.125000
0.648438 -0.816406
-0.648438 -0.941406
-1.023438 -0.558594
-1.093750 0.945312
-1.523438 -0.878906
1.398438 -0.777344
0.699219 0.687500
1.789062 -0.431641
0.160156 1.875000
-1.453125 -0.601562
-1.031250 0.691406
-2.031250 -0.781250
1.414062 -0.789062
0.867188 1.750000
-1.789062 0.235352
0.245117 -1.132812
-0.773438 -0.566406
0.251953 -1.632812
1.820312 1.476562
-1.539062 0.781250
-0.843750 -0.314453
-1.179688 -0.110840
0.103516 -1.234375
-0.149414 -1.015625
-0.937500 0.134766
-1.273438 -0.785156
1.578125 -0.964844
0.824219 0.980469
0.972656 -0.098633
0.277344 1.617188
-0.451172 0.828125
1.515625 0.667969
0.593750 -0.376953
1.281250 -0.445312
0.695312 0.859375
1.195312 0.248047
0.178711 1.539062
0.142578 0.843750
-0.578125 1.562500
-1.109375 0.119629
-1.179688 0.882812
-1.031250 -1.507812
1.710938 -0.166016
0.408203 -0.785156
2.093750 0.593750
-0.953125 1.414062
-0.765625 -0.287109
-1.304688 0.832031
-0.910156 -1.148438
-0.660156 -0.421875
-1.421875 0.482422
-0.063477 0.976562
-0.878906 1.726562
-1.257812 -1.179688
0.816406 -1.218750
0.232422 -0.843750
-0.859375 -0.941406
0.093750 -1.453125
0.269531 -0.660156
0.910156 -0.980469
1.109375 0.400391
0.898438 -0.068359
0.640625 0.929688
-0.136719 0.804688
1.632812 0.042480
0.613281 -0.566406
1.093750 -1.523438
1.304688 0.498047
1.281250 -0.318359
0.718750 1.218750
-2.062500 0.710938
0.154297 -1.843750
1.476562 0.820312
-0.435547 0.796875
0.828125 1.171875
-0.988281 0.835938
-0.500000 0.773438
-1.062500 0.480469
-1.015625 -0.992188
-1.273438 0.503906
-0.765625 1.312500
-1.562500 -0.593750
1.648438 -1.148438
0.092285 1.296875
-0.244141 0.687500
0.843750 0.878906
1.101562 0.824219
-0.578125 1.304688
0.007782 0.812500
-1.109375 1.000000
-0.875000 -0.181641
-0.443359 0.828125
0.135742 0.796875
1.000000 0.045410
0.917969 -0.566406
0.045166 -1.296875
0.757812 -1.078125
0.914062 0.238281
0.730469 -1.515625
-0.269531 -0.968750
-0.992188 -0.511719
-0.968750 0.656250
-0.040527 1.023438
-0.890625 0.738281
-1.007812 -1.585938
2.093750 -0.257812
-0.027100 1.375000
-1.539062 -0.582031
-0.769531 0.375000
-1.023438 0.968750
0.812500 1.046875
0.921875 0.200195
1.750000 0.267578
-0.149414 1.406250
0.585938 0.605469
-0.116699 1.742188
-1.273438 -1.250000
1.546875 -0.566406
1.171875 1.023438
0.871094 -0.500000
0.494141 -0.964844
-0.542969 -0.937500
0.625000 -1.390625
1.187500 1.226562
-0.310547 1.007812
0.933594 0.996094
0.957031 0.061035
0.773438 -0.738281
-0.617188 -1.140625
-0.652344 -0.398438
-1.898438 -1.015625
1.367188 -0.640625
0.839844 1.125000
1.031250 0.298828
0.535156 1.445312
-1.914062 -0.367188
1.070312 -1.273438
0.769531 0.882812
-0.691406 0.980469
0.275391 0.761719
1.437500 0.519531
0.093262 0.972656
-0.468750 0.730469
1.132812 1.421875
1.179688 -0.196289
0.761719 -0.585938
-0.203125 -1.460938
1.343750 -0.291016
-0.043701 1.515625
-0.957031 0.597656
0.163086 1.664062
0.941406 -0.490234
0.816406 -0.562500
0.029663 -1.351562
1.343750 -0.110352
0.279297 0.388672
1.968750 -0.030029
-1.179688 1.351562
-0.910156 -0.789062
-1.335938 0.593750
-0.859375 -1.406250
-0.480469 -0.478516
-0.071777 -1.296875
1.039062 -0.589844
-0.100586 -1.062500
-0.800781 -1.007812
1.140625 -0.933594
0.753906 1.648438
-0.103027 0.933594
1.507812 0.476562
0.648438 -0.617188
0.964844 -1.187500
1.250000 0.734375
1.093750 -0.253906
0.675781 1.421875
-0.451172 0.871094
1.125000 1.265625
0.703125 -0.076172
0.660156 -1.132812
-0.437500 -1.062500
1.281250 -0.984375
0.753906 1.335938
-1.851562 0.116699
0.335938 -1.304688
1.453125 -0.414062
0.765625 -1.093750
0.141602 -1.187500
-1.195312 -0.695312
-0.605469 0.660156
-1.445312 0.051514
-0.527344 -1.125000
-1.406250 -0.029785
0.500000 -1.632812
1.328125 1.695312
-1.570312 0.439453
-0.925781 0.051514
-1.523438 0.357422
-0.306641 -1.632812
1.804688 0.396484
-1.109375 1.773438
-1.070312 -1.304688
-0.490234 -0.789062
-0.462891 -1.398438
1.265625 -0.875000
-0.402344 -1.117188
-0.722656 -0.902344
-0.968750 0.667969
-1.335938 -0.808594
1.250000 -1.039062
0.660156 0.369141
1.539062 -0.196289
-0.263672 1.742188
-1.281250 -0.218750
-0.906250 -0.141602
-0.750000 0.980469
-0.886719 1.203125
-0.851562 -1.468750
1.703125 -0.216797
-0.202148 1.453125
-1.257812 -0.808594
-1.156250 -0.457031
-1.117188 0.847656
-1.140625 0.894531
-1.179688 -1.203125
-0.996094 0.515625
-0.605469 1.117188
0.601562 1.304688
-1.015625 1.203125
-0.882812 -0.203125
-0.203125 0.609375
0.671875 1.375000
-1.718750 0.367188
0.085449 -1.703125
1.726562 0.914062
1.015625 0.166992
0.449219 -0.271484
1.351562 -0.660156
0.847656 1.054688
0.890625 0.253906
0.158203 1.757812
-1.382812 -0.980469
0.011658 -0.882812
-1.585938 -0.096191
-0.882812 0.863281
0.023071 1.132812
1.414062 0.378906
-0.144531 1.281250
-0.136719 0.664062
-0.832031 1.304688
-1.070312 -0.306641
-1.109375 0.566406
-0.832031 -1.867188
-0.439453 -0.287109
-0.531250 -1.859375
1.632812 0.808594
-0.059570 1.179688
1.046875 0.419922
1.195312 -0.306641
0.351562 -1.515625
-0.695312 -0.648438
-0.005493 -1.437500
1.742188 0.298828
-0.859375 1.445312
-1.000000 -1.007812
1.101562 -0.812500
0.804688 1.281250
-1.789062 0.550781
0.285156 -1.859375
1.406250 0.753906
-0.361328 1.257812
0.613281 1.265625
-0.875000 0.757812
-0.742188 0.757812
0.016968 0.707031
-0.005005 1.375000
-1.773438 -0.730469
0.578125 -1.632812
-0.835938 -0.878906
-1.156250 -0.621094
-0.890625 0.578125
0.028198 0.890625
0.585938 1.015625
1.179688 0.054688
0.699219 -1.234375
-0.337891 -1.281250
-1.085938 -0.582031
-1.218750 0.574219
-0.621094 0.851562
0.546875 0.835938
0.894531 0.179688
0.875000 -0.408203
0.070801 -1.296875
-1.070312 -1.171875
-1.148438 0.001846
-0.408203 1.273438
0.253906 0.925781
1.375000 0.488281
-0.339844 1.414062
-0.523438 1.023438
0.828125 0.691406
0.216797 1.609375
-0.734375 0.871094
-0.304688 1.515625
-1.546875 -0.320312
-1.007812 0.118164
-1.250000 -0.558594
0.056641 -1.367188
-1.289062 0.013611
-0.953125 0.574219
-0.902344 1.382812
-1.492188 -0.318359
-0.750000 0.369141
-0.941406 0.960938
0.562500 1.007812
0.578125 0.308594
1.703125 0.139648
0.192383 1.898438
0.578125 0.283203
-0.539062 1.648438
-0.781250 -1.570312
0.351562 -0.761719
-0.718750 -1.656250
1.468750 -0.158203
0.457031 -0.750000
1.632812 0.347656
0.441406 0.460938
2.000000 0.984375
-1.421875 1.101562
-0.335938 -1.171875
-1.312500 0.507812
-0.025635 -1.773438
2.062500 0.707031
0.531250 0.406250
1.273438 1.015625
-1.429688 1.046875
-0.558594 -1.304688
1.523438 0.123047
-0.099609 1.757812
-1.578125 -0.462891
0.992188 -1.000000
0.992188 0.347656
1.226562 -0.910156
0.582031 1.601562
-1.515625 0.714844
-0.011658 -1.531250
1.664062 0.273438
-1.078125 1.507812
-1.250000 -1.250000
1.140625 -0.703125
-0.225586 -1.328125
1.617188 -0.625000
-0.097656 1.843750
-1.289062 -0.691406
0.539062 -1.289062
1.265625 1.226562
-1.664062 0.691406
-0.296875 -1.710938
-0.300781 -0.515625
-0.558594 -1.601562
1.773438 0.441406
-1.085938 0.980469
-1.273438 -0.796875
-1.085938 0.084473
-0.566406 1.039062
-1.484375 0.353516
0.396484 -1.859375
0.738281 0.076172
0.871094 -1.125000
1.492188 0.785156
0.890625 0.062500
1.132812 -0.832031
0.040771 -1.460938
-0.871094 -0.388672
-1.203125 -0.472656
0.292969 -1.453125
-0.445312 -0.847656
-1.148438 -0.439453
-0.878906 -1.250000
1.859375 -0.001579
-0.621094 1.523438
-1.125000 0.369141
-0.437500 0.917969
0.330078 0.878906
-1.382812 0.968750
-0.148438 -1.390625
0.839844 -0.726562
-0.621094 -0.984375
-0.980469 0.141602
-1.125000 0.707031
0.222656 1.289062
0.843750 0.824219
0.894531 -0.237305
1.539062 -0.143555
0.527344 1.109375
1.257812 0.480469
1.484375 -0.582031
0.109863 -1.328125
1.250000 -0.298828
1.210938 0.320312
0.539062 -0.703125
0.585938 -1.429688
1.203125 -0.033203
0.757812 -0.083984
0.636719 -1.335938
-0.212891 -0.449219
-0.333984 -1.195312
1.000000 -1.460938
0.169922 -1.070312
1.445312 0.304688
0.890625 -0.092285
0.875000 -1.187500
-0.582031 -1.085938
-0.707031 -1.703125
1.890625 -0.267578
-0.179688 2.203125
-1.875000 -0.546875
0.625000 -1.328125
0.949219 1.242188
-1.234375 1.273438
-0.515625 -1.546875
1.375000 -0.140625
-0.437500 1.421875
0.067383 0.734375
0.812500 0.423828
0.777344 1.171875
-0.363281 0.455078
0.519531 1.398438
-1.335938 0.220703
-0.410156 0.582031
-1.734375 -0.341797
0.671875 -1.507812
0.812500 1.273438
-1.007812 1.125000
0.271484 0.914062
1.250000 0.679688
0.765625 -0.996094
1.570312 0.597656
0.404297 0.867188
1.398438 0.789062
-1.382812 0.800781
-0.478516 -1.343750
-0.957031 -0.392578
-0.847656 0.527344
-0.964844 -0.898438
-0.419922 -0.828125
-0.960938 -1.125000
0.871094 -1.085938
0.090820 -0.835938
1.585938 -0.158203
0.285156 0.224609
1.765625 -0.078125
-0.828125 1.718750
-1.148438 -1.421875
1.062500 -0.796875
0.412109 1.875000
-1.664062 -0.230469
-0.498047 -0.166016
-1.820312 -0.679688
-0.125000 -1.242188
-0.597656 -0.832031
-1.367188 0.253906
-0.515625 -1.242188
1.820312 0.198242
0.617188 0.482422
1.937500 0.683594
-0.632812 1.179688
0.820312 0.785156
-1.375000 1.398438
-0.173828 -2.250000
-0.291016 -0.687500
-0.085938 -1.281250
1.281250 -0.574219
0.310547 -0.710938
-0.691406 -1.453125
1.187500 -0.796875
0.359375 -0.628906
1.781250 -0.796875
-0.746094 1.820312
-1.375000 0.185547
-1.140625 1.195312
-1.507812 -1.007812
1.664062 -0.388672
0.703125 0.173828
0.416016 -1.500000
-0.191406 -0.390625
-1.617188 -0.687500
0.675781 -1.171875
-0.209961 -0.878906
1.281250 -0.933594
0.458984 1.625000
-0.687500 0.867188
0.718750 1.093750
0.699219 0.314453
1.218750 -0.921875
0.886719 1.140625
0.421875 0.263672
0.820312 1.484375
-1.882812 -0.200195
-0.408203 -1.312500
-0.734375 -0.414062
-1.101562 0.217773
-1.140625 -1.031250
-0.117676 -1.062500
-1.148438 -1.210938
1.820312 -0.279297
-0.296875 1.648438
-1.335938 -0.859375
-0.816406 0.277344
-1.398438 -0.781250
1.078125 -0.988281
0.781250 0.792969
1.289062 -0.304688
0.617188 -1.132812
-0.527344 -0.800781
-1.187500 -0.417969
-0.828125 1.070312
-0.195312 1.140625
0.921875 1.531250
-1.695312 0.017456
0.355469 -1.718750
-0.392578 -0.531250
0.734375 -1.492188
0.917969 1.445312
-0.416016 1.210938
0.507812 1.281250
1.664062 0.216797
0.019165 1.710938
-1.828125 -0.839844
-0.718750 -0.539062
-1.710938 -1.273438
1.835938 -0.910156
0.617188 1.351562
1.382812 0.335938
-0.088867 1.820312
-1.343750 -0.835938
-0.296875 -1.148438
-1.187500 -0.138672
-1.601562 0.562500
-0.437500 -1.242188
-1.359375 -0.333984
-0.361328 -1.820312
1.710938 0.400391
-0.055176 1.210938
1.335938 0.127930
0.765625 -0.410156
0.367188 -1.187500
-0.933594 -0.492188
-0.015503 -1.773438
1.585938 0.773438
-0.710938 1.359375
-0.855469 -1.343750
1.976562 -0.339844
0.546875 1.875000
0.320312 0.425781
0.059814 1.781250
-1.664062 -0.875000
0.265625 -1.125000
-0.863281 -0.992188
1.296875 -1.070312
0.330078 1.632812
-1.648438 0.027466
0.447266 -1.203125
1.460938 0.507812
-0.992188 1.351562
-1.062500 -1.539062
1.351562 -0.953125
0.332031 1.554688
-0.062256 0.925781
0.894531 0.386719
1.492188 0.582031
-0.605469 1.523438
-1.351562 -1.234375
1.109375 -0.859375
0.349609 1.531250
-1.500000 0.238281
0.466797 -1.453125
1.203125 -0.004181
0.190430 -0.789062
-0.167969 -1.000000
-1.359375 -0.457031
-0.593750 0.503906
-1.390625 0.365234
0.322266 -1.531250
1.906250 0.546875
-0.617188 0.746094
0.235352 1.195312
-1.390625 1.445312
-0.816406 -1.289062
1.898438 -0.017090
-0.371094 1.546875
-1.046875 0.351562
-0.871094 0.298828
-0.194336 0.964844
-1.359375 1.140625
-0.112793 -1.703125
0.664062 -0.574219
0.523438 -1.390625
1.859375 0.566406
1.015625 -0.206055
1.335938 1.085938
-0.005646 0.613281
0.585938 1.492188
-1.843750 0.515625
0.224609 -1.656250
1.531250 0.617188
-0.695312 1.195312
-0.964844 -1.023438
1.625000 -1.093750
0.468750 1.593750
-1.812500 0.018311
0.488281 -1.632812
-0.570312 -0.972656
0.718750 -1.757812
1.351562 1.468750
-1.812500 0.570312
-0.601562 -0.941406
-1.484375 -0.245117
0.053955 -1.960938
1.710938 0.597656
-1.132812 1.710938
-0.695312 -1.875000
0.166992 -0.773438
-0.118164 -1.492188
1.539062 -0.498047
0.316406 -0.781250
1.820312 0.294922
-1.218750 1.257812
-1.234375 0.208984
-0.357422 0.722656
-0.061279 1.234375
-1.210938 0.263672
-0.921875 0.593750
0.006897 1.148438
-0.289062 1.031250
-1.460938 -1.343750
1.390625 -1.117188
0.343750 1.265625
1.335938 0.279297
-0.648438 1.484375
0.111328 0.490234
-0.808594 0.843750
-1.289062 -0.750000
-0.605469 0.835938
-0.330078 1.179688
0.933594 0.574219
0.216797 1.601562
-1.671875 -0.593750
1.242188 -0.914062
0.875000 0.359375
1.179688 -0.474609
0.718750 1.289062
0.554688 1.070312
1.078125 -0.160156
1.164062 0.378906
-0.121582 1.453125
0.796875 0.652344
1.406250 0.070801
0.240234 -1.164062
1.398438 -0.083496
-0.236328 2.359375
-1.351562 -0.710938
1.148438 -1.140625
0.839844 0.921875
0.910156 0.179688
0.550781 -0.863281
1.585938 -0.143555
0.769531 0.298828
1.710938 0.558594
-0.357422 1.179688
0.335938 0.917969
1.351562 0.335938
0.808594 1.046875
-2.046875 0.176758
0.781250 -1.382812
1.046875 0.136719
0.640625 -1.085938
1.234375 1.125000
-1.140625 0.605469
-0.839844 -0.005371
-0.427734 1.445312
0.574219 0.636719
1.148438 0.816406
-0.593750 1.203125
0.245117 0.707031
-1.453125 0.917969
0.152344 -1.843750
0.419922 -1.015625
-0.189453 -0.937500
-0.796875 -0.746094
0.660156 -1.414062
1.148438 1.257812
0.217773 0.500000
1.492188 0.211914
0.832031 -0.820312
-0.164062 -1.210938
-0.847656 -0.376953
-1.101562 0.535156
-0.527344 1.687500
0.308594 0.476562
0.859375 1.710938
-2.000000 -0.180664
0.523438 -1.617188
1.546875 0.435547
0.996094 0.069336
0.593750 -0.925781
1.101562 -0.460938
1.070312 0.437500
0.828125 -0.835938
0.353516 -1.093750
-0.625000 -1.453125
-1.335938 0.117676
-0.147461 0.482422
-1.398438 0.582031
-0.613281 -0.980469
-1.000000 -0.092285
-0.089355 -1.375000
0.125977 -0.636719
0.656250 -2.156250
1.390625 1.625000
-1.750000 0.375000
-0.484375 -1.039062
-1.343750 0.062256
0.500000 -1.726562
1.390625 0.734375
0.390625 0.871094
1.500000 -0.186523
0.498047 -1.023438
-0.304688 -1.179688
-1.250000 -0.656250
-0.145508 -1.546875
1.312500 1.046875
0.625000 0.890625
1.062500 1.218750
-0.527344 1.398438
0.570312 0.742188
1.140625 0.667969
-0.050049 1.031250
-0.570312 0.859375
0.707031 1.179688
1.390625 0.267578
1.187500 -0.851562
0.232422 -1.250000
-0.980469 -0.789062
0.261719 -1.187500
0.656250 -0.500000
0.636719 -1.437500
1.234375 1.398438
-1.703125 0.613281
-0.250000 -1.281250
-0.304688 -0.710938
-1.531250 0.073242
-0.380859 0.933594
-0.867188 0.804688
-1.039062 -0.539062
-1.265625 0.117676
-0.757812 1.218750
-1.632812 0.157227
-0.722656 -0.515625
-1.632812 -0.419922
0.792969 -1.500000
0.730469 1.359375
-1.429688 0.400391
-0.722656 0.515625
0.287109 1.359375
1.007812 0.302734
1.515625 1.148438
0.010925 0.882812
0.498047 1.476562
-1.429688 0.894531
-0.439453 0.703125
-1.312500 0.367188
-0.158203 -0.859375
-1.414062 -0.332031
1.171875 -1.359375
0.976562 1.375000
0.953125 0.365234
0.462891 1.757812
-0.750000 0.808594
0.597656 1.007812
0.832031 1.000000
-0.667969 1.296875
0.147461 0.988281
1.148438 1.421875
0.980469 -0.414062
1.367188 0.101562
0.609375 1.281250
1.109375 0.133789
1.031250 0.025513
-0.059082 -1.343750
1.132812 -0.613281
0.423828 0.019897
1.585938 -0.369141
-0.117188 1.531250
-1.703125 -0.816406
1.343750 -1.304688
0.494141 1.500000
0.182617 1.023438
1.320312 0.433594
0.980469 -1.070312
0.492188 -0.796875
-0.976562 -1.023438
0.906250 -1.203125
0.609375 -0.566406
1.234375 -0.613281
0.917969 0.660156
0.808594 -1.140625
0.351562 -0.886719
-0.875000 -1.156250
0.734375 -1.125000
1.093750 -0.558594
-0.235352 -1.570312
-0.402344 -0.660156
-1.546875 -0.390625
0.730469 -1.500000
-0.269531 -0.585938
1.101562 -1.570312
0.812500 1.406250
-0.687500 1.078125
0.875000 0.742188
1.125000 0.244141
1.125000 -1.234375
1.445312 0.494141
-1.015625 1.531250
-0.878906 -1.695312
1.218750 -0.566406
0.683594 1.187500
0.828125 0.224609
1.304688 -0.558594
0.000299 -1.164062
0.601562 -1.335938
1.367188 0.941406
-1.632812 0.703125
-0.585938 -1.617188
1.820312 -0.059570
-0.326172 1.601562
-1.078125 -0.753906
-0.386719 -0.835938
-1.375000 -0.110352
-0.898438 0.597656
0.157227 1.335938
1.046875 0.492188
1.171875 -0.168945
0.455078 -0.980469
-0.251953 -0.757812
-1.343750 -1.492188
1.062500 -0.789062
0.441406 1.484375
0.468750 0.406250
-0.412109 1.546875
-0.527344 0.519531
-1.132812 1.070312
-1.304688 -0.402344
-0.609375 0.322266
-0.458984 0.757812
-1.414062 0.283203
0.523438 -1.812500
0.882812 -0.494141
0.294922 -1.117188
-0.804688 -1.156250
1.375000 -0.972656
0.718750 1.890625
-1.984375 -0.345703
-0.781250 -0.695312
-0.800781 0.431641
-1.101562 1.164062
-1.015625 -0.503906
-0.847656 -0.281250
-1.093750 0.679688
0.097656 1.460938
0.640625 0.953125
1.437500 -0.121094
0.365234 -0.812500
0.034912 -0.953125
-1.375000 -0.103516
-0.730469 -1.523438
1.562500 0.060303
0.188477 0.917969
1.703125 0.332031
-0.750000 1.648438
-1.187500 -1.062500
1.851562 -0.218750
0.671875 -0.429688
1.265625 0.026611
0.335938 1.414062
1.296875 0.244141
0.894531 -0.404297
0.078125 -1.234375
-0.695312 -1.210938
-1.414062 0.257812
-0.441406 0.539062
-0.878906 1.664062
-1.382812 0.017090
-1.109375 0.382812
-1.070312 -1.117188
1.289062 -0.511719
1.195312 0.535156
0.980469 -0.949219
0.216797 -0.882812
-0.914062 -0.871094
0.687500 -0.941406
0.738281 1.335938
-0.088867 0.835938
1.546875 0.365234
1.023438 -0.476562
0.079102 -0.937500
-0.601562 -0.988281
-1.156250 0.636719
-1.242188 -1.039062
1.539062 -0.746094
1.328125 1.093750
1.007812 -0.486328
0.820312 -0.714844
-0.542969 -1.382812
0.562500 -1.382812
0.996094 1.398438
-1.453125 0.730469
-0.161133 -1.304688
1.718750 -0.169922
-0.427734 1.601562
-1.507812 -1.351562
1.132812 -1.007812
0.875000 0.026611
0.083496 -1.406250
-0.068848 -0.703125
-1.390625 -0.503906
0.490234 -1.328125
0.121094 -0.617188
0.855469 -1.078125
0.738281 0.025391
1.125000 -0.386719
0.166016 1.195312
0.800781 0.482422
-0.170898 1.468750
-0.490234 1.031250
0.373047 0.847656
0.941406 1.046875
-1.757812 1.085938
0.136719 -1.820312
1.328125 0.208984
0.714844 -0.519531
1.453125 0.466797
0.197266 0.992188
1.351562 0.402344
0.871094 -0.105957
0.020264 -1.648438
1.140625 0.161133
-0.617188 1.765625
-0.773438 0.199219
0.045410 1.460938
0.960938 0.570312
1.015625 -0.335938
0.248047 -1.273438
1.781250 -0.318359
-0.539062 1.445312
-1.070312 0.742188
-0.275391 0.996094
0.656250 0.832031
-0.992188 0.937500
-0.933594 1.062500
0.398438 1.179688
-0.478516 1.179688
-1.156250 0.265625
-0.375000 1.070312
-1.234375 -1.187500
2.031250 -0.996094
0.184570 1.726562
0.152344 0.449219
-0.053955 1.984375
-1.593750 -1.023438
1.492188 -1.359375
0.515625 1.468750
1.101562 -0.016113
0.249023 1.750000
-0.314453 0.589844
0.044189 0.964844
-1.179688 -0.158203
-0.910156 0.675781
-1.226562 -0.726562
-0.371094 -0.640625
-1.492188 0.095703
0.056885 1.085938
-0.380859 1.031250
-1.429688 -0.032227
-0.902344 0.400391
-0.154297 1.390625
-1.203125 0.496094
-1.296875 -0.279297
-0.722656 0.597656
-0.664062 1.531250
-1.445312 -0.515625
-0.949219 0.562500
-1.218750 -1.039062
1.835938 -0.455078
0.578125 0.494141
1.523438 -0.375000
0.041992 1.320312
-1.257812 -0.746094
1.257812 -1.289062
1.210938 1.023438
-1.789062 0.703125
-0.034424 -1.601562
1.046875 -0.640625
0.125000 -1.132812
-0.796875 -1.125000
0.628906 -0.898438
0.824219 0.022827
0.022705 -1.304688
-0.699219 -0.566406
-1.265625 -0.151367
-0.574219 1.140625
-1.406250 -0.695312
0.882812 -1.390625
0.753906 1.398438
-1.460938 0.984375
-0.158203 -1.789062
1.414062 0.168945
-0.163086 1.375000
-0.152344 1.031250
0.914062 0.562500
0.687500 1.210938
-0.664062 1.046875
0.210938 1.140625
1.210938 0.382812
0.103027 1.328125
-1.656250 -0.345703
1.453125 -1.851562
0.326172 1.632812
-0.722656 0.542969
0.125000 1.273438
-1.250000 -0.010315
-0.824219 0.177734
-1.265625 -0.718750
-0.523438 -1.296875
-0.906250 0.016968
-1.398438 0.185547
-0.593750 -1.273438
1.507812 -0.310547
0.992188 -0.049316
0.718750 -1.625000
-0.503906 -0.871094
-0.718750 -1.015625
1.492188 -0.439453
0.106934 1.765625
0.361328 0.753906
1.585938 0.507812
0.886719 -1.242188
-0.250000 -1.078125
-1.195312 -1.429688
1.218750 -0.546875
0.306641 -1.046875
-0.664062 -1.093750
-0.064941 -1.343750
1.773438 0.664062
-1.023438 1.234375
-0.695312 -1.476562
1.476562 -0.796875
0.470703 -0.652344
-0.168945 -1.406250
-0.988281 -0.167969
-0.800781 -0.578125
0.021973 -1.546875
-0.652344 -0.761719
-1.382812 -0.312500
-0.302734 -1.265625
0.476562 -1.171875
-1.351562 -0.906250
-0.345703 0.243164
-1.585938 0.984375
-0.660156 -0.894531
-1.078125 -0.453125
-0.494141 -1.343750
0.369141 -0.605469
0.181641 -1.945312
1.226562 0.714844
-0.960938 1.218750
0.341797 0.882812
-1.523438 0.820312
-0.419922 -1.617188
1.617188 0.147461
-0.498047 1.695312
-1.195312 -0.240234
-0.898438 0.484375
-1.414062 -1.132812
1.781250 -0.257812
0.341797 0.316406
1.867188 0.345703
-0.617188 1.460938
-1.515625 -0.083984
-0.710938 0.574219
-0.480469 1.054688
-1.015625 1.250000
-0.431641 -1.898438
1.593750 0.296875
-0.253906 1.359375
0.875000 0.546875
-1.031250 1.656250
-1.023438 -1.398438
1.289062 -0.230469
