-0.05375000 -0.07031248
-0.05588057 -0.04817291
-0.1048020 -0.05725934
0.03547845 -0.1247593
-0.07592812 -0.1347837
0.1626486 -0.1521550
0.1359875 -0.001951722
0.07311767 -0.2463673
-0.2549929 -0.1484662
-0.1958287 -0.02908361
-0.2833267 0.2266613
-0.4115210 -0.4418170
0.5004528 -0.1535480
0.2492798 -0.2556308
0.2444764 -0.5874468
-0.03600684 -0.4833124
0.8184375 0.3016408
-0.7176466 0.8456346
-0.7970166 -0.8314553
0.9997725 -0.2288954
0.5873716 -0.09300070
1.525511 -0.1293429
-0.5811336 1.267927
-1.072269 -0.2501959
-0.7334506 0.4698143
-1.280407 -1.000537
1.268404 -0.1639553
0.7609804 -0.06926377
0.6521183 -0.6860442
0.4288342 -1.033797
1.827453 0.3368402
0.9938876 -0.2513949
0.6250000 -1.250000
-0.4813534 -0.9276287
-1.029878 -0.6581925
-1.095059 0.9801925
-0.5239567 0.8820558
0.8053084 0.9826241
-0.9368897 1.239577
-0.9095783 -1.371364
0.04900971 -0.7165510
-0.6888517 -0.6173674
-0.6836864 0.09284133
-0.3518137 0.6947579
0.3859869 0.5454170
0.8787477 0.3012475
0.08486775 -0.3247105
0.7085052 -0.1148463
0.4682815 0.4788283
0.6109071 0.1362944
-0.1257558 0.7035288
0.06351079 0.2842109
-0.3511701 0.5175136
-0.3938482 -0.5276554
0.4577669 -0.1555519
0.1027615 0.3897186
-0.4529479 -0.02768010
0.1130983 -0.2766228
0.1556780 0.1796758
0.1023112 0.08447228
0.1028849 -0.01095119
0.1489315 -0.08733152
0.04303128 0.1443630
-0.1586493 -0.005580016